-1 0.0384615
-0.9996 0.0384922
-0.9992 0.0385229
-0.9988 0.0385536
-0.9984 0.0385843
-0.998 0.0386151
-0.9976 0.0386459
-0.997199 0.0386767
-0.996799 0.0387076
-0.996399 0.0387385
-0.995999 0.0387695
-0.995599 0.0388004
-0.995199 0.0388314
-0.994799 0.0388625
-0.994399 0.0388935
-0.993999 0.0389246
-0.993599 0.0389558
-0.993199 0.0389869
-0.992799 0.0390181
-0.992398 0.0390494
-0.991998 0.0390806
-0.991598 0.0391119
-0.991198 0.0391433
-0.990798 0.0391746
-0.990398 0.039206
-0.989998 0.0392375
-0.989598 0.0392689
-0.989198 0.0393004
-0.988798 0.039332
-0.988398 0.0393635
-0.987998 0.0393951
-0.987598 0.0394268
-0.987197 0.0394584
-0.986797 0.0394901
-0.986397 0.0395219
-0.985997 0.0395536
-0.985597 0.0395854
-0.985197 0.0396173
-0.984797 0.0396492
-0.984397 0.0396811
-0.983997 0.039713
-0.983597 0.039745
-0.983197 0.039777
-0.982797 0.039809
-0.982396 0.0398411
-0.981996 0.0398732
-0.981596 0.0399053
-0.981196 0.0399375
-0.980796 0.0399697
-0.980396 0.040002
-0.979996 0.0400343
-0.979596 0.0400666
-0.979196 0.0400989
-0.978796 0.0401313
-0.978396 0.0401637
-0.977996 0.0401962
-0.977596 0.0402287
-0.977195 0.0402612
-0.976795 0.0402938
-0.976395 0.0403264
-0.975995 0.040359
-0.975595 0.0403916
-0.975195 0.0404243
-0.974795 0.0404571
-0.974395 0.0404899
-0.973995 0.0405227
-0.973595 0.0405555
-0.973195 0.0405884
-0.972795 0.0406213
-0.972394 0.0406542
-0.971994 0.0406872
-0.971594 0.0407202
-0.971194 0.0407533
-0.970794 0.0407864
-0.970394 0.0408195
-0.969994 0.0408527
-0.969594 0.0408859
-0.969194 0.0409191
-0.968794 0.0409524
-0.968394 0.0409857
-0.967994 0.041019
-0.967594 0.0410524
-0.967193 0.0410858
-0.966793 0.0411192
-0.966393 0.0411527
-0.965993 0.0411863
-0.965593 0.0412198
-0.965193 0.0412534
-0.964793 0.041287
-0.964393 0.0413207
-0.963993 0.0413544
-0.963593 0.0413882
-0.963193 0.0414219
-0.962793 0.0414557
-0.962392 0.0414896
-0.961992 0.0415235
-0.961592 0.0415574
-0.961192 0.0415914
-0.960792 0.0416254
-0.960392 0.0416594
-0.959992 0.0416935
-0.959592 0.0417276
-0.959192 0.0417617
-0.958792 0.0417959
-0.958392 0.0418301
-0.957992 0.0418644
-0.957592 0.0418987
-0.957191 0.041933
-0.956791 0.0419674
-0.956391 0.0420018
-0.955991 0.0420362
-0.955591 0.0420707
-0.955191 0.0421052
-0.954791 0.0421398
-0.954391 0.0421744
-0.953991 0.042209
-0.953591 0.0422437
-0.953191 0.0422784
-0.952791 0.0423132
-0.95239 0.0423479
-0.95199 0.0423828
-0.95159 0.0424176
-0.95119 0.0424525
-0.95079 0.0424875
-0.95039 0.0425224
-0.94999 0.0425575
-0.94959 0.0425925
-0.94919 0.0426276
-0.94879 0.0426627
-0.94839 0.0426979
-0.94799 0.0427331
-0.94759 0.0427684
-0.947189 0.0428036
-0.946789 0.042839
-0.946389 0.0428743
-0.945989 0.0429097
-0.945589 0.0429452
-0.945189 0.0429806
-0.944789 0.0430162
-0.944389 0.0430517
-0.943989 0.0430873
-0.943589 0.0431229
-0.943189 0.0431586
-0.942789 0.0431943
-0.942388 0.0432301
-0.941988 0.0432659
-0.941588 0.0433017
-0.941188 0.0433376
-0.940788 0.0433735
-0.940388 0.0434094
-0.939988 0.0434454
-0.939588 0.0434814
-0.939188 0.0435175
-0.938788 0.0435536
-0.938388 0.0435898
-0.937988 0.0436259
-0.937588 0.0436622
-0.937187 0.0436984
-0.936787 0.0437347
-0.936387 0.0437711
-0.935987 0.0438075
-0.935587 0.0438439
-0.935187 0.0438804
-0.934787 0.0439169
-0.934387 0.0439534
-0.933987 0.04399
-0.933587 0.0440266
-0.933187 0.0440633
-0.932787 0.0441
-0.932386 0.0441367
-0.931986 0.0441735
-0.931586 0.0442104
-0.931186 0.0442472
-0.930786 0.0442841
-0.930386 0.0443211
-0.929986 0.0443581
-0.929586 0.0443951
-0.929186 0.0444322
-0.928786 0.0444693
-0.928386 0.0445065
-0.927986 0.0445437
-0.927586 0.0445809
-0.927185 0.0446182
-0.926785 0.0446555
-0.926385 0.0446929
-0.925985 0.0447303
-0.925585 0.0447677
-0.925185 0.0448052
-0.924785 0.0448427
-0.924385 0.0448803
-0.923985 0.0449179
-0.923585 0.0449556
-0.923185 0.0449932
-0.922785 0.045031
-0.922384 0.0450688
-0.921984 0.0451066
-0.921584 0.0451444
-0.921184 0.0451823
-0.920784 0.0452203
-0.920384 0.0452583
-0.919984 0.0452963
-0.919584 0.0453344
-0.919184 0.0453725
-0.918784 0.0454106
-0.918384 0.0454488
-0.917984 0.0454871
-0.917584 0.0455253
-0.917183 0.0455637
-0.916783 0.045602
-0.916383 0.0456404
-0.915983 0.0456789
-0.915583 0.0457174
-0.915183 0.0457559
-0.914783 0.0457945
-0.914383 0.0458331
-0.913983 0.0458718
-0.913583 0.0459105
-0.913183 0.0459492
-0.912783 0.045988
-0.912382 0.0460269
-0.911982 0.0460658
-0.911582 0.0461047
-0.911182 0.0461436
-0.910782 0.0461827
-0.910382 0.0462217
-0.909982 0.0462608
-0.909582 0.0462999
-0.909182 0.0463391
-0.908782 0.0463783
-0.908382 0.0464176
-0.907982 0.0464569
-0.907582 0.0464963
-0.907181 0.0465357
-0.906781 0.0465751
-0.906381 0.0466146
-0.905981 0.0466541
-0.905581 0.0466937
-0.905181 0.0467333
-0.904781 0.046773
-0.904381 0.0468127
-0.903981 0.0468524
-0.903581 0.0468922
-0.903181 0.0469321
-0.902781 0.046972
-0.90238 0.0470119
-0.90198 0.0470519
-0.90158 0.0470919
-0.90118 0.0471319
-0.90078 0.047172
-0.90038 0.0472122
-0.89998 0.0472524
-0.89958 0.0472926
-0.89918 0.0473329
-0.89878 0.0473732
-0.89838 0.0474136
-0.89798 0.047454
-0.89758 0.0474945
-0.897179 0.047535
-0.896779 0.0475755
-0.896379 0.0476161
-0.895979 0.0476568
-0.895579 0.0476974
-0.895179 0.0477382
-0.894779 0.047779
-0.894379 0.0478198
-0.893979 0.0478606
-0.893579 0.0479016
-0.893179 0.0479425
-0.892779 0.0479835
-0.892378 0.0480246
-0.891978 0.0480657
-0.891578 0.0481068
-0.891178 0.048148
-0.890778 0.0481892
-0.890378 0.0482305
-0.889978 0.0482718
-0.889578 0.0483132
-0.889178 0.0483546
-0.888778 0.0483961
-0.888378 0.0484376
-0.887978 0.0484791
-0.887578 0.0485207
-0.887177 0.0485623
-0.886777 0.048604
-0.886377 0.0486458
-0.885977 0.0486876
-0.885577 0.0487294
-0.885177 0.0487713
-0.884777 0.0488132
-0.884377 0.0488552
-0.883977 0.0488972
-0.883577 0.0489392
-0.883177 0.0489813
-0.882777 0.0490235
-0.882376 0.0490657
-0.881976 0.0491079
-0.881576 0.0491502
-0.881176 0.0491926
-0.880776 0.049235
-0.880376 0.0492774
-0.879976 0.0493199
-0.879576 0.0493624
-0.879176 0.049405
-0.878776 0.0494476
-0.878376 0.0494903
-0.877976 0.049533
-0.877576 0.0495758
-0.877175 0.0496186
-0.876775 0.0496614
-0.876375 0.0497043
-0.875975 0.0497473
-0.875575 0.0497903
-0.875175 0.0498334
-0.874775 0.0498765
-0.874375 0.0499196
-0.873975 0.0499628
-0.873575 0.050006
-0.873175 0.0500493
-0.872775 0.0500927
-0.872374 0.050136
-0.871974 0.0501795
-0.871574 0.050223
-0.871174 0.0502665
-0.870774 0.0503101
-0.870374 0.0503537
-0.869974 0.0503974
-0.869574 0.0504411
-0.869174 0.0504849
-0.868774 0.0505287
-0.868374 0.0505725
-0.867974 0.0506165
-0.867574 0.0506604
-0.867173 0.0507044
-0.866773 0.0507485
-0.866373 0.0507926
-0.865973 0.0508368
-0.865573 0.050881
-0.865173 0.0509252
-0.864773 0.0509695
-0.864373 0.0510139
-0.863973 0.0510583
-0.863573 0.0511028
-0.863173 0.0511473
-0.862773 0.0511918
-0.862372 0.0512364
-0.861972 0.0512811
-0.861572 0.0513258
-0.861172 0.0513705
-0.860772 0.0514153
-0.860372 0.0514601
-0.859972 0.051505
-0.859572 0.05155
-0.859172 0.051595
-0.858772 0.05164
-0.858372 0.0516851
-0.857972 0.0517303
-0.857572 0.0517755
-0.857171 0.0518207
-0.856771 0.051866
-0.856371 0.0519113
-0.855971 0.0519567
-0.855571 0.0520022
-0.855171 0.0520477
-0.854771 0.0520932
-0.854371 0.0521388
-0.853971 0.0521845
-0.853571 0.0522302
-0.853171 0.0522759
-0.852771 0.0523217
-0.85237 0.0523676
-0.85197 0.0524134
-0.85157 0.0524594
-0.85117 0.0525054
-0.85077 0.0525514
-0.85037 0.0525975
-0.84997 0.0526437
-0.84957 0.0526899
-0.84917 0.0527361
-0.84877 0.0527825
-0.84837 0.0528288
-0.84797 0.0528752
-0.84757 0.0529217
-0.847169 0.0529682
-0.846769 0.0530147
-0.846369 0.0530613
-0.845969 0.053108
-0.845569 0.0531547
-0.845169 0.0532015
-0.844769 0.0532483
-0.844369 0.0532952
-0.843969 0.0533421
-0.843569 0.053389
-0.843169 0.0534361
-0.842769 0.0534831
-0.842368 0.0535303
-0.841968 0.0535774
-0.841568 0.0536247
-0.841168 0.0536719
-0.840768 0.0537193
-0.840368 0.0537667
-0.839968 0.0538141
-0.839568 0.0538616
-0.839168 0.0539091
-0.838768 0.0539567
-0.838368 0.0540044
-0.837968 0.0540521
-0.837568 0.0540998
-0.837167 0.0541476
-0.836767 0.0541955
-0.836367 0.0542434
-0.835967 0.0542913
-0.835567 0.0543393
-0.835167 0.0543874
-0.834767 0.0544355
-0.834367 0.0544837
-0.833967 0.0545319
-0.833567 0.0545802
-0.833167 0.0546285
-0.832767 0.0546769
-0.832366 0.0547253
-0.831966 0.0547738
-0.831566 0.0548223
-0.831166 0.0548709
-0.830766 0.0549196
-0.830366 0.0549683
-0.829966 0.055017
-0.829566 0.0550658
-0.829166 0.0551147
-0.828766 0.0551636
-0.828366 0.0552126
-0.827966 0.0552616
-0.827566 0.0553107
-0.827165 0.0553598
-0.826765 0.055409
-0.826365 0.0554582
-0.825965 0.0555075
-0.825565 0.0555568
-0.825165 0.0556062
-0.824765 0.0556557
-0.824365 0.0557052
-0.823965 0.0557547
-0.823565 0.0558043
-0.823165 0.055854
-0.822765 0.0559037
-0.822364 0.0559535
-0.821964 0.0560033
-0.821564 0.0560532
-0.821164 0.0561031
-0.820764 0.0561531
-0.820364 0.0562032
-0.819964 0.0562533
-0.819564 0.0563034
-0.819164 0.0563536
-0.818764 0.0564039
-0.818364 0.0564542
-0.817964 0.0565046
-0.817564 0.056555
-0.817163 0.0566055
-0.816763 0.056656
-0.816363 0.0567066
-0.815963 0.0567573
-0.815563 0.056808
-0.815163 0.0568587
-0.814763 0.0569095
-0.814363 0.0569604
-0.813963 0.0570113
-0.813563 0.0570623
-0.813163 0.0571134
-0.812763 0.0571644
-0.812362 0.0572156
-0.811962 0.0572668
-0.811562 0.057318
-0.811162 0.0573693
-0.810762 0.0574207
-0.810362 0.0574721
-0.809962 0.0575236
-0.809562 0.0575751
-0.809162 0.0576267
-0.808762 0.0576784
-0.808362 0.0577301
-0.807962 0.0577818
-0.807562 0.0578337
-0.807161 0.0578855
-0.806761 0.0579374
-0.806361 0.0579894
-0.805961 0.0580415
-0.805561 0.0580936
-0.805161 0.0581457
-0.804761 0.0581979
-0.804361 0.0582502
-0.803961 0.0583025
-0.803561 0.0583549
-0.803161 0.0584073
-0.802761 0.0584598
-0.80236 0.0585123
-0.80196 0.058565
-0.80156 0.0586176
-0.80116 0.0586703
-0.80076 0.0587231
-0.80036 0.0587759
-0.79996 0.0588288
-0.79956 0.0588818
-0.79916 0.0589348
-0.79876 0.0589878
-0.79836 0.0590409
-0.79796 0.0590941
-0.79756 0.0591474
-0.797159 0.0592007
-0.796759 0.059254
-0.796359 0.0593074
-0.795959 0.0593609
-0.795559 0.0594144
-0.795159 0.059468
-0.794759 0.0595217
-0.794359 0.0595754
-0.793959 0.0596292
-0.793559 0.059683
-0.793159 0.0597369
-0.792759 0.0597909
-0.792358 0.0598449
-0.791958 0.059899
-0.791558 0.0599532
-0.791158 0.0600074
-0.790758 0.0600617
-0.790358 0.0601161
-0.789958 0.0601705
-0.789558 0.060225
-0.789158 0.0602796
-0.788758 0.0603342
-0.788358 0.0603889
-0.787958 0.0604436
-0.787558 0.0604985
-0.787157 0.0605533
-0.786757 0.0606083
-0.786357 0.0606633
-0.785957 0.0607184
-0.785557 0.0607736
-0.785157 0.0608289
-0.784757 0.0608842
-0.784357 0.0609396
-0.783957 0.060995
-0.783557 0.0610505
-0.783157 0.0611061
-0.782757 0.0611618
-0.782356 0.0612176
-0.781956 0.0612734
-0.781556 0.0613293
-0.781156 0.0613852
-0.780756 0.0614413
-0.780356 0.0614974
-0.779956 0.0615536
-0.779556 0.0616098
-0.779156 0.0616662
-0.778756 0.0617226
-0.778356 0.0617791
-0.777956 0.0618356
-0.777556 0.0618923
-0.777155 0.061949
-0.776755 0.0620058
-0.776355 0.0620627
-0.775955 0.0621196
-0.775555 0.0621767
-0.775155 0.0622338
-0.774755 0.062291
-0.774355 0.0623483
-0.773955 0.0624056
-0.773555 0.0624631
-0.773155 0.0625206
-0.772755 0.0625782
-0.772354 0.0626359
-0.771954 0.0626936
-0.771554 0.0627515
-0.771154 0.0628094
-0.770754 0.0628674
-0.770354 0.0629255
-0.769954 0.0629837
-0.769554 0.063042
-0.769154 0.0631003
-0.768754 0.0631587
-0.768354 0.0632173
-0.767954 0.0632759
-0.767554 0.0633346
-0.767153 0.0633933
-0.766753 0.0634522
-0.766353 0.0635112
-0.765953 0.0635702
-0.765553 0.0636293
-0.765153 0.0636886
-0.764753 0.0637479
-0.764353 0.0638073
-0.763953 0.0638667
-0.763553 0.0639263
-0.763153 0.063986
-0.762753 0.0640457
-0.762352 0.0641056
-0.761952 0.0641655
-0.761552 0.0642256
-0.761152 0.0642857
-0.760752 0.0643459
-0.760352 0.0644062
-0.759952 0.0644666
-0.759552 0.0645271
-0.759152 0.0645877
-0.758752 0.0646484
-0.758352 0.0647092
-0.757952 0.06477
-0.757552 0.064831
-0.757151 0.0648921
-0.756751 0.0649532
-0.756351 0.0650145
-0.755951 0.0650758
-0.755551 0.0651373
-0.755151 0.0651988
-0.754751 0.0652605
-0.754351 0.0653222
-0.753951 0.0653841
-0.753551 0.065446
-0.753151 0.065508
-0.752751 0.0655702
-0.75235 0.0656324
-0.75195 0.0656948
-0.75155 0.0657572
-0.75115 0.0658198
-0.75075 0.0658824
-0.75035 0.0659452
-0.74995 0.066008
-0.74955 0.066071
-0.74915 0.066134
-0.74875 0.0661972
-0.74835 0.0662604
-0.74795 0.0663238
-0.74755 0.0663873
-0.747149 0.0664508
-0.746749 0.0665145
-0.746349 0.0665783
-0.745949 0.0666422
-0.745549 0.0667062
-0.745149 0.0667703
-0.744749 0.0668345
-0.744349 0.0668989
-0.743949 0.0669633
-0.743549 0.0670278
-0.743149 0.0670925
-0.742749 0.0671572
-0.742348 0.0672221
-0.741948 0.0672871
-0.741548 0.0673521
-0.741148 0.0674173
-0.740748 0.0674826
-0.740348 0.0675481
-0.739948 0.0676136
-0.739548 0.0676792
-0.739148 0.067745
-0.738748 0.0678108
-0.738348 0.0678768
-0.737948 0.0679429
-0.737548 0.0680091
-0.737147 0.0680754
-0.736747 0.0681419
-0.736347 0.0682084
-0.735947 0.0682751
-0.735547 0.0683418
-0.735147 0.0684087
-0.734747 0.0684757
-0.734347 0.0685429
-0.733947 0.0686101
-0.733547 0.0686775
-0.733147 0.068745
-0.732747 0.0688125
-0.732346 0.0688803
-0.731946 0.0689481
-0.731546 0.069016
-0.731146 0.0690841
-0.730746 0.0691523
-0.730346 0.0692206
-0.729946 0.0692891
-0.729546 0.0693576
-0.729146 0.0694263
-0.728746 0.0694951
-0.728346 0.069564
-0.727946 0.069633
-0.727546 0.0697022
-0.727145 0.0697715
-0.726745 0.0698409
-0.726345 0.0699104
-0.725945 0.0699801
-0.725545 0.0700499
-0.725145 0.0701198
-0.724745 0.0701898
-0.724345 0.07026
-0.723945 0.0703303
-0.723545 0.0704007
-0.723145 0.0704712
-0.722745 0.0705419
-0.722344 0.0706127
-0.721944 0.0706836
-0.721544 0.0707546
-0.721144 0.0708258
-0.720744 0.0708971
-0.720344 0.0709686
-0.719944 0.0710401
-0.719544 0.0711118
-0.719144 0.0711836
-0.718744 0.0712556
-0.718344 0.0713277
-0.717944 0.0713999
-0.717544 0.0714723
-0.717143 0.0715447
-0.716743 0.0716174
-0.716343 0.0716901
-0.715943 0.071763
-0.715543 0.071836
-0.715143 0.0719092
-0.714743 0.0719824
-0.714343 0.0720559
-0.713943 0.0721294
-0.713543 0.0722031
-0.713143 0.0722769
-0.712743 0.0723509
-0.712342 0.072425
-0.711942 0.0724992
-0.711542 0.0725736
-0.711142 0.0726481
-0.710742 0.0727228
-0.710342 0.0727976
-0.709942 0.0728725
-0.709542 0.0729476
-0.709142 0.0730228
-0.708742 0.0730981
-0.708342 0.0731736
-0.707942 0.0732492
-0.707542 0.073325
-0.707141 0.0734009
-0.706741 0.0734769
-0.706341 0.0735531
-0.705941 0.0736295
-0.705541 0.073706
-0.705141 0.0737826
-0.704741 0.0738593
-0.704341 0.0739362
-0.703941 0.0740133
-0.703541 0.0740905
-0.703141 0.0741678
-0.702741 0.0742453
-0.70234 0.074323
-0.70194 0.0744007
-0.70154 0.0744787
-0.70114 0.0745567
-0.70074 0.074635
-0.70034 0.0747133
-0.69994 0.0747919
-0.69954 0.0748705
-0.69914 0.0749493
-0.69874 0.0750283
-0.69834 0.0751074
-0.69794 0.0751867
-0.69754 0.0752661
-0.697139 0.0753456
-0.696739 0.0754254
-0.696339 0.0755052
-0.695939 0.0755852
-0.695539 0.0756654
-0.695139 0.0757457
-0.694739 0.0758262
-0.694339 0.0759068
-0.693939 0.0759876
-0.693539 0.0760685
-0.693139 0.0761496
-0.692739 0.0762309
-0.692338 0.0763123
-0.691938 0.0763938
-0.691538 0.0764755
-0.691138 0.0765574
-0.690738 0.0766394
-0.690338 0.0767216
-0.689938 0.0768039
-0.689538 0.0768864
-0.689138 0.0769691
-0.688738 0.0770519
-0.688338 0.0771348
-0.687938 0.077218
-0.687538 0.0773012
-0.687137 0.0773847
-0.686737 0.0774683
-0.686337 0.0775521
-0.685937 0.077636
-0.685537 0.0777201
-0.685137 0.0778043
-0.684737 0.0778887
-0.684337 0.0779733
-0.683937 0.078058
-0.683537 0.0781429
-0.683137 0.078228
-0.682737 0.0783132
-0.682336 0.0783986
-0.681936 0.0784842
-0.681536 0.0785699
-0.681136 0.0786558
-0.680736 0.0787418
-0.680336 0.078828
-0.679936 0.0789144
-0.679536 0.079001
-0.679136 0.0790877
-0.678736 0.0791745
-0.678336 0.0792616
-0.677936 0.0793488
-0.677536 0.0794362
-0.677135 0.0795237
-0.676735 0.0796115
-0.676335 0.0796994
-0.675935 0.0797874
-0.675535 0.0798757
-0.675135 0.0799641
-0.674735 0.0800526
-0.674335 0.0801414
-0.673935 0.0802303
-0.673535 0.0803194
-0.673135 0.0804087
-0.672735 0.0804981
-0.672334 0.0805877
-0.671934 0.0806775
-0.671534 0.0807674
-0.671134 0.0808576
-0.670734 0.0809479
-0.670334 0.0810383
-0.669934 0.081129
-0.669534 0.0812198
-0.669134 0.0813108
-0.668734 0.081402
-0.668334 0.0814934
-0.667934 0.0815849
-0.667534 0.0816766
-0.667133 0.0817685
-0.666733 0.0818606
-0.666333 0.0819528
-0.665933 0.0820453
-0.665533 0.0821379
-0.665133 0.0822307
-0.664733 0.0823236
-0.664333 0.0824168
-0.663933 0.0825101
-0.663533 0.0826036
-0.663133 0.0826973
-0.662733 0.0827912
-0.662332 0.0828852
-0.661932 0.0829795
-0.661532 0.0830739
-0.661132 0.0831685
-0.660732 0.0832633
-0.660332 0.0833582
-0.659932 0.0834534
-0.659532 0.0835487
-0.659132 0.0836443
-0.658732 0.08374
-0.658332 0.0838359
-0.657932 0.083932
-0.657532 0.0840282
-0.657131 0.0841247
-0.656731 0.0842213
-0.656331 0.0843182
-0.655931 0.0844152
-0.655531 0.0845124
-0.655131 0.0846098
-0.654731 0.0847074
-0.654331 0.0848052
-0.653931 0.0849031
-0.653531 0.0850013
-0.653131 0.0850996
-0.652731 0.0851982
-0.65233 0.0852969
-0.65193 0.0853958
-0.65153 0.0854949
-0.65113 0.0855943
-0.65073 0.0856938
-0.65033 0.0857934
-0.64993 0.0858933
-0.64953 0.0859934
-0.64913 0.0860937
-0.64873 0.0861942
-0.64833 0.0862948
-0.64793 0.0863957
-0.64753 0.0864967
-0.647129 0.086598
-0.646729 0.0866994
-0.646329 0.0868011
-0.645929 0.0869029
-0.645529 0.087005
-0.645129 0.0871072
-0.644729 0.0872096
-0.644329 0.0873123
-0.643929 0.0874151
-0.643529 0.0875181
-0.643129 0.0876214
-0.642729 0.0877248
-0.642328 0.0878285
-0.641928 0.0879323
-0.641528 0.0880363
-0.641128 0.0881406
-0.640728 0.088245
-0.640328 0.0883496
-0.639928 0.0884545
-0.639528 0.0885595
-0.639128 0.0886648
-0.638728 0.0887702
-0.638328 0.0888759
-0.637928 0.0889818
-0.637528 0.0890878
-0.637127 0.0891941
-0.636727 0.0893006
-0.636327 0.0894073
-0.635927 0.0895142
-0.635527 0.0896213
-0.635127 0.0897286
-0.634727 0.0898361
-0.634327 0.0899438
-0.633927 0.0900517
-0.633527 0.0901599
-0.633127 0.0902682
-0.632727 0.0903768
-0.632326 0.0904855
-0.631926 0.0905945
-0.631526 0.0907037
-0.631126 0.0908131
-0.630726 0.0909227
-0.630326 0.0910325
-0.629926 0.0911426
-0.629526 0.0912528
-0.629126 0.0913633
-0.628726 0.0914739
-0.628326 0.0915848
-0.627926 0.0916959
-0.627526 0.0918072
-0.627125 0.0919188
-0.626725 0.0920305
-0.626325 0.0921424
-0.625925 0.0922546
-0.625525 0.092367
-0.625125 0.0924796
-0.624725 0.0925924
-0.624325 0.0927055
-0.623925 0.0928187
-0.623525 0.0929322
-0.623125 0.0930459
-0.622725 0.0931598
-0.622324 0.0932739
-0.621924 0.0933883
-0.621524 0.0935028
-0.621124 0.0936176
-0.620724 0.0937326
-0.620324 0.0938478
-0.619924 0.0939633
-0.619524 0.0940789
-0.619124 0.0941948
-0.618724 0.0943109
-0.618324 0.0944273
-0.617924 0.0945438
-0.617524 0.0946606
-0.617123 0.0947776
-0.616723 0.0948949
-0.616323 0.0950123
-0.615923 0.09513
-0.615523 0.0952479
-0.615123 0.095366
-0.614723 0.0954844
-0.614323 0.0956029
-0.613923 0.0957217
-0.613523 0.0958408
-0.613123 0.09596
-0.612723 0.0960795
-0.612322 0.0961992
-0.611922 0.0963192
-0.611522 0.0964393
-0.611122 0.0965597
-0.610722 0.0966804
-0.610322 0.0968012
-0.609922 0.0969223
-0.609522 0.0970436
-0.609122 0.0971652
-0.608722 0.097287
-0.608322 0.097409
-0.607922 0.0975312
-0.607522 0.0976537
-0.607121 0.0977764
-0.606721 0.0978994
-0.606321 0.0980225
-0.605921 0.098146
-0.605521 0.0982696
-0.605121 0.0983935
-0.604721 0.0985176
-0.604321 0.0986419
-0.603921 0.0987665
-0.603521 0.0988913
-0.603121 0.0990164
-0.602721 0.0991417
-0.60232 0.0992672
-0.60192 0.099393
-0.60152 0.099519
-0.60112 0.0996452
-0.60072 0.0997717
-0.60032 0.0998985
-0.59992 0.100025
-0.59952 0.100153
-0.59912 0.10028
-0.59872 0.100408
-0.59832 0.100536
-0.59792 0.100664
-0.59752 0.100792
-0.597119 0.100921
-0.596719 0.10105
-0.596319 0.101179
-0.595919 0.101308
-0.595519 0.101438
-0.595119 0.101568
-0.594719 0.101698
-0.594319 0.101828
-0.593919 0.101959
-0.593519 0.10209
-0.593119 0.102221
-0.592719 0.102352
-0.592318 0.102484
-0.591918 0.102615
-0.591518 0.102747
-0.591118 0.10288
-0.590718 0.103012
-0.590318 0.103145
-0.589918 0.103278
-0.589518 0.103411
-0.589118 0.103545
-0.588718 0.103679
-0.588318 0.103813
-0.587918 0.103947
-0.587518 0.104082
-0.587117 0.104216
-0.586717 0.104351
-0.586317 0.104487
-0.585917 0.104622
-0.585517 0.104758
-0.585117 0.104894
-0.584717 0.10503
-0.584317 0.105167
-0.583917 0.105304
-0.583517 0.105441
-0.583117 0.105578
-0.582717 0.105716
-0.582316 0.105853
-0.581916 0.105991
-0.581516 0.10613
-0.581116 0.106268
-0.580716 0.106407
-0.580316 0.106546
-0.579916 0.106685
-0.579516 0.106825
-0.579116 0.106965
-0.578716 0.107105
-0.578316 0.107245
-0.577916 0.107386
-0.577516 0.107527
-0.577115 0.107668
-0.576715 0.107809
-0.576315 0.107951
-0.575915 0.108093
-0.575515 0.108235
-0.575115 0.108377
-0.574715 0.10852
-0.574315 0.108663
-0.573915 0.108806
-0.573515 0.10895
-0.573115 0.109093
-0.572715 0.109237
-0.572314 0.109382
-0.571914 0.109526
-0.571514 0.109671
-0.571114 0.109816
-0.570714 0.109961
-0.570314 0.110107
-0.569914 0.110252
-0.569514 0.110398
-0.569114 0.110545
-0.568714 0.110691
-0.568314 0.110838
-0.567914 0.110985
-0.567514 0.111133
-0.567113 0.11128
-0.566713 0.111428
-0.566313 0.111577
-0.565913 0.111725
-0.565513 0.111874
-0.565113 0.112023
-0.564713 0.112172
-0.564313 0.112321
-0.563913 0.112471
-0.563513 0.112621
-0.563113 0.112772
-0.562713 0.112922
-0.562312 0.113073
-0.561912 0.113224
-0.561512 0.113376
-0.561112 0.113527
-0.560712 0.113679
-0.560312 0.113831
-0.559912 0.113984
-0.559512 0.114137
-0.559112 0.11429
-0.558712 0.114443
-0.558312 0.114597
-0.557912 0.11475
-0.557512 0.114904
-0.557111 0.115059
-0.556711 0.115214
-0.556311 0.115368
-0.555911 0.115524
-0.555511 0.115679
-0.555111 0.115835
-0.554711 0.115991
-0.554311 0.116147
-0.553911 0.116304
-0.553511 0.116461
-0.553111 0.116618
-0.552711 0.116775
-0.55231 0.116933
-0.55191 0.117091
-0.55151 0.117249
-0.55111 0.117408
-0.55071 0.117566
-0.55031 0.117725
-0.54991 0.117885
-0.54951 0.118044
-0.54911 0.118204
-0.54871 0.118365
-0.54831 0.118525
-0.54791 0.118686
-0.54751 0.118847
-0.547109 0.119008
-0.546709 0.11917
-0.546309 0.119332
-0.545909 0.119494
-0.545509 0.119656
-0.545109 0.119819
-0.544709 0.119982
-0.544309 0.120145
-0.543909 0.120309
-0.543509 0.120473
-0.543109 0.120637
-0.542709 0.120801
-0.542308 0.120966
-0.541908 0.121131
-0.541508 0.121296
-0.541108 0.121462
-0.540708 0.121628
-0.540308 0.121794
-0.539908 0.12196
-0.539508 0.122127
-0.539108 0.122294
-0.538708 0.122461
-0.538308 0.122629
-0.537908 0.122797
-0.537508 0.122965
-0.537107 0.123133
-0.536707 0.123302
-0.536307 0.123471
-0.535907 0.12364
-0.535507 0.12381
-0.535107 0.12398
-0.534707 0.12415
-0.534307 0.12432
-0.533907 0.124491
-0.533507 0.124662
-0.533107 0.124834
-0.532707 0.125005
-0.532306 0.125177
-0.531906 0.125349
-0.531506 0.125522
-0.531106 0.125695
-0.530706 0.125868
-0.530306 0.126041
-0.529906 0.126215
-0.529506 0.126389
-0.529106 0.126563
-0.528706 0.126738
-0.528306 0.126913
-0.527906 0.127088
-0.527506 0.127263
-0.527105 0.127439
-0.526705 0.127615
-0.526305 0.127791
-0.525905 0.127968
-0.525505 0.128145
-0.525105 0.128322
-0.524705 0.1285
-0.524305 0.128678
-0.523905 0.128856
-0.523505 0.129034
-0.523105 0.129213
-0.522705 0.129392
-0.522304 0.129571
-0.521904 0.129751
-0.521504 0.129931
-0.521104 0.130111
-0.520704 0.130292
-0.520304 0.130473
-0.519904 0.130654
-0.519504 0.130835
-0.519104 0.131017
-0.518704 0.131199
-0.518304 0.131381
-0.517904 0.131564
-0.517504 0.131747
-0.517103 0.13193
-0.516703 0.132114
-0.516303 0.132298
-0.515903 0.132482
-0.515503 0.132666
-0.515103 0.132851
-0.514703 0.133036
-0.514303 0.133222
-0.513903 0.133408
-0.513503 0.133594
-0.513103 0.13378
-0.512703 0.133967
-0.512302 0.134153
-0.511902 0.134341
-0.511502 0.134528
-0.511102 0.134716
-0.510702 0.134904
-0.510302 0.135093
-0.509902 0.135282
-0.509502 0.135471
-0.509102 0.13566
-0.508702 0.13585
-0.508302 0.13604
-0.507902 0.13623
-0.507502 0.136421
-0.507101 0.136612
-0.506701 0.136803
-0.506301 0.136995
-0.505901 0.137187
-0.505501 0.137379
-0.505101 0.137572
-0.504701 0.137765
-0.504301 0.137958
-0.503901 0.138151
-0.503501 0.138345
-0.503101 0.138539
-0.502701 0.138734
-0.5023 0.138929
-0.5019 0.139124
-0.5015 0.139319
-0.5011 0.139515
-0.5007 0.139711
-0.5003 0.139907
-0.4999 0.140104
-0.4995 0.140301
-0.4991 0.140498
-0.4987 0.140696
-0.4983 0.140894
-0.4979 0.141092
-0.497499 0.141291
-0.497099 0.14149
-0.496699 0.141689
-0.496299 0.141888
-0.495899 0.142088
-0.495499 0.142288
-0.495099 0.142489
-0.494699 0.14269
-0.494299 0.142891
-0.493899 0.143092
-0.493499 0.143294
-0.493099 0.143496
-0.492699 0.143699
-0.492298 0.143902
-0.491898 0.144105
-0.491498 0.144308
-0.491098 0.144512
-0.490698 0.144716
-0.490298 0.14492
-0.489898 0.145125
-0.489498 0.14533
-0.489098 0.145536
-0.488698 0.145741
-0.488298 0.145947
-0.487898 0.146154
-0.487497 0.14636
-0.487097 0.146567
-0.486697 0.146775
-0.486297 0.146982
-0.485897 0.14719
-0.485497 0.147399
-0.485097 0.147607
-0.484697 0.147816
-0.484297 0.148026
-0.483897 0.148235
-0.483497 0.148445
-0.483097 0.148656
-0.482697 0.148866
-0.482296 0.149077
-0.481896 0.149289
-0.481496 0.1495
-0.481096 0.149712
-0.480696 0.149925
-0.480296 0.150137
-0.479896 0.15035
-0.479496 0.150564
-0.479096 0.150777
-0.478696 0.150991
-0.478296 0.151206
-0.477896 0.15142
-0.477495 0.151635
-0.477095 0.151851
-0.476695 0.152066
-0.476295 0.152282
-0.475895 0.152499
-0.475495 0.152715
-0.475095 0.152932
-0.474695 0.15315
-0.474295 0.153367
-0.473895 0.153585
-0.473495 0.153804
-0.473095 0.154022
-0.472695 0.154241
-0.472294 0.154461
-0.471894 0.154681
-0.471494 0.154901
-0.471094 0.155121
-0.470694 0.155342
-0.470294 0.155563
-0.469894 0.155784
-0.469494 0.156006
-0.469094 0.156228
-0.468694 0.156451
-0.468294 0.156673
-0.467894 0.156897
-0.467493 0.15712
-0.467093 0.157344
-0.466693 0.157568
-0.466293 0.157793
-0.465893 0.158018
-0.465493 0.158243
-0.465093 0.158468
-0.464693 0.158694
-0.464293 0.15892
-0.463893 0.159147
-0.463493 0.159374
-0.463093 0.159601
-0.462693 0.159829
-0.462292 0.160057
-0.461892 0.160285
-0.461492 0.160514
-0.461092 0.160743
-0.460692 0.160972
-0.460292 0.161202
-0.459892 0.161432
-0.459492 0.161663
-0.459092 0.161893
-0.458692 0.162125
-0.458292 0.162356
-0.457892 0.162588
-0.457491 0.16282
-0.457091 0.163053
-0.456691 0.163285
-0.456291 0.163519
-0.455891 0.163752
-0.455491 0.163986
-0.455091 0.164221
-0.454691 0.164455
-0.454291 0.16469
-0.453891 0.164926
-0.453491 0.165161
-0.453091 0.165397
-0.452691 0.165634
-0.45229 0.165871
-0.45189 0.166108
-0.45149 0.166345
-0.45109 0.166583
-0.45069 0.166821
-0.45029 0.16706
-0.44989 0.167299
-0.44949 0.167538
-0.44909 0.167778
-0.44869 0.168018
-0.44829 0.168258
-0.44789 0.168499
-0.447489 0.16874
-0.447089 0.168981
-0.446689 0.169223
-0.446289 0.169465
-0.445889 0.169708
-0.445489 0.169951
-0.445089 0.170194
-0.444689 0.170438
-0.444289 0.170682
-0.443889 0.170926
-0.443489 0.171171
-0.443089 0.171416
-0.442689 0.171661
-0.442288 0.171907
-0.441888 0.172153
-0.441488 0.172399
-0.441088 0.172646
-0.440688 0.172894
-0.440288 0.173141
-0.439888 0.173389
-0.439488 0.173637
-0.439088 0.173886
-0.438688 0.174135
-0.438288 0.174385
-0.437888 0.174635
-0.437487 0.174885
-0.437087 0.175135
-0.436687 0.175386
-0.436287 0.175637
-0.435887 0.175889
-0.435487 0.176141
-0.435087 0.176393
-0.434687 0.176646
-0.434287 0.176899
-0.433887 0.177153
-0.433487 0.177407
-0.433087 0.177661
-0.432687 0.177915
-0.432286 0.17817
-0.431886 0.178426
-0.431486 0.178682
-0.431086 0.178938
-0.430686 0.179194
-0.430286 0.179451
-0.429886 0.179708
-0.429486 0.179966
-0.429086 0.180224
-0.428686 0.180482
-0.428286 0.180741
-0.427886 0.181
-0.427485 0.181259
-0.427085 0.181519
-0.426685 0.181779
-0.426285 0.18204
-0.425885 0.182301
-0.425485 0.182562
-0.425085 0.182824
-0.424685 0.183086
-0.424285 0.183348
-0.423885 0.183611
-0.423485 0.183874
-0.423085 0.184138
-0.422685 0.184402
-0.422284 0.184666
-0.421884 0.184931
-0.421484 0.185196
-0.421084 0.185462
-0.420684 0.185728
-0.420284 0.185994
-0.419884 0.186261
-0.419484 0.186528
-0.419084 0.186795
-0.418684 0.187063
-0.418284 0.187331
-0.417884 0.1876
-0.417483 0.187868
-0.417083 0.188138
-0.416683 0.188407
-0.416283 0.188678
-0.415883 0.188948
-0.415483 0.189219
-0.415083 0.18949
-0.414683 0.189762
-0.414283 0.190034
-0.413883 0.190306
-0.413483 0.190579
-0.413083 0.190852
-0.412683 0.191126
-0.412282 0.1914
-0.411882 0.191674
-0.411482 0.191949
-0.411082 0.192224
-0.410682 0.192499
-0.410282 0.192775
-0.409882 0.193052
-0.409482 0.193328
-0.409082 0.193605
-0.408682 0.193883
-0.408282 0.194161
-0.407882 0.194439
-0.407481 0.194717
-0.407081 0.194996
-0.406681 0.195276
-0.406281 0.195556
-0.405881 0.195836
-0.405481 0.196116
-0.405081 0.196397
-0.404681 0.196679
-0.404281 0.19696
-0.403881 0.197243
-0.403481 0.197525
-0.403081 0.197808
-0.402681 0.198091
-0.40228 0.198375
-0.40188 0.198659
-0.40148 0.198944
-0.40108 0.199229
-0.40068 0.199514
-0.40028 0.1998
-0.39988 0.200086
-0.39948 0.200372
-0.39908 0.200659
-0.39868 0.200947
-0.39828 0.201234
-0.39788 0.201523
-0.397479 0.201811
-0.397079 0.2021
-0.396679 0.20239
-0.396279 0.202679
-0.395879 0.20297
-0.395479 0.203261
-0.395079 0.203552
-0.394679 0.203843
-0.394279 0.204136
-0.393879 0.204428
-0.393479 0.204721
-0.393079 0.205015
-0.392679 0.205309
-0.392278 0.205604
-0.391878 0.205899
-0.391478 0.206194
-0.391078 0.20649
-0.390678 0.206787
-0.390278 0.207084
-0.389878 0.207382
-0.389478 0.20768
-0.389078 0.207978
-0.388678 0.208278
-0.388278 0.208577
-0.387878 0.208878
-0.387477 0.209179
-0.387077 0.20948
-0.386677 0.209782
-0.386277 0.210085
-0.385877 0.210388
-0.385477 0.210691
-0.385077 0.210996
-0.384677 0.211301
-0.384277 0.211606
-0.383877 0.211912
-0.383477 0.212219
-0.383077 0.212526
-0.382677 0.212834
-0.382276 0.213143
-0.381876 0.213452
-0.381476 0.213762
-0.381076 0.214072
-0.380676 0.214383
-0.380276 0.214695
-0.379876 0.215007
-0.379476 0.21532
-0.379076 0.215634
-0.378676 0.215948
-0.378276 0.216263
-0.377876 0.216579
-0.377475 0.216895
-0.377075 0.217212
-0.376675 0.21753
-0.376275 0.217849
-0.375875 0.218168
-0.375475 0.218488
-0.375075 0.218808
-0.374675 0.219129
-0.374275 0.219451
-0.373875 0.219774
-0.373475 0.220098
-0.373075 0.220422
-0.372675 0.220747
-0.372274 0.221073
-0.371874 0.221399
-0.371474 0.221726
-0.371074 0.222054
-0.370674 0.222383
-0.370274 0.222713
-0.369874 0.223043
-0.369474 0.223374
-0.369074 0.223706
-0.368674 0.224039
-0.368274 0.224372
-0.367874 0.224706
-0.367473 0.225042
-0.367073 0.225377
-0.366673 0.225714
-0.366273 0.226052
-0.365873 0.22639
-0.365473 0.226729
-0.365073 0.227069
-0.364673 0.22741
-0.364273 0.227752
-0.363873 0.228095
-0.363473 0.228438
-0.363073 0.228783
-0.362673 0.229128
-0.362272 0.229474
-0.361872 0.229821
-0.361472 0.230169
-0.361072 0.230518
-0.360672 0.230867
-0.360272 0.231218
-0.359872 0.23157
-0.359472 0.231922
-0.359072 0.232275
-0.358672 0.23263
-0.358272 0.232985
-0.357872 0.233341
-0.357471 0.233698
-0.357071 0.234056
-0.356671 0.234415
-0.356271 0.234775
-0.355871 0.235136
-0.355471 0.235497
-0.355071 0.23586
-0.354671 0.236224
-0.354271 0.236589
-0.353871 0.236955
-0.353471 0.237321
-0.353071 0.237689
-0.352671 0.238058
-0.35227 0.238428
-0.35187 0.238798
-0.35147 0.23917
-0.35107 0.239543
-0.35067 0.239917
-0.35027 0.240292
-0.34987 0.240667
-0.34947 0.241044
-0.34907 0.241422
-0.34867 0.241801
-0.34827 0.242182
-0.34787 0.242563
-0.347469 0.242945
-0.347069 0.243328
-0.346669 0.243713
-0.346269 0.244098
-0.345869 0.244485
-0.345469 0.244872
-0.345069 0.245261
-0.344669 0.245651
-0.344269 0.246042
-0.343869 0.246434
-0.343469 0.246827
-0.343069 0.247221
-0.342669 0.247617
-0.342268 0.248014
-0.341868 0.248411
-0.341468 0.24881
-0.341068 0.24921
-0.340668 0.249611
-0.340268 0.250014
-0.339868 0.250417
-0.339468 0.250822
-0.339068 0.251228
-0.338668 0.251635
-0.338268 0.252043
-0.337868 0.252453
-0.337467 0.252863
-0.337067 0.253275
-0.336667 0.253688
-0.336267 0.254102
-0.335867 0.254518
-0.335467 0.254934
-0.335067 0.255352
-0.334667 0.255771
-0.334267 0.256192
-0.333867 0.256614
-0.333467 0.257036
-0.333067 0.257461
-0.332667 0.257886
-0.332266 0.258313
-0.331866 0.258741
-0.331466 0.25917
-0.331066 0.2596
-0.330666 0.260032
-0.330266 0.260465
-0.329866 0.260899
-0.329466 0.261335
-0.329066 0.261772
-0.328666 0.26221
-0.328266 0.26265
-0.327866 0.263091
-0.327465 0.263533
-0.327065 0.263977
-0.326665 0.264422
-0.326265 0.264868
-0.325865 0.265315
-0.325465 0.265764
-0.325065 0.266215
-0.324665 0.266666
-0.324265 0.267119
-0.323865 0.267574
-0.323465 0.26803
-0.323065 0.268487
-0.322665 0.268945
-0.322264 0.269405
-0.321864 0.269867
-0.321464 0.270329
-0.321064 0.270793
-0.320664 0.271259
-0.320264 0.271726
-0.319864 0.272194
-0.319464 0.272664
-0.319064 0.273136
-0.318664 0.273608
-0.318264 0.274082
-0.317864 0.274558
-0.317463 0.275035
-0.317063 0.275514
-0.316663 0.275994
-0.316263 0.276475
-0.315863 0.276958
-0.315463 0.277443
-0.315063 0.277928
-0.314663 0.278416
-0.314263 0.278905
-0.313863 0.279395
-0.313463 0.279887
-0.313063 0.280381
-0.312663 0.280875
-0.312262 0.281372
-0.311862 0.28187
-0.311462 0.282369
-0.311062 0.282871
-0.310662 0.283373
-0.310262 0.283877
-0.309862 0.284383
-0.309462 0.28489
-0.309062 0.285399
-0.308662 0.285909
-0.308262 0.286421
-0.307862 0.286935
-0.307461 0.28745
-0.307061 0.287967
-0.306661 0.288485
-0.306261 0.289005
-0.305861 0.289527
-0.305461 0.29005
-0.305061 0.290574
-0.304661 0.291101
-0.304261 0.291629
-0.303861 0.292158
-0.303461 0.29269
-0.303061 0.293223
-0.302661 0.293757
-0.30226 0.294293
-0.30186 0.294831
-0.30146 0.295371
-0.30106 0.295912
-0.30066 0.296455
-0.30026 0.296999
-0.29986 0.297545
-0.29946 0.298093
-0.29906 0.298643
-0.29866 0.299194
-0.29826 0.299747
-0.29786 0.300302
-0.297459 0.300858
-0.297059 0.301416
-0.296659 0.301976
-0.296259 0.302538
-0.295859 0.303101
-0.295459 0.303666
-0.295059 0.304233
-0.294659 0.304801
-0.294259 0.305372
-0.293859 0.305944
-0.293459 0.306518
-0.293059 0.307093
-0.292659 0.307671
-0.292258 0.30825
-0.291858 0.308831
-0.291458 0.309413
-0.291058 0.309998
-0.290658 0.310584
-0.290258 0.311172
-0.289858 0.311762
-0.289458 0.312354
-0.289058 0.312948
-0.288658 0.313543
-0.288258 0.31414
-0.287858 0.314739
-0.287457 0.31534
-0.287057 0.315943
-0.286657 0.316548
-0.286257 0.317154
-0.285857 0.317762
-0.285457 0.318373
-0.285057 0.318985
-0.284657 0.319599
-0.284257 0.320214
-0.283857 0.320832
-0.283457 0.321452
-0.283057 0.322073
-0.282657 0.322697
-0.282256 0.323322
-0.281856 0.323949
-0.281456 0.324578
-0.281056 0.325209
-0.280656 0.325842
-0.280256 0.326477
-0.279856 0.327114
-0.279456 0.327753
-0.279056 0.328394
-0.278656 0.329037
-0.278256 0.329681
-0.277856 0.330328
-0.277455 0.330976
-0.277055 0.331627
-0.276655 0.33228
-0.276255 0.332934
-0.275855 0.333591
-0.275455 0.334249
-0.275055 0.33491
-0.274655 0.335572
-0.274255 0.336237
-0.273855 0.336904
-0.273455 0.337572
-0.273055 0.338243
-0.272655 0.338916
-0.272254 0.33959
-0.271854 0.340267
-0.271454 0.340946
-0.271054 0.341627
-0.270654 0.34231
-0.270254 0.342995
-0.269854 0.343682
-0.269454 0.344371
-0.269054 0.345062
-0.268654 0.345755
-0.268254 0.346451
-0.267854 0.347148
-0.267453 0.347848
-0.267053 0.348549
-0.266653 0.349253
-0.266253 0.349959
-0.265853 0.350667
-0.265453 0.351377
-0.265053 0.352089
-0.264653 0.352804
-0.264253 0.35352
-0.263853 0.354239
-0.263453 0.35496
-0.263053 0.355683
-0.262653 0.356408
-0.262252 0.357135
-0.261852 0.357865
-0.261452 0.358596
-0.261052 0.35933
-0.260652 0.360066
-0.260252 0.360805
-0.259852 0.361545
-0.259452 0.362288
-0.259052 0.363033
-0.258652 0.36378
-0.258252 0.364529
-0.257852 0.36528
-0.257451 0.366034
-0.257051 0.36679
-0.256651 0.367548
-0.256251 0.368309
-0.255851 0.369071
-0.255451 0.369836
-0.255051 0.370603
-0.254651 0.371373
-0.254251 0.372145
-0.253851 0.372919
-0.253451 0.373695
-0.253051 0.374474
-0.252651 0.375254
-0.25225 0.376038
-0.25185 0.376823
-0.25145 0.377611
-0.25105 0.378401
-0.25065 0.379193
-0.25025 0.379988
-0.24985 0.380785
-0.24945 0.381584
-0.24905 0.382386
-0.24865 0.38319
-0.24825 0.383997
-0.24785 0.384805
-0.247449 0.385616
-0.247049 0.38643
-0.246649 0.387246
-0.246249 0.388064
-0.245849 0.388885
-0.245449 0.389707
-0.245049 0.390533
-0.244649 0.391361
-0.244249 0.392191
-0.243849 0.393023
-0.243449 0.393858
-0.243049 0.394696
-0.242649 0.395535
-0.242248 0.396378
-0.241848 0.397222
-0.241448 0.398069
-0.241048 0.398919
-0.240648 0.399771
-0.240248 0.400625
-0.239848 0.401482
-0.239448 0.402341
-0.239048 0.403203
-0.238648 0.404067
-0.238248 0.404934
-0.237848 0.405803
-0.237447 0.406675
-0.237047 0.407549
-0.236647 0.408426
-0.236247 0.409305
-0.235847 0.410187
-0.235447 0.411071
-0.235047 0.411958
-0.234647 0.412847
-0.234247 0.413739
-0.233847 0.414633
-0.233447 0.41553
-0.233047 0.416429
-0.232647 0.417331
-0.232246 0.418236
-0.231846 0.419143
-0.231446 0.420053
-0.231046 0.420965
-0.230646 0.42188
-0.230246 0.422797
-0.229846 0.423717
-0.229446 0.424639
-0.229046 0.425564
-0.228646 0.426492
-0.228246 0.427422
-0.227846 0.428355
-0.227445 0.429291
-0.227045 0.430229
-0.226645 0.43117
-0.226245 0.432113
-0.225845 0.433059
-0.225445 0.434008
-0.225045 0.434959
-0.224645 0.435913
-0.224245 0.43687
-0.223845 0.437829
-0.223445 0.438791
-0.223045 0.439756
-0.222645 0.440723
-0.222244 0.441693
-0.221844 0.442666
-0.221444 0.443641
-0.221044 0.444619
-0.220644 0.4456
-0.220244 0.446583
-0.219844 0.44757
-0.219444 0.448559
-0.219044 0.44955
-0.218644 0.450545
-0.218244 0.451542
-0.217844 0.452541
-0.217443 0.453544
-0.217043 0.454549
-0.216643 0.455557
-0.216243 0.456568
-0.215843 0.457582
-0.215443 0.458598
-0.215043 0.459617
-0.214643 0.460639
-0.214243 0.461664
-0.213843 0.462691
-0.213443 0.463722
-0.213043 0.464755
-0.212643 0.465791
-0.212242 0.466829
-0.211842 0.467871
-0.211442 0.468915
-0.211042 0.469963
-0.210642 0.471013
-0.210242 0.472065
-0.209842 0.473121
-0.209442 0.47418
-0.209042 0.475241
-0.208642 0.476305
-0.208242 0.477372
-0.207842 0.478442
-0.207441 0.479515
-0.207041 0.480591
-0.206641 0.481669
-0.206241 0.482751
-0.205841 0.483835
-0.205441 0.484923
-0.205041 0.486013
-0.204641 0.487106
-0.204241 0.488202
-0.203841 0.489301
-0.203441 0.490403
-0.203041 0.491507
-0.202641 0.492615
-0.20224 0.493726
-0.20184 0.494839
-0.20144 0.495956
-0.20104 0.497075
-0.20064 0.498198
-0.20024 0.499323
-0.19984 0.500452
-0.19944 0.501583
-0.19904 0.502717
-0.19864 0.503855
-0.19824 0.504995
-0.19784 0.506138
-0.197439 0.507284
-0.197039 0.508432
-0.196639 0.509584
-0.196239 0.510738
-0.195839 0.511895
-0.195439 0.513055
-0.195039 0.514218
-0.194639 0.515383
-0.194239 0.516551
-0.193839 0.517722
-0.193439 0.518895
-0.193039 0.520071
-0.192639 0.52125
-0.192238 0.522431
-0.191838 0.523614
-0.191438 0.524801
-0.191038 0.525989
-0.190638 0.527181
-0.190238 0.528375
-0.189838 0.529571
-0.189438 0.530769
-0.189038 0.531971
-0.188638 0.533174
-0.188238 0.53438
-0.187838 0.535588
-0.187437 0.536799
-0.187037 0.538012
-0.186637 0.539227
-0.186237 0.540444
-0.185837 0.541664
-0.185437 0.542886
-0.185037 0.54411
-0.184637 0.545337
-0.184237 0.546565
-0.183837 0.547796
-0.183437 0.549029
-0.183037 0.550263
-0.182637 0.5515
-0.182236 0.55274
-0.181836 0.553981
-0.181436 0.555224
-0.181036 0.556469
-0.180636 0.557716
-0.180236 0.558965
-0.179836 0.560216
-0.179436 0.561469
-0.179036 0.562724
-0.178636 0.563981
-0.178236 0.565239
-0.177836 0.566499
-0.177435 0.567762
-0.177035 0.569026
-0.176635 0.570291
-0.176235 0.571559
-0.175835 0.572828
-0.175435 0.574099
-0.175035 0.575372
-0.174635 0.576646
-0.174235 0.577922
-0.173835 0.5792
-0.173435 0.580479
-0.173035 0.58176
-0.172635 0.583042
-0.172234 0.584326
-0.171834 0.585611
-0.171434 0.586898
-0.171034 0.588187
-0.170634 0.589476
-0.170234 0.590768
-0.169834 0.59206
-0.169434 0.593355
-0.169034 0.59465
-0.168634 0.595947
-0.168234 0.597245
-0.167834 0.598544
-0.167433 0.599845
-0.167033 0.601147
-0.166633 0.602451
-0.166233 0.603755
-0.165833 0.605061
-0.165433 0.606368
-0.165033 0.607676
-0.164633 0.608985
-0.164233 0.610295
-0.163833 0.611607
-0.163433 0.612919
-0.163033 0.614233
-0.162633 0.615547
-0.162232 0.616863
-0.161832 0.61818
-0.161432 0.619497
-0.161032 0.620816
-0.160632 0.622135
-0.160232 0.623456
-0.159832 0.624777
-0.159432 0.626099
-0.159032 0.627422
-0.158632 0.628746
-0.158232 0.630071
-0.157832 0.631396
-0.157431 0.632722
-0.157031 0.634049
-0.156631 0.635377
-0.156231 0.636705
-0.155831 0.638034
-0.155431 0.639364
-0.155031 0.640695
-0.154631 0.642026
-0.154231 0.643357
-0.153831 0.644689
-0.153431 0.646022
-0.153031 0.647355
-0.152631 0.648689
-0.15223 0.650024
-0.15183 0.651358
-0.15143 0.652694
-0.15103 0.654029
-0.15063 0.655365
-0.15023 0.656702
-0.14983 0.658039
-0.14943 0.659376
-0.14903 0.660713
-0.14863 0.662051
-0.14823 0.663389
-0.14783 0.664728
-0.147429 0.666066
-0.147029 0.667405
-0.146629 0.668744
-0.146229 0.670083
-0.145829 0.671423
-0.145429 0.672762
-0.145029 0.674102
-0.144629 0.675441
-0.144229 0.676781
-0.143829 0.678121
-0.143429 0.679461
-0.143029 0.680801
-0.142629 0.682141
-0.142228 0.683481
-0.141828 0.684821
-0.141428 0.68616
-0.141028 0.6875
-0.140628 0.68884
-0.140228 0.690179
-0.139828 0.691518
-0.139428 0.692857
-0.139028 0.694196
-0.138628 0.695535
-0.138228 0.696873
-0.137828 0.698212
-0.137427 0.699549
-0.137027 0.700887
-0.136627 0.702224
-0.136227 0.703561
-0.135827 0.704898
-0.135427 0.706234
-0.135027 0.70757
-0.134627 0.708905
-0.134227 0.71024
-0.133827 0.711575
-0.133427 0.712909
-0.133027 0.714242
-0.132627 0.715575
-0.132226 0.716907
-0.131826 0.718239
-0.131426 0.71957
-0.131026 0.720901
-0.130626 0.722231
-0.130226 0.72356
-0.129826 0.724889
-0.129426 0.726217
-0.129026 0.727544
-0.128626 0.728871
-0.128226 0.730196
-0.127826 0.731521
-0.127425 0.732845
-0.127025 0.734169
-0.126625 0.735491
-0.126225 0.736813
-0.125825 0.738133
-0.125425 0.739453
-0.125025 0.740772
-0.124625 0.74209
-0.124225 0.743407
-0.123825 0.744723
-0.123425 0.746038
-0.123025 0.747352
-0.122625 0.748665
-0.122224 0.749977
-0.121824 0.751287
-0.121424 0.752597
-0.121024 0.753905
-0.120624 0.755213
-0.120224 0.756519
-0.119824 0.757824
-0.119424 0.759127
-0.119024 0.76043
-0.118624 0.761731
-0.118224 0.763031
-0.117824 0.76433
-0.117423 0.765627
-0.117023 0.766923
-0.116623 0.768217
-0.116223 0.76951
-0.115823 0.770802
-0.115423 0.772093
-0.115023 0.773381
-0.114623 0.774669
-0.114223 0.775955
-0.113823 0.777239
-0.113423 0.778522
-0.113023 0.779803
-0.112623 0.781083
-0.112222 0.782361
-0.111822 0.783638
-0.111422 0.784913
-0.111022 0.786186
-0.110622 0.787457
-0.110222 0.788727
-0.109822 0.789995
-0.109422 0.791262
-0.109022 0.792526
-0.108622 0.793789
-0.108222 0.79505
-0.107822 0.796309
-0.107421 0.797567
-0.107021 0.798822
-0.106621 0.800076
-0.106221 0.801327
-0.105821 0.802577
-0.105421 0.803825
-0.105021 0.805071
-0.104621 0.806315
-0.104221 0.807556
-0.103821 0.808796
-0.103421 0.810034
-0.103021 0.81127
-0.102621 0.812503
-0.10222 0.813734
-0.10182 0.814964
-0.10142 0.816191
-0.10102 0.817416
-0.10062 0.818638
-0.10022 0.819859
-0.09982 0.821077
-0.0994199 0.822293
-0.0990198 0.823507
-0.0986197 0.824718
-0.0982196 0.825927
-0.0978196 0.827134
-0.0974195 0.828338
-0.0970194 0.82954
-0.0966193 0.83074
-0.0962192 0.831937
-0.0958192 0.833131
-0.0954191 0.834324
-0.095019 0.835513
-0.0946189 0.8367
-0.0942188 0.837885
-0.0938188 0.839067
-0.0934187 0.840246
-0.0930186 0.841423
-0.0926185 0.842597
-0.0922184 0.843769
-0.0918184 0.844938
-0.0914183 0.846104
-0.0910182 0.847268
-0.0906181 0.848429
-0.090218 0.849587
-0.089818 0.850742
-0.0894179 0.851894
-0.0890178 0.853044
-0.0886177 0.854191
-0.0882176 0.855335
-0.0878176 0.856476
-0.0874175 0.857614
-0.0870174 0.858749
-0.0866173 0.859882
-0.0862172 0.861011
-0.0858172 0.862138
-0.0854171 0.863261
-0.085017 0.864382
-0.0846169 0.865499
-0.0842168 0.866613
-0.0838168 0.867724
-0.0834167 0.868833
-0.0830166 0.869938
-0.0826165 0.871039
-0.0822164 0.872138
-0.0818164 0.873234
-0.0814163 0.874326
-0.0810162 0.875415
-0.0806161 0.876501
-0.080216 0.877583
-0.079816 0.878662
-0.0794159 0.879738
-0.0790158 0.880811
-0.0786157 0.88188
-0.0782156 0.882946
-0.0778156 0.884009
-0.0774155 0.885068
-0.0770154 0.886123
-0.0766153 0.887175
-0.0762152 0.888224
-0.0758152 0.889269
-0.0754151 0.890311
-0.075015 0.891349
-0.0746149 0.892383
-0.0742148 0.893414
-0.0738148 0.894442
-0.0734147 0.895465
-0.0730146 0.896485
-0.0726145 0.897502
-0.0722144 0.898515
-0.0718144 0.899524
-0.0714143 0.900529
-0.0710142 0.90153
-0.0706141 0.902528
-0.070214 0.903522
-0.069814 0.904512
-0.0694139 0.905498
-0.0690138 0.906481
-0.0686137 0.907459
-0.0682136 0.908434
-0.0678136 0.909405
-0.0674135 0.910371
-0.0670134 0.911334
-0.0666133 0.912293
-0.0662132 0.913248
-0.0658132 0.914199
-0.0654131 0.915145
-0.065013 0.916088
-0.0646129 0.917027
-0.0642128 0.917961
-0.0638128 0.918892
-0.0634127 0.919818
-0.0630126 0.92074
-0.0626125 0.921658
-0.0622124 0.922571
-0.0618124 0.923481
-0.0614123 0.924386
-0.0610122 0.925287
-0.0606121 0.926183
-0.060212 0.927076
-0.059812 0.927964
-0.0594119 0.928847
-0.0590118 0.929726
-0.0586117 0.930601
-0.0582116 0.931471
-0.0578116 0.932337
-0.0574115 0.933199
-0.0570114 0.934056
-0.0566113 0.934908
-0.0562112 0.935756
-0.0558112 0.936599
-0.0554111 0.937438
-0.055011 0.938272
-0.0546109 0.939102
-0.0542108 0.939927
-0.0538108 0.940747
-0.0534107 0.941563
-0.0530106 0.942374
-0.0526105 0.94318
-0.0522104 0.943982
-0.0518104 0.944778
-0.0514103 0.94557
-0.0510102 0.946357
-0.0506101 0.94714
-0.05021 0.947917
-0.04981 0.94869
-0.0494099 0.949458
-0.0490098 0.95022
-0.0486097 0.950978
-0.0482096 0.951731
-0.0478096 0.952479
-0.0474095 0.953222
-0.0470094 0.95396
-0.0466093 0.954693
-0.0462092 0.955421
-0.0458092 0.956144
-0.0454091 0.956862
-0.045009 0.957575
-0.0446089 0.958282
-0.0442088 0.958984
-0.0438088 0.959682
-0.0434087 0.960374
-0.0430086 0.96106
-0.0426085 0.961742
-0.0422084 0.962418
-0.0418084 0.963089
-0.0414083 0.963755
-0.0410082 0.964415
-0.0406081 0.96507
-0.040208 0.96572
-0.039808 0.966364
-0.0394079 0.967003
-0.0390078 0.967636
-0.0386077 0.968264
-0.0382076 0.968887
-0.0378076 0.969504
-0.0374075 0.970115
-0.0370074 0.970721
-0.0366073 0.971322
-0.0362072 0.971917
-0.0358072 0.972506
-0.0354071 0.97309
-0.035007 0.973668
-0.0346069 0.97424
-0.0342068 0.974807
-0.0338068 0.975368
-0.0334067 0.975923
-0.0330066 0.976472
-0.0326065 0.977016
-0.0322064 0.977554
-0.0318064 0.978086
-0.0314063 0.978612
-0.0310062 0.979133
-0.0306061 0.979648
-0.030206 0.980156
-0.029806 0.980659
-0.0294059 0.981156
-0.0290058 0.981647
-0.0286057 0.982132
-0.0282056 0.982611
-0.0278056 0.983084
-0.0274055 0.983551
-0.0270054 0.984012
-0.0266053 0.984466
-0.0262052 0.984915
-0.0258052 0.985358
-0.0254051 0.985794
-0.025005 0.986224
-0.0246049 0.986649
-0.0242048 0.987066
-0.0238048 0.987478
-0.0234047 0.987884
-0.0230046 0.988283
-0.0226045 0.988676
-0.0222044 0.989062
-0.0218044 0.989442
-0.0214043 0.989816
-0.0210042 0.990184
-0.0206041 0.990545
-0.020204 0.9909
-0.019804 0.991248
-0.0194039 0.99159
-0.0190038 0.991925
-0.0186037 0.992254
-0.0182036 0.992576
-0.0178036 0.992892
-0.0174035 0.993201
-0.0170034 0.993504
-0.0166033 0.9938
-0.0162032 0.99409
-0.0158032 0.994373
-0.0154031 0.994649
-0.015003 0.994918
-0.0146029 0.995181
-0.0142028 0.995437
-0.0138028 0.995686
-0.0134027 0.995929
-0.0130026 0.996165
-0.0126025 0.996393
-0.0122024 0.996616
-0.0118024 0.996831
-0.0114023 0.997039
-0.0110022 0.997241
-0.0106021 0.997435
-0.010202 0.997623
-0.00980196 0.997804
-0.00940188 0.997977
-0.0090018 0.998144
-0.00860172 0.998304
-0.00820164 0.998456
-0.00780156 0.998602
-0.00740148 0.998741
-0.0070014 0.998872
-0.00660132 0.998996
-0.00620124 0.999113
-0.00580116 0.999223
-0.00540108 0.999326
-0.005001 0.999422
-0.00460092 0.99951
-0.00420084 0.999591
-0.00380076 0.999665
-0.00340068 0.999732
-0.0030006 0.999791
-0.00260052 0.999843
-0.00220044 0.999887
-0.00180036 0.999925
-0.00140028 0.999954
-0.0010002 0.999977
-0.00060012 0.999992
-0.00020004 0.999999
0.00020004 0.999999
0.00060012 0.999992
0.0010002 0.999977
0.00140028 0.999954
0.00180036 0.999924
0.00220044 0.999887
0.00260052 0.999843
0.0030006 0.999791
0.00340068 0.999732
0.00380076 0.999665
0.00420084 0.999591
0.00460092 0.99951
0.005001 0.999422
0.00540108 0.999326
0.00580116 0.999223
0.00620124 0.999113
0.00660132 0.998996
0.0070014 0.998872
0.00740148 0.998741
0.00780156 0.998602
0.00820164 0.998456
0.00860172 0.998304
0.0090018 0.998144
0.00940188 0.997977
0.00980196 0.997804
0.010202 0.997623
0.0106021 0.997435
0.0110022 0.997241
0.0114023 0.997039
0.0118024 0.996831
0.0122024 0.996616
0.0126025 0.996393
0.0130026 0.996165
0.0134027 0.995929
0.0138028 0.995686
0.0142028 0.995437
0.0146029 0.995181
0.015003 0.994918
0.0154031 0.994649
0.0158032 0.994373
0.0162032 0.99409
0.0166033 0.9938
0.0170034 0.993504
0.0174035 0.993201
0.0178036 0.992892
0.0182036 0.992576
0.0186037 0.992254
0.0190038 0.991925
0.0194039 0.99159
0.019804 0.991248
0.020204 0.9909
0.0206041 0.990545
0.0210042 0.990184
0.0214043 0.989816
0.0218044 0.989442
0.0222044 0.989062
0.0226045 0.988676
0.0230046 0.988283
0.0234047 0.987884
0.0238048 0.987478
0.0242048 0.987066
0.0246049 0.986649
0.025005 0.986224
0.0254051 0.985794
0.0258052 0.985358
0.0262052 0.984915
0.0266053 0.984466
0.0270054 0.984012
0.0274055 0.983551
0.0278056 0.983084
0.0282056 0.982611
0.0286057 0.982132
0.0290058 0.981647
0.0294059 0.981156
0.029806 0.980659
0.030206 0.980156
0.0306061 0.979648
0.0310062 0.979133
0.0314063 0.978612
0.0318064 0.978086
0.0322064 0.977554
0.0326065 0.977016
0.0330066 0.976472
0.0334067 0.975923
0.0338068 0.975368
0.0342068 0.974807
0.0346069 0.97424
0.035007 0.973668
0.0354071 0.97309
0.0358072 0.972506
0.0362072 0.971917
0.0366073 0.971322
0.0370074 0.970721
0.0374075 0.970115
0.0378076 0.969504
0.0382076 0.968887
0.0386077 0.968264
0.0390078 0.967636
0.0394079 0.967003
0.039808 0.966364
0.040208 0.96572
0.0406081 0.96507
0.0410082 0.964415
0.0414083 0.963755
0.0418084 0.963089
0.0422084 0.962418
0.0426085 0.961742
0.0430086 0.96106
0.0434087 0.960374
0.0438088 0.959682
0.0442088 0.958984
0.0446089 0.958282
0.045009 0.957575
0.0454091 0.956862
0.0458092 0.956144
0.0462092 0.955421
0.0466093 0.954693
0.0470094 0.95396
0.0474095 0.953222
0.0478096 0.952479
0.0482096 0.951731
0.0486097 0.950978
0.0490098 0.95022
0.0494099 0.949458
0.04981 0.94869
0.05021 0.947917
0.0506101 0.94714
0.0510102 0.946357
0.0514103 0.94557
0.0518104 0.944778
0.0522104 0.943982
0.0526105 0.94318
0.0530106 0.942374
0.0534107 0.941563
0.0538108 0.940747
0.0542108 0.939927
0.0546109 0.939102
0.055011 0.938272
0.0554111 0.937438
0.0558112 0.936599
0.0562112 0.935756
0.0566113 0.934908
0.0570114 0.934056
0.0574115 0.933199
0.0578116 0.932337
0.0582116 0.931471
0.0586117 0.930601
0.0590118 0.929726
0.0594119 0.928847
0.059812 0.927964
0.060212 0.927076
0.0606121 0.926183
0.0610122 0.925287
0.0614123 0.924386
0.0618124 0.923481
0.0622124 0.922571
0.0626125 0.921658
0.0630126 0.92074
0.0634127 0.919818
0.0638128 0.918892
0.0642128 0.917961
0.0646129 0.917027
0.065013 0.916088
0.0654131 0.915145
0.0658132 0.914199
0.0662132 0.913248
0.0666133 0.912293
0.0670134 0.911334
0.0674135 0.910371
0.0678136 0.909405
0.0682136 0.908434
0.0686137 0.907459
0.0690138 0.906481
0.0694139 0.905498
0.069814 0.904512
0.070214 0.903522
0.0706141 0.902528
0.0710142 0.90153
0.0714143 0.900529
0.0718144 0.899524
0.0722144 0.898515
0.0726145 0.897502
0.0730146 0.896485
0.0734147 0.895465
0.0738148 0.894442
0.0742148 0.893414
0.0746149 0.892383
0.075015 0.891349
0.0754151 0.890311
0.0758152 0.889269
0.0762152 0.888224
0.0766153 0.887175
0.0770154 0.886123
0.0774155 0.885068
0.0778156 0.884009
0.0782156 0.882946
0.0786157 0.88188
0.0790158 0.880811
0.0794159 0.879738
0.079816 0.878662
0.080216 0.877583
0.0806161 0.876501
0.0810162 0.875415
0.0814163 0.874326
0.0818164 0.873234
0.0822164 0.872138
0.0826165 0.871039
0.0830166 0.869938
0.0834167 0.868833
0.0838168 0.867724
0.0842168 0.866613
0.0846169 0.865499
0.085017 0.864382
0.0854171 0.863261
0.0858172 0.862138
0.0862172 0.861011
0.0866173 0.859882
0.0870174 0.858749
0.0874175 0.857614
0.0878176 0.856476
0.0882176 0.855335
0.0886177 0.854191
0.0890178 0.853044
0.0894179 0.851894
0.089818 0.850742
0.090218 0.849587
0.0906181 0.848429
0.0910182 0.847268
0.0914183 0.846104
0.0918184 0.844938
0.0922184 0.843769
0.0926185 0.842597
0.0930186 0.841423
0.0934187 0.840246
0.0938188 0.839067
0.0942188 0.837885
0.0946189 0.8367
0.095019 0.835513
0.0954191 0.834324
0.0958192 0.833131
0.0962192 0.831937
0.0966193 0.83074
0.0970194 0.82954
0.0974195 0.828338
0.0978196 0.827134
0.0982196 0.825927
0.0986197 0.824718
0.0990198 0.823507
0.0994199 0.822293
0.09982 0.821077
0.10022 0.819859
0.10062 0.818638
0.10102 0.817416
0.10142 0.816191
0.10182 0.814964
0.10222 0.813734
0.102621 0.812503
0.103021 0.811269
0.103421 0.810034
0.103821 0.808796
0.104221 0.807556
0.104621 0.806315
0.105021 0.805071
0.105421 0.803825
0.105821 0.802577
0.106221 0.801327
0.106621 0.800076
0.107021 0.798822
0.107421 0.797567
0.107822 0.796309
0.108222 0.79505
0.108622 0.793789
0.109022 0.792526
0.109422 0.791262
0.109822 0.789995
0.110222 0.788727
0.110622 0.787457
0.111022 0.786186
0.111422 0.784913
0.111822 0.783638
0.112222 0.782361
0.112623 0.781083
0.113023 0.779803
0.113423 0.778522
0.113823 0.777239
0.114223 0.775955
0.114623 0.774669
0.115023 0.773381
0.115423 0.772093
0.115823 0.770802
0.116223 0.76951
0.116623 0.768217
0.117023 0.766923
0.117423 0.765627
0.117824 0.76433
0.118224 0.763031
0.118624 0.761731
0.119024 0.76043
0.119424 0.759127
0.119824 0.757824
0.120224 0.756519
0.120624 0.755213
0.121024 0.753905
0.121424 0.752597
0.121824 0.751287
0.122224 0.749977
0.122625 0.748665
0.123025 0.747352
0.123425 0.746038
0.123825 0.744723
0.124225 0.743407
0.124625 0.74209
0.125025 0.740772
0.125425 0.739453
0.125825 0.738133
0.126225 0.736813
0.126625 0.735491
0.127025 0.734169
0.127425 0.732845
0.127826 0.731521
0.128226 0.730196
0.128626 0.728871
0.129026 0.727544
0.129426 0.726217
0.129826 0.724889
0.130226 0.72356
0.130626 0.722231
0.131026 0.720901
0.131426 0.71957
0.131826 0.718239
0.132226 0.716907
0.132627 0.715575
0.133027 0.714242
0.133427 0.712909
0.133827 0.711575
0.134227 0.71024
0.134627 0.708905
0.135027 0.70757
0.135427 0.706234
0.135827 0.704898
0.136227 0.703561
0.136627 0.702224
0.137027 0.700887
0.137427 0.699549
0.137828 0.698212
0.138228 0.696873
0.138628 0.695535
0.139028 0.694196
0.139428 0.692857
0.139828 0.691518
0.140228 0.690179
0.140628 0.68884
0.141028 0.6875
0.141428 0.68616
0.141828 0.684821
0.142228 0.683481
0.142629 0.682141
0.143029 0.680801
0.143429 0.679461
0.143829 0.678121
0.144229 0.676781
0.144629 0.675441
0.145029 0.674102
0.145429 0.672762
0.145829 0.671423
0.146229 0.670083
0.146629 0.668744
0.147029 0.667405
0.147429 0.666066
0.14783 0.664728
0.14823 0.663389
0.14863 0.662051
0.14903 0.660713
0.14943 0.659376
0.14983 0.658039
0.15023 0.656702
0.15063 0.655365
0.15103 0.654029
0.15143 0.652694
0.15183 0.651358
0.15223 0.650024
0.152631 0.648689
0.153031 0.647355
0.153431 0.646022
0.153831 0.644689
0.154231 0.643357
0.154631 0.642026
0.155031 0.640695
0.155431 0.639364
0.155831 0.638035
0.156231 0.636705
0.156631 0.635377
0.157031 0.634049
0.157431 0.632722
0.157832 0.631396
0.158232 0.630071
0.158632 0.628746
0.159032 0.627422
0.159432 0.626099
0.159832 0.624777
0.160232 0.623456
0.160632 0.622135
0.161032 0.620816
0.161432 0.619497
0.161832 0.61818
0.162232 0.616863
0.162633 0.615547
0.163033 0.614233
0.163433 0.612919
0.163833 0.611607
0.164233 0.610295
0.164633 0.608985
0.165033 0.607676
0.165433 0.606368
0.165833 0.605061
0.166233 0.603755
0.166633 0.602451
0.167033 0.601147
0.167433 0.599845
0.167834 0.598544
0.168234 0.597245
0.168634 0.595947
0.169034 0.59465
0.169434 0.593355
0.169834 0.59206
0.170234 0.590768
0.170634 0.589476
0.171034 0.588187
0.171434 0.586898
0.171834 0.585611
0.172234 0.584326
0.172635 0.583042
0.173035 0.58176
0.173435 0.580479
0.173835 0.5792
0.174235 0.577922
0.174635 0.576646
0.175035 0.575372
0.175435 0.574099
0.175835 0.572828
0.176235 0.571559
0.176635 0.570291
0.177035 0.569026
0.177435 0.567762
0.177836 0.566499
0.178236 0.565239
0.178636 0.563981
0.179036 0.562724
0.179436 0.561469
0.179836 0.560216
0.180236 0.558965
0.180636 0.557716
0.181036 0.556469
0.181436 0.555224
0.181836 0.553981
0.182236 0.55274
0.182637 0.5515
0.183037 0.550263
0.183437 0.549029
0.183837 0.547796
0.184237 0.546565
0.184637 0.545337
0.185037 0.54411
0.185437 0.542886
0.185837 0.541664
0.186237 0.540444
0.186637 0.539227
0.187037 0.538012
0.187437 0.536799
0.187838 0.535588
0.188238 0.53438
0.188638 0.533174
0.189038 0.531971
0.189438 0.53077
0.189838 0.529571
0.190238 0.528375
0.190638 0.527181
0.191038 0.52599
0.191438 0.524801
0.191838 0.523614
0.192238 0.522431
0.192639 0.52125
0.193039 0.520071
0.193439 0.518895
0.193839 0.517722
0.194239 0.516551
0.194639 0.515383
0.195039 0.514218
0.195439 0.513055
0.195839 0.511895
0.196239 0.510738
0.196639 0.509584
0.197039 0.508432
0.197439 0.507284
0.19784 0.506138
0.19824 0.504995
0.19864 0.503855
0.19904 0.502717
0.19944 0.501583
0.19984 0.500452
0.20024 0.499323
0.20064 0.498198
0.20104 0.497075
0.20144 0.495956
0.20184 0.494839
0.20224 0.493726
0.202641 0.492615
0.203041 0.491507
0.203441 0.490403
0.203841 0.489301
0.204241 0.488202
0.204641 0.487106
0.205041 0.486013
0.205441 0.484923
0.205841 0.483835
0.206241 0.482751
0.206641 0.481669
0.207041 0.480591
0.207441 0.479515
0.207842 0.478442
0.208242 0.477372
0.208642 0.476305
0.209042 0.475241
0.209442 0.47418
0.209842 0.473121
0.210242 0.472065
0.210642 0.471013
0.211042 0.469963
0.211442 0.468915
0.211842 0.467871
0.212242 0.466829
0.212643 0.465791
0.213043 0.464755
0.213443 0.463722
0.213843 0.462691
0.214243 0.461664
0.214643 0.460639
0.215043 0.459617
0.215443 0.458598
0.215843 0.457582
0.216243 0.456568
0.216643 0.455557
0.217043 0.454549
0.217443 0.453544
0.217844 0.452541
0.218244 0.451542
0.218644 0.450545
0.219044 0.44955
0.219444 0.448559
0.219844 0.44757
0.220244 0.446583
0.220644 0.4456
0.221044 0.444619
0.221444 0.443641
0.221844 0.442666
0.222244 0.441693
0.222645 0.440723
0.223045 0.439756
0.223445 0.438791
0.223845 0.437829
0.224245 0.43687
0.224645 0.435913
0.225045 0.434959
0.225445 0.434008
0.225845 0.433059
0.226245 0.432113
0.226645 0.43117
0.227045 0.430229
0.227445 0.429291
0.227846 0.428355
0.228246 0.427422
0.228646 0.426492
0.229046 0.425564
0.229446 0.424639
0.229846 0.423717
0.230246 0.422797
0.230646 0.42188
0.231046 0.420965
0.231446 0.420053
0.231846 0.419143
0.232246 0.418236
0.232647 0.417331
0.233047 0.416429
0.233447 0.41553
0.233847 0.414633
0.234247 0.413739
0.234647 0.412847
0.235047 0.411958
0.235447 0.411071
0.235847 0.410187
0.236247 0.409305
0.236647 0.408426
0.237047 0.407549
0.237447 0.406675
0.237848 0.405803
0.238248 0.404934
0.238648 0.404067
0.239048 0.403203
0.239448 0.402341
0.239848 0.401482
0.240248 0.400625
0.240648 0.399771
0.241048 0.398919
0.241448 0.398069
0.241848 0.397222
0.242248 0.396378
0.242649 0.395535
0.243049 0.394696
0.243449 0.393858
0.243849 0.393023
0.244249 0.392191
0.244649 0.391361
0.245049 0.390533
0.245449 0.389707
0.245849 0.388884
0.246249 0.388064
0.246649 0.387246
0.247049 0.38643
0.247449 0.385616
0.24785 0.384805
0.24825 0.383997
0.24865 0.38319
0.24905 0.382386
0.24945 0.381584
0.24985 0.380785
0.25025 0.379988
0.25065 0.379193
0.25105 0.378401
0.25145 0.377611
0.25185 0.376823
0.25225 0.376038
0.252651 0.375254
0.253051 0.374474
0.253451 0.373695
0.253851 0.372919
0.254251 0.372145
0.254651 0.371373
0.255051 0.370603
0.255451 0.369836
0.255851 0.369071
0.256251 0.368309
0.256651 0.367548
0.257051 0.36679
0.257451 0.366034
0.257852 0.36528
0.258252 0.364529
0.258652 0.36378
0.259052 0.363032
0.259452 0.362288
0.259852 0.361545
0.260252 0.360805
0.260652 0.360066
0.261052 0.35933
0.261452 0.358596
0.261852 0.357865
0.262252 0.357135
0.262653 0.356408
0.263053 0.355683
0.263453 0.35496
0.263853 0.354239
0.264253 0.35352
0.264653 0.352804
0.265053 0.352089
0.265453 0.351377
0.265853 0.350667
0.266253 0.349959
0.266653 0.349253
0.267053 0.348549
0.267453 0.347848
0.267854 0.347148
0.268254 0.346451
0.268654 0.345755
0.269054 0.345062
0.269454 0.344371
0.269854 0.343682
0.270254 0.342995
0.270654 0.34231
0.271054 0.341627
0.271454 0.340946
0.271854 0.340267
0.272254 0.33959
0.272655 0.338916
0.273055 0.338243
0.273455 0.337572
0.273855 0.336904
0.274255 0.336237
0.274655 0.335572
0.275055 0.33491
0.275455 0.334249
0.275855 0.333591
0.276255 0.332934
0.276655 0.33228
0.277055 0.331627
0.277455 0.330976
0.277856 0.330328
0.278256 0.329681
0.278656 0.329036
0.279056 0.328394
0.279456 0.327753
0.279856 0.327114
0.280256 0.326477
0.280656 0.325842
0.281056 0.325209
0.281456 0.324578
0.281856 0.323949
0.282256 0.323322
0.282657 0.322697
0.283057 0.322073
0.283457 0.321452
0.283857 0.320832
0.284257 0.320214
0.284657 0.319599
0.285057 0.318985
0.285457 0.318373
0.285857 0.317762
0.286257 0.317154
0.286657 0.316548
0.287057 0.315943
0.287457 0.31534
0.287858 0.314739
0.288258 0.31414
0.288658 0.313543
0.289058 0.312948
0.289458 0.312354
0.289858 0.311762
0.290258 0.311172
0.290658 0.310584
0.291058 0.309998
0.291458 0.309413
0.291858 0.308831
0.292258 0.30825
0.292659 0.307671
0.293059 0.307093
0.293459 0.306518
0.293859 0.305944
0.294259 0.305372
0.294659 0.304801
0.295059 0.304233
0.295459 0.303666
0.295859 0.303101
0.296259 0.302538
0.296659 0.301976
0.297059 0.301416
0.297459 0.300858
0.29786 0.300302
0.29826 0.299747
0.29866 0.299194
0.29906 0.298643
0.29946 0.298093
0.29986 0.297545
0.30026 0.296999
0.30066 0.296455
0.30106 0.295912
0.30146 0.295371
0.30186 0.294831
0.30226 0.294293
0.302661 0.293757
0.303061 0.293223
0.303461 0.29269
0.303861 0.292158
0.304261 0.291629
0.304661 0.291101
0.305061 0.290574
0.305461 0.29005
0.305861 0.289527
0.306261 0.289005
0.306661 0.288485
0.307061 0.287967
0.307461 0.28745
0.307862 0.286935
0.308262 0.286421
0.308662 0.285909
0.309062 0.285399
0.309462 0.28489
0.309862 0.284383
0.310262 0.283877
0.310662 0.283373
0.311062 0.28287
0.311462 0.282369
0.311862 0.28187
0.312262 0.281372
0.312663 0.280875
0.313063 0.280381
0.313463 0.279887
0.313863 0.279395
0.314263 0.278905
0.314663 0.278416
0.315063 0.277928
0.315463 0.277443
0.315863 0.276958
0.316263 0.276475
0.316663 0.275994
0.317063 0.275514
0.317463 0.275035
0.317864 0.274558
0.318264 0.274082
0.318664 0.273608
0.319064 0.273136
0.319464 0.272664
0.319864 0.272194
0.320264 0.271726
0.320664 0.271259
0.321064 0.270793
0.321464 0.270329
0.321864 0.269867
0.322264 0.269405
0.322665 0.268945
0.323065 0.268487
0.323465 0.26803
0.323865 0.267574
0.324265 0.267119
0.324665 0.266666
0.325065 0.266215
0.325465 0.265764
0.325865 0.265315
0.326265 0.264868
0.326665 0.264422
0.327065 0.263977
0.327465 0.263533
0.327866 0.263091
0.328266 0.26265
0.328666 0.26221
0.329066 0.261772
0.329466 0.261335
0.329866 0.260899
0.330266 0.260465
0.330666 0.260032
0.331066 0.2596
0.331466 0.25917
0.331866 0.258741
0.332266 0.258313
0.332667 0.257886
0.333067 0.257461
0.333467 0.257036
0.333867 0.256613
0.334267 0.256192
0.334667 0.255771
0.335067 0.255352
0.335467 0.254934
0.335867 0.254518
0.336267 0.254102
0.336667 0.253688
0.337067 0.253275
0.337467 0.252863
0.337868 0.252453
0.338268 0.252043
0.338668 0.251635
0.339068 0.251228
0.339468 0.250822
0.339868 0.250417
0.340268 0.250014
0.340668 0.249611
0.341068 0.24921
0.341468 0.24881
0.341868 0.248411
0.342268 0.248014
0.342669 0.247617
0.343069 0.247221
0.343469 0.246827
0.343869 0.246434
0.344269 0.246042
0.344669 0.245651
0.345069 0.245261
0.345469 0.244872
0.345869 0.244485
0.346269 0.244098
0.346669 0.243713
0.347069 0.243328
0.347469 0.242945
0.34787 0.242563
0.34827 0.242182
0.34867 0.241801
0.34907 0.241422
0.34947 0.241044
0.34987 0.240667
0.35027 0.240292
0.35067 0.239917
0.35107 0.239543
0.35147 0.23917
0.35187 0.238798
0.35227 0.238428
0.352671 0.238058
0.353071 0.237689
0.353471 0.237321
0.353871 0.236955
0.354271 0.236589
0.354671 0.236224
0.355071 0.23586
0.355471 0.235497
0.355871 0.235136
0.356271 0.234775
0.356671 0.234415
0.357071 0.234056
0.357471 0.233698
0.357872 0.233341
0.358272 0.232985
0.358672 0.23263
0.359072 0.232275
0.359472 0.231922
0.359872 0.23157
0.360272 0.231218
0.360672 0.230867
0.361072 0.230518
0.361472 0.230169
0.361872 0.229821
0.362272 0.229474
0.362673 0.229128
0.363073 0.228783
0.363473 0.228438
0.363873 0.228095
0.364273 0.227752
0.364673 0.22741
0.365073 0.227069
0.365473 0.226729
0.365873 0.22639
0.366273 0.226052
0.366673 0.225714
0.367073 0.225377
0.367473 0.225042
0.367874 0.224706
0.368274 0.224372
0.368674 0.224039
0.369074 0.223706
0.369474 0.223374
0.369874 0.223043
0.370274 0.222713
0.370674 0.222383
0.371074 0.222054
0.371474 0.221726
0.371874 0.221399
0.372274 0.221073
0.372675 0.220747
0.373075 0.220422
0.373475 0.220098
0.373875 0.219774
0.374275 0.219451
0.374675 0.219129
0.375075 0.218808
0.375475 0.218488
0.375875 0.218168
0.376275 0.217849
0.376675 0.21753
0.377075 0.217212
0.377475 0.216895
0.377876 0.216579
0.378276 0.216263
0.378676 0.215948
0.379076 0.215634
0.379476 0.21532
0.379876 0.215007
0.380276 0.214695
0.380676 0.214383
0.381076 0.214072
0.381476 0.213762
0.381876 0.213452
0.382276 0.213143
0.382677 0.212834
0.383077 0.212526
0.383477 0.212219
0.383877 0.211912
0.384277 0.211606
0.384677 0.211301
0.385077 0.210996
0.385477 0.210691
0.385877 0.210388
0.386277 0.210085
0.386677 0.209782
0.387077 0.20948
0.387477 0.209179
0.387878 0.208878
0.388278 0.208577
0.388678 0.208278
0.389078 0.207978
0.389478 0.20768
0.389878 0.207382
0.390278 0.207084
0.390678 0.206787
0.391078 0.20649
0.391478 0.206194
0.391878 0.205899
0.392278 0.205604
0.392679 0.205309
0.393079 0.205015
0.393479 0.204721
0.393879 0.204428
0.394279 0.204136
0.394679 0.203843
0.395079 0.203552
0.395479 0.203261
0.395879 0.20297
0.396279 0.202679
0.396679 0.20239
0.397079 0.2021
0.397479 0.201811
0.39788 0.201523
0.39828 0.201234
0.39868 0.200947
0.39908 0.200659
0.39948 0.200372
0.39988 0.200086
0.40028 0.1998
0.40068 0.199514
0.40108 0.199229
0.40148 0.198944
0.40188 0.198659
0.40228 0.198375
0.402681 0.198091
0.403081 0.197808
0.403481 0.197525
0.403881 0.197243
0.404281 0.19696
0.404681 0.196679
0.405081 0.196397
0.405481 0.196116
0.405881 0.195836
0.406281 0.195556
0.406681 0.195276
0.407081 0.194996
0.407481 0.194717
0.407882 0.194439
0.408282 0.194161
0.408682 0.193883
0.409082 0.193605
0.409482 0.193328
0.409882 0.193052
0.410282 0.192775
0.410682 0.192499
0.411082 0.192224
0.411482 0.191949
0.411882 0.191674
0.412282 0.1914
0.412683 0.191126
0.413083 0.190852
0.413483 0.190579
0.413883 0.190306
0.414283 0.190034
0.414683 0.189762
0.415083 0.18949
0.415483 0.189219
0.415883 0.188948
0.416283 0.188678
0.416683 0.188407
0.417083 0.188138
0.417483 0.187868
0.417884 0.1876
0.418284 0.187331
0.418684 0.187063
0.419084 0.186795
0.419484 0.186528
0.419884 0.186261
0.420284 0.185994
0.420684 0.185728
0.421084 0.185462
0.421484 0.185196
0.421884 0.184931
0.422284 0.184666
0.422685 0.184402
0.423085 0.184138
0.423485 0.183874
0.423885 0.183611
0.424285 0.183348
0.424685 0.183086
0.425085 0.182824
0.425485 0.182562
0.425885 0.182301
0.426285 0.18204
0.426685 0.181779
0.427085 0.181519
0.427485 0.181259
0.427886 0.181
0.428286 0.180741
0.428686 0.180482
0.429086 0.180224
0.429486 0.179966
0.429886 0.179708
0.430286 0.179451
0.430686 0.179194
0.431086 0.178938
0.431486 0.178682
0.431886 0.178426
0.432286 0.17817
0.432687 0.177915
0.433087 0.177661
0.433487 0.177407
0.433887 0.177153
0.434287 0.176899
0.434687 0.176646
0.435087 0.176393
0.435487 0.176141
0.435887 0.175889
0.436287 0.175637
0.436687 0.175386
0.437087 0.175135
0.437487 0.174885
0.437888 0.174635
0.438288 0.174385
0.438688 0.174135
0.439088 0.173886
0.439488 0.173637
0.439888 0.173389
0.440288 0.173141
0.440688 0.172894
0.441088 0.172646
0.441488 0.172399
0.441888 0.172153
0.442288 0.171907
0.442689 0.171661
0.443089 0.171416
0.443489 0.171171
0.443889 0.170926
0.444289 0.170682
0.444689 0.170438
0.445089 0.170194
0.445489 0.169951
0.445889 0.169708
0.446289 0.169465
0.446689 0.169223
0.447089 0.168981
0.447489 0.16874
0.44789 0.168499
0.44829 0.168258
0.44869 0.168018
0.44909 0.167778
0.44949 0.167538
0.44989 0.167299
0.45029 0.16706
0.45069 0.166821
0.45109 0.166583
0.45149 0.166345
0.45189 0.166108
0.45229 0.165871
0.452691 0.165634
0.453091 0.165397
0.453491 0.165161
0.453891 0.164926
0.454291 0.16469
0.454691 0.164455
0.455091 0.164221
0.455491 0.163986
0.455891 0.163752
0.456291 0.163519
0.456691 0.163285
0.457091 0.163053
0.457491 0.16282
0.457892 0.162588
0.458292 0.162356
0.458692 0.162125
0.459092 0.161893
0.459492 0.161663
0.459892 0.161432
0.460292 0.161202
0.460692 0.160972
0.461092 0.160743
0.461492 0.160514
0.461892 0.160285
0.462292 0.160057
0.462693 0.159829
0.463093 0.159601
0.463493 0.159374
0.463893 0.159147
0.464293 0.15892
0.464693 0.158694
0.465093 0.158468
0.465493 0.158243
0.465893 0.158018
0.466293 0.157793
0.466693 0.157568
0.467093 0.157344
0.467493 0.15712
0.467894 0.156897
0.468294 0.156673
0.468694 0.156451
0.469094 0.156228
0.469494 0.156006
0.469894 0.155784
0.470294 0.155563
0.470694 0.155342
0.471094 0.155121
0.471494 0.154901
0.471894 0.154681
0.472294 0.154461
0.472695 0.154241
0.473095 0.154022
0.473495 0.153804
0.473895 0.153585
0.474295 0.153367
0.474695 0.15315
0.475095 0.152932
0.475495 0.152715
0.475895 0.152499
0.476295 0.152282
0.476695 0.152066
0.477095 0.151851
0.477495 0.151635
0.477896 0.15142
0.478296 0.151206
0.478696 0.150991
0.479096 0.150777
0.479496 0.150564
0.479896 0.15035
0.480296 0.150137
0.480696 0.149925
0.481096 0.149712
0.481496 0.1495
0.481896 0.149289
0.482296 0.149077
0.482697 0.148866
0.483097 0.148656
0.483497 0.148445
0.483897 0.148235
0.484297 0.148026
0.484697 0.147816
0.485097 0.147607
0.485497 0.147399
0.485897 0.14719
0.486297 0.146982
0.486697 0.146775
0.487097 0.146567
0.487497 0.14636
0.487898 0.146154
0.488298 0.145947
0.488698 0.145741
0.489098 0.145536
0.489498 0.14533
0.489898 0.145125
0.490298 0.14492
0.490698 0.144716
0.491098 0.144512
0.491498 0.144308
0.491898 0.144105
0.492298 0.143902
0.492699 0.143699
0.493099 0.143496
0.493499 0.143294
0.493899 0.143092
0.494299 0.142891
0.494699 0.14269
0.495099 0.142489
0.495499 0.142288
0.495899 0.142088
0.496299 0.141888
0.496699 0.141689
0.497099 0.14149
0.497499 0.141291
0.4979 0.141092
0.4983 0.140894
0.4987 0.140696
0.4991 0.140498
0.4995 0.140301
0.4999 0.140104
0.5003 0.139907
0.5007 0.139711
0.5011 0.139515
0.5015 0.139319
0.5019 0.139124
0.5023 0.138929
0.502701 0.138734
0.503101 0.138539
0.503501 0.138345
0.503901 0.138151
0.504301 0.137958
0.504701 0.137765
0.505101 0.137572
0.505501 0.137379
0.505901 0.137187
0.506301 0.136995
0.506701 0.136803
0.507101 0.136612
0.507502 0.136421
0.507902 0.13623
0.508302 0.13604
0.508702 0.13585
0.509102 0.13566
0.509502 0.135471
0.509902 0.135282
0.510302 0.135093
0.510702 0.134904
0.511102 0.134716
0.511502 0.134528
0.511902 0.134341
0.512302 0.134153
0.512703 0.133967
0.513103 0.13378
0.513503 0.133594
0.513903 0.133408
0.514303 0.133222
0.514703 0.133036
0.515103 0.132851
0.515503 0.132666
0.515903 0.132482
0.516303 0.132298
0.516703 0.132114
0.517103 0.13193
0.517504 0.131747
0.517904 0.131564
0.518304 0.131381
0.518704 0.131199
0.519104 0.131017
0.519504 0.130835
0.519904 0.130654
0.520304 0.130473
0.520704 0.130292
0.521104 0.130111
0.521504 0.129931
0.521904 0.129751
0.522304 0.129571
0.522705 0.129392
0.523105 0.129213
0.523505 0.129034
0.523905 0.128856
0.524305 0.128678
0.524705 0.1285
0.525105 0.128322
0.525505 0.128145
0.525905 0.127968
0.526305 0.127791
0.526705 0.127615
0.527105 0.127439
0.527506 0.127263
0.527906 0.127088
0.528306 0.126913
0.528706 0.126738
0.529106 0.126563
0.529506 0.126389
0.529906 0.126215
0.530306 0.126041
0.530706 0.125868
0.531106 0.125695
0.531506 0.125522
0.531906 0.125349
0.532306 0.125177
0.532707 0.125005
0.533107 0.124834
0.533507 0.124662
0.533907 0.124491
0.534307 0.12432
0.534707 0.12415
0.535107 0.12398
0.535507 0.12381
0.535907 0.12364
0.536307 0.123471
0.536707 0.123302
0.537107 0.123133
0.537508 0.122965
0.537908 0.122797
0.538308 0.122629
0.538708 0.122461
0.539108 0.122294
0.539508 0.122127
0.539908 0.12196
0.540308 0.121794
0.540708 0.121628
0.541108 0.121462
0.541508 0.121296
0.541908 0.121131
0.542308 0.120966
0.542709 0.120801
0.543109 0.120637
0.543509 0.120473
0.543909 0.120309
0.544309 0.120145
0.544709 0.119982
0.545109 0.119819
0.545509 0.119656
0.545909 0.119494
0.546309 0.119332
0.546709 0.11917
0.547109 0.119008
0.54751 0.118847
0.54791 0.118686
0.54831 0.118525
0.54871 0.118365
0.54911 0.118204
0.54951 0.118044
0.54991 0.117885
0.55031 0.117725
0.55071 0.117566
0.55111 0.117408
0.55151 0.117249
0.55191 0.117091
0.55231 0.116933
0.552711 0.116775
0.553111 0.116618
0.553511 0.116461
0.553911 0.116304
0.554311 0.116147
0.554711 0.115991
0.555111 0.115835
0.555511 0.115679
0.555911 0.115524
0.556311 0.115368
0.556711 0.115214
0.557111 0.115059
0.557512 0.114904
0.557912 0.11475
0.558312 0.114597
0.558712 0.114443
0.559112 0.11429
0.559512 0.114137
0.559912 0.113984
0.560312 0.113831
0.560712 0.113679
0.561112 0.113527
0.561512 0.113376
0.561912 0.113224
0.562312 0.113073
0.562713 0.112922
0.563113 0.112772
0.563513 0.112621
0.563913 0.112471
0.564313 0.112321
0.564713 0.112172
0.565113 0.112023
0.565513 0.111874
0.565913 0.111725
0.566313 0.111577
0.566713 0.111428
0.567113 0.11128
0.567514 0.111133
0.567914 0.110985
0.568314 0.110838
0.568714 0.110691
0.569114 0.110545
0.569514 0.110398
0.569914 0.110252
0.570314 0.110107
0.570714 0.109961
0.571114 0.109816
0.571514 0.109671
0.571914 0.109526
0.572314 0.109382
0.572715 0.109237
0.573115 0.109093
0.573515 0.10895
0.573915 0.108806
0.574315 0.108663
0.574715 0.10852
0.575115 0.108377
0.575515 0.108235
0.575915 0.108093
0.576315 0.107951
0.576715 0.107809
0.577115 0.107668
0.577516 0.107527
0.577916 0.107386
0.578316 0.107245
0.578716 0.107105
0.579116 0.106965
0.579516 0.106825
0.579916 0.106685
0.580316 0.106546
0.580716 0.106407
0.581116 0.106268
0.581516 0.10613
0.581916 0.105991
0.582316 0.105853
0.582717 0.105716
0.583117 0.105578
0.583517 0.105441
0.583917 0.105304
0.584317 0.105167
0.584717 0.10503
0.585117 0.104894
0.585517 0.104758
0.585917 0.104622
0.586317 0.104487
0.586717 0.104351
0.587117 0.104216
0.587518 0.104082
0.587918 0.103947
0.588318 0.103813
0.588718 0.103679
0.589118 0.103545
0.589518 0.103411
0.589918 0.103278
0.590318 0.103145
0.590718 0.103012
0.591118 0.10288
0.591518 0.102747
0.591918 0.102615
0.592318 0.102484
0.592719 0.102352
0.593119 0.102221
0.593519 0.10209
0.593919 0.101959
0.594319 0.101828
0.594719 0.101698
0.595119 0.101568
0.595519 0.101438
0.595919 0.101308
0.596319 0.101179
0.596719 0.10105
0.597119 0.100921
0.59752 0.100792
0.59792 0.100664
0.59832 0.100536
0.59872 0.100408
0.59912 0.10028
0.59952 0.100153
0.59992 0.100025
0.60032 0.0998985
0.60072 0.0997717
0.60112 0.0996452
0.60152 0.099519
0.60192 0.099393
0.60232 0.0992672
0.602721 0.0991417
0.603121 0.0990164
0.603521 0.0988913
0.603921 0.0987665
0.604321 0.0986419
0.604721 0.0985176
0.605121 0.0983935
0.605521 0.0982696
0.605921 0.098146
0.606321 0.0980225
0.606721 0.0978994
0.607121 0.0977764
0.607522 0.0976537
0.607922 0.0975312
0.608322 0.097409
0.608722 0.097287
0.609122 0.0971652
0.609522 0.0970436
0.609922 0.0969223
0.610322 0.0968012
0.610722 0.0966804
0.611122 0.0965597
0.611522 0.0964393
0.611922 0.0963192
0.612322 0.0961992
0.612723 0.0960795
0.613123 0.09596
0.613523 0.0958408
0.613923 0.0957217
0.614323 0.0956029
0.614723 0.0954844
0.615123 0.095366
0.615523 0.0952479
0.615923 0.09513
0.616323 0.0950123
0.616723 0.0948949
0.617123 0.0947776
0.617524 0.0946606
0.617924 0.0945438
0.618324 0.0944273
0.618724 0.0943109
0.619124 0.0941948
0.619524 0.0940789
0.619924 0.0939633
0.620324 0.0938478
0.620724 0.0937326
0.621124 0.0936176
0.621524 0.0935028
0.621924 0.0933883
0.622324 0.0932739
0.622725 0.0931598
0.623125 0.0930459
0.623525 0.0929322
0.623925 0.0928187
0.624325 0.0927055
0.624725 0.0925924
0.625125 0.0924796
0.625525 0.092367
0.625925 0.0922546
0.626325 0.0921424
0.626725 0.0920305
0.627125 0.0919188
0.627526 0.0918072
0.627926 0.0916959
0.628326 0.0915848
0.628726 0.0914739
0.629126 0.0913633
0.629526 0.0912528
0.629926 0.0911426
0.630326 0.0910325
0.630726 0.0909227
0.631126 0.0908131
0.631526 0.0907037
0.631926 0.0905945
0.632326 0.0904855
0.632727 0.0903768
0.633127 0.0902682
0.633527 0.0901599
0.633927 0.0900517
0.634327 0.0899438
0.634727 0.0898361
0.635127 0.0897286
0.635527 0.0896213
0.635927 0.0895142
0.636327 0.0894073
0.636727 0.0893006
0.637127 0.0891941
0.637528 0.0890878
0.637928 0.0889818
0.638328 0.0888759
0.638728 0.0887702
0.639128 0.0886648
0.639528 0.0885595
0.639928 0.0884545
0.640328 0.0883496
0.640728 0.088245
0.641128 0.0881406
0.641528 0.0880363
0.641928 0.0879323
0.642328 0.0878285
0.642729 0.0877248
0.643129 0.0876214
0.643529 0.0875181
0.643929 0.0874151
0.644329 0.0873123
0.644729 0.0872096
0.645129 0.0871072
0.645529 0.087005
0.645929 0.0869029
0.646329 0.0868011
0.646729 0.0866994
0.647129 0.086598
0.64753 0.0864967
0.64793 0.0863957
0.64833 0.0862948
0.64873 0.0861942
0.64913 0.0860937
0.64953 0.0859934
0.64993 0.0858933
0.65033 0.0857934
0.65073 0.0856938
0.65113 0.0855943
0.65153 0.0854949
0.65193 0.0853958
0.65233 0.0852969
0.652731 0.0851982
0.653131 0.0850996
0.653531 0.0850013
0.653931 0.0849031
0.654331 0.0848052
0.654731 0.0847074
0.655131 0.0846098
0.655531 0.0845124
0.655931 0.0844152
0.656331 0.0843182
0.656731 0.0842213
0.657131 0.0841247
0.657532 0.0840282
0.657932 0.083932
0.658332 0.0838359
0.658732 0.08374
0.659132 0.0836443
0.659532 0.0835487
0.659932 0.0834534
0.660332 0.0833582
0.660732 0.0832633
0.661132 0.0831685
0.661532 0.0830739
0.661932 0.0829795
0.662332 0.0828852
0.662733 0.0827912
0.663133 0.0826973
0.663533 0.0826036
0.663933 0.0825101
0.664333 0.0824168
0.664733 0.0823236
0.665133 0.0822307
0.665533 0.0821379
0.665933 0.0820453
0.666333 0.0819528
0.666733 0.0818606
0.667133 0.0817685
0.667534 0.0816766
0.667934 0.0815849
0.668334 0.0814934
0.668734 0.081402
0.669134 0.0813108
0.669534 0.0812198
0.669934 0.081129
0.670334 0.0810383
0.670734 0.0809479
0.671134 0.0808576
0.671534 0.0807674
0.671934 0.0806775
0.672334 0.0805877
0.672735 0.0804981
0.673135 0.0804087
0.673535 0.0803194
0.673935 0.0802303
0.674335 0.0801414
0.674735 0.0800526
0.675135 0.0799641
0.675535 0.0798757
0.675935 0.0797874
0.676335 0.0796994
0.676735 0.0796115
0.677135 0.0795237
0.677536 0.0794362
0.677936 0.0793488
0.678336 0.0792616
0.678736 0.0791745
0.679136 0.0790877
0.679536 0.079001
0.679936 0.0789144
0.680336 0.078828
0.680736 0.0787418
0.681136 0.0786558
0.681536 0.0785699
0.681936 0.0784842
0.682336 0.0783986
0.682737 0.0783132
0.683137 0.078228
0.683537 0.0781429
0.683937 0.078058
0.684337 0.0779733
0.684737 0.0778887
0.685137 0.0778043
0.685537 0.0777201
0.685937 0.077636
0.686337 0.0775521
0.686737 0.0774683
0.687137 0.0773847
0.687538 0.0773012
0.687938 0.077218
0.688338 0.0771348
0.688738 0.0770519
0.689138 0.0769691
0.689538 0.0768864
0.689938 0.0768039
0.690338 0.0767216
0.690738 0.0766394
0.691138 0.0765574
0.691538 0.0764755
0.691938 0.0763938
0.692338 0.0763123
0.692739 0.0762309
0.693139 0.0761496
0.693539 0.0760685
0.693939 0.0759876
0.694339 0.0759068
0.694739 0.0758262
0.695139 0.0757457
0.695539 0.0756654
0.695939 0.0755852
0.696339 0.0755052
0.696739 0.0754254
0.697139 0.0753456
0.69754 0.0752661
0.69794 0.0751867
0.69834 0.0751074
0.69874 0.0750283
0.69914 0.0749493
0.69954 0.0748705
0.69994 0.0747919
0.70034 0.0747133
0.70074 0.074635
0.70114 0.0745567
0.70154 0.0744787
0.70194 0.0744007
0.70234 0.074323
0.702741 0.0742453
0.703141 0.0741678
0.703541 0.0740905
0.703941 0.0740133
0.704341 0.0739362
0.704741 0.0738593
0.705141 0.0737826
0.705541 0.073706
0.705941 0.0736295
0.706341 0.0735531
0.706741 0.0734769
0.707141 0.0734009
0.707542 0.073325
0.707942 0.0732492
0.708342 0.0731736
0.708742 0.0730981
0.709142 0.0730228
0.709542 0.0729476
0.709942 0.0728725
0.710342 0.0727976
0.710742 0.0727228
0.711142 0.0726481
0.711542 0.0725736
0.711942 0.0724992
0.712342 0.072425
0.712743 0.0723509
0.713143 0.0722769
0.713543 0.0722031
0.713943 0.0721294
0.714343 0.0720559
0.714743 0.0719824
0.715143 0.0719092
0.715543 0.071836
0.715943 0.071763
0.716343 0.0716901
0.716743 0.0716174
0.717143 0.0715447
0.717544 0.0714723
0.717944 0.0713999
0.718344 0.0713277
0.718744 0.0712556
0.719144 0.0711836
0.719544 0.0711118
0.719944 0.0710401
0.720344 0.0709686
0.720744 0.0708971
0.721144 0.0708258
0.721544 0.0707546
0.721944 0.0706836
0.722344 0.0706127
0.722745 0.0705419
0.723145 0.0704712
0.723545 0.0704007
0.723945 0.0703303
0.724345 0.07026
0.724745 0.0701898
0.725145 0.0701198
0.725545 0.0700499
0.725945 0.0699801
0.726345 0.0699104
0.726745 0.0698409
0.727145 0.0697715
0.727546 0.0697022
0.727946 0.069633
0.728346 0.069564
0.728746 0.0694951
0.729146 0.0694263
0.729546 0.0693576
0.729946 0.0692891
0.730346 0.0692206
0.730746 0.0691523
0.731146 0.0690841
0.731546 0.069016
0.731946 0.0689481
0.732346 0.0688803
0.732747 0.0688125
0.733147 0.068745
0.733547 0.0686775
0.733947 0.0686101
0.734347 0.0685429
0.734747 0.0684757
0.735147 0.0684087
0.735547 0.0683418
0.735947 0.0682751
0.736347 0.0682084
0.736747 0.0681419
0.737147 0.0680754
0.737548 0.0680091
0.737948 0.0679429
0.738348 0.0678768
0.738748 0.0678108
0.739148 0.067745
0.739548 0.0676792
0.739948 0.0676136
0.740348 0.0675481
0.740748 0.0674826
0.741148 0.0674173
0.741548 0.0673521
0.741948 0.0672871
0.742348 0.0672221
0.742749 0.0671572
0.743149 0.0670925
0.743549 0.0670278
0.743949 0.0669633
0.744349 0.0668989
0.744749 0.0668345
0.745149 0.0667703
0.745549 0.0667062
0.745949 0.0666422
0.746349 0.0665783
0.746749 0.0665145
0.747149 0.0664508
0.74755 0.0663873
0.74795 0.0663238
0.74835 0.0662604
0.74875 0.0661972
0.74915 0.066134
0.74955 0.066071
0.74995 0.066008
0.75035 0.0659452
0.75075 0.0658824
0.75115 0.0658198
0.75155 0.0657572
0.75195 0.0656948
0.75235 0.0656324
0.752751 0.0655702
0.753151 0.065508
0.753551 0.065446
0.753951 0.0653841
0.754351 0.0653222
0.754751 0.0652605
0.755151 0.0651988
0.755551 0.0651373
0.755951 0.0650758
0.756351 0.0650145
0.756751 0.0649532
0.757151 0.0648921
0.757552 0.064831
0.757952 0.06477
0.758352 0.0647092
0.758752 0.0646484
0.759152 0.0645877
0.759552 0.0645271
0.759952 0.0644666
0.760352 0.0644062
0.760752 0.0643459
0.761152 0.0642857
0.761552 0.0642256
0.761952 0.0641655
0.762352 0.0641056
0.762753 0.0640457
0.763153 0.063986
0.763553 0.0639263
0.763953 0.0638667
0.764353 0.0638073
0.764753 0.0637479
0.765153 0.0636886
0.765553 0.0636293
0.765953 0.0635702
0.766353 0.0635112
0.766753 0.0634522
0.767153 0.0633933
0.767554 0.0633346
0.767954 0.0632759
0.768354 0.0632173
0.768754 0.0631587
0.769154 0.0631003
0.769554 0.063042
0.769954 0.0629837
0.770354 0.0629255
0.770754 0.0628674
0.771154 0.0628094
0.771554 0.0627515
0.771954 0.0626936
0.772354 0.0626359
0.772755 0.0625782
0.773155 0.0625206
0.773555 0.0624631
0.773955 0.0624056
0.774355 0.0623483
0.774755 0.062291
0.775155 0.0622338
0.775555 0.0621767
0.775955 0.0621196
0.776355 0.0620627
0.776755 0.0620058
0.777155 0.061949
0.777556 0.0618923
0.777956 0.0618356
0.778356 0.0617791
0.778756 0.0617226
0.779156 0.0616662
0.779556 0.0616098
0.779956 0.0615536
0.780356 0.0614974
0.780756 0.0614413
0.781156 0.0613852
0.781556 0.0613293
0.781956 0.0612734
0.782356 0.0612176
0.782757 0.0611618
0.783157 0.0611061
0.783557 0.0610505
0.783957 0.060995
0.784357 0.0609396
0.784757 0.0608842
0.785157 0.0608289
0.785557 0.0607736
0.785957 0.0607184
0.786357 0.0606633
0.786757 0.0606083
0.787157 0.0605533
0.787558 0.0604985
0.787958 0.0604436
0.788358 0.0603889
0.788758 0.0603342
0.789158 0.0602796
0.789558 0.060225
0.789958 0.0601705
0.790358 0.0601161
0.790758 0.0600617
0.791158 0.0600074
0.791558 0.0599532
0.791958 0.059899
0.792358 0.0598449
0.792759 0.0597909
0.793159 0.0597369
0.793559 0.059683
0.793959 0.0596292
0.794359 0.0595754
0.794759 0.0595217
0.795159 0.059468
0.795559 0.0594144
0.795959 0.0593609
0.796359 0.0593074
0.796759 0.059254
0.797159 0.0592007
0.79756 0.0591474
0.79796 0.0590941
0.79836 0.0590409
0.79876 0.0589878
0.79916 0.0589348
0.79956 0.0588818
0.79996 0.0588288
0.80036 0.0587759
0.80076 0.0587231
0.80116 0.0586703
0.80156 0.0586176
0.80196 0.058565
0.80236 0.0585123
0.802761 0.0584598
0.803161 0.0584073
0.803561 0.0583549
0.803961 0.0583025
0.804361 0.0582502
0.804761 0.0581979
0.805161 0.0581457
0.805561 0.0580936
0.805961 0.0580415
0.806361 0.0579894
0.806761 0.0579374
0.807161 0.0578855
0.807562 0.0578337
0.807962 0.0577818
0.808362 0.0577301
0.808762 0.0576784
0.809162 0.0576267
0.809562 0.0575751
0.809962 0.0575236
0.810362 0.0574721
0.810762 0.0574207
0.811162 0.0573693
0.811562 0.057318
0.811962 0.0572668
0.812362 0.0572156
0.812763 0.0571644
0.813163 0.0571134
0.813563 0.0570623
0.813963 0.0570113
0.814363 0.0569604
0.814763 0.0569095
0.815163 0.0568587
0.815563 0.056808
0.815963 0.0567573
0.816363 0.0567066
0.816763 0.056656
0.817163 0.0566055
0.817564 0.056555
0.817964 0.0565046
0.818364 0.0564542
0.818764 0.0564039
0.819164 0.0563536
0.819564 0.0563034
0.819964 0.0562533
0.820364 0.0562032
0.820764 0.0561531
0.821164 0.0561031
0.821564 0.0560532
0.821964 0.0560033
0.822364 0.0559535
0.822765 0.0559037
0.823165 0.055854
0.823565 0.0558043
0.823965 0.0557547
0.824365 0.0557052
0.824765 0.0556557
0.825165 0.0556062
0.825565 0.0555568
0.825965 0.0555075
0.826365 0.0554582
0.826765 0.055409
0.827165 0.0553598
0.827566 0.0553107
0.827966 0.0552616
0.828366 0.0552126
0.828766 0.0551636
0.829166 0.0551147
0.829566 0.0550658
0.829966 0.055017
0.830366 0.0549683
0.830766 0.0549196
0.831166 0.0548709
0.831566 0.0548223
0.831966 0.0547738
0.832366 0.0547253
0.832767 0.0546769
0.833167 0.0546285
0.833567 0.0545802
0.833967 0.0545319
0.834367 0.0544837
0.834767 0.0544355
0.835167 0.0543874
0.835567 0.0543393
0.835967 0.0542913
0.836367 0.0542434
0.836767 0.0541955
0.837167 0.0541476
0.837568 0.0540998
0.837968 0.0540521
0.838368 0.0540044
0.838768 0.0539567
0.839168 0.0539091
0.839568 0.0538616
0.839968 0.0538141
0.840368 0.0537667
0.840768 0.0537193
0.841168 0.0536719
0.841568 0.0536247
0.841968 0.0535774
0.842368 0.0535303
0.842769 0.0534831
0.843169 0.0534361
0.843569 0.053389
0.843969 0.0533421
0.844369 0.0532952
0.844769 0.0532483
0.845169 0.0532015
0.845569 0.0531547
0.845969 0.053108
0.846369 0.0530613
0.846769 0.0530147
0.847169 0.0529682
0.84757 0.0529217
0.84797 0.0528752
0.84837 0.0528288
0.84877 0.0527825
0.84917 0.0527361
0.84957 0.0526899
0.84997 0.0526437
0.85037 0.0525975
0.85077 0.0525514
0.85117 0.0525054
0.85157 0.0524594
0.85197 0.0524134
0.85237 0.0523676
0.852771 0.0523217
0.853171 0.0522759
0.853571 0.0522302
0.853971 0.0521845
0.854371 0.0521388
0.854771 0.0520932
0.855171 0.0520477
0.855571 0.0520022
0.855971 0.0519567
0.856371 0.0519113
0.856771 0.051866
0.857171 0.0518207
0.857572 0.0517755
0.857972 0.0517303
0.858372 0.0516851
0.858772 0.05164
0.859172 0.051595
0.859572 0.05155
0.859972 0.051505
0.860372 0.0514601
0.860772 0.0514153
0.861172 0.0513705
0.861572 0.0513258
0.861972 0.0512811
0.862372 0.0512364
0.862773 0.0511918
0.863173 0.0511473
0.863573 0.0511028
0.863973 0.0510583
0.864373 0.0510139
0.864773 0.0509695
0.865173 0.0509252
0.865573 0.050881
0.865973 0.0508368
0.866373 0.0507926
0.866773 0.0507485
0.867173 0.0507044
0.867574 0.0506604
0.867974 0.0506165
0.868374 0.0505725
0.868774 0.0505287
0.869174 0.0504849
0.869574 0.0504411
0.869974 0.0503974
0.870374 0.0503537
0.870774 0.0503101
0.871174 0.0502665
0.871574 0.050223
0.871974 0.0501795
0.872374 0.050136
0.872775 0.0500927
0.873175 0.0500493
0.873575 0.050006
0.873975 0.0499628
0.874375 0.0499196
0.874775 0.0498765
0.875175 0.0498334
0.875575 0.0497903
0.875975 0.0497473
0.876375 0.0497043
0.876775 0.0496614
0.877175 0.0496186
0.877576 0.0495758
0.877976 0.049533
0.878376 0.0494903
0.878776 0.0494476
0.879176 0.049405
0.879576 0.0493624
0.879976 0.0493199
0.880376 0.0492774
0.880776 0.049235
0.881176 0.0491926
0.881576 0.0491502
0.881976 0.0491079
0.882376 0.0490657
0.882777 0.0490235
0.883177 0.0489813
0.883577 0.0489392
0.883977 0.0488972
0.884377 0.0488552
0.884777 0.0488132
0.885177 0.0487713
0.885577 0.0487294
0.885977 0.0486876
0.886377 0.0486458
0.886777 0.048604
0.887177 0.0485623
0.887578 0.0485207
0.887978 0.0484791
0.888378 0.0484376
0.888778 0.0483961
0.889178 0.0483546
0.889578 0.0483132
0.889978 0.0482718
0.890378 0.0482305
0.890778 0.0481892
0.891178 0.048148
0.891578 0.0481068
0.891978 0.0480657
0.892378 0.0480246
0.892779 0.0479835
0.893179 0.0479425
0.893579 0.0479016
0.893979 0.0478606
0.894379 0.0478198
0.894779 0.047779
0.895179 0.0477382
0.895579 0.0476974
0.895979 0.0476568
0.896379 0.0476161
0.896779 0.0475755
0.897179 0.047535
0.89758 0.0474945
0.89798 0.047454
0.89838 0.0474136
0.89878 0.0473732
0.89918 0.0473329
0.89958 0.0472926
0.89998 0.0472524
0.90038 0.0472122
0.90078 0.047172
0.90118 0.0471319
0.90158 0.0470919
0.90198 0.0470519
0.90238 0.0470119
0.902781 0.046972
0.903181 0.0469321
0.903581 0.0468922
0.903981 0.0468524
0.904381 0.0468127
0.904781 0.046773
0.905181 0.0467333
0.905581 0.0466937
0.905981 0.0466541
0.906381 0.0466146
0.906781 0.0465751
0.907181 0.0465357
0.907582 0.0464963
0.907982 0.0464569
0.908382 0.0464176
0.908782 0.0463783
0.909182 0.0463391
0.909582 0.0462999
0.909982 0.0462608
0.910382 0.0462217
0.910782 0.0461827
0.911182 0.0461436
0.911582 0.0461047
0.911982 0.0460658
0.912382 0.0460269
0.912783 0.045988
0.913183 0.0459492
0.913583 0.0459105
0.913983 0.0458718
0.914383 0.0458331
0.914783 0.0457945
0.915183 0.0457559
0.915583 0.0457174
0.915983 0.0456789
0.916383 0.0456404
0.916783 0.045602
0.917183 0.0455637
0.917584 0.0455253
0.917984 0.0454871
0.918384 0.0454488
0.918784 0.0454106
0.919184 0.0453725
0.919584 0.0453344
0.919984 0.0452963
0.920384 0.0452583
0.920784 0.0452203
0.921184 0.0451823
0.921584 0.0451444
0.921984 0.0451066
0.922384 0.0450688
0.922785 0.045031
0.923185 0.0449932
0.923585 0.0449556
0.923985 0.0449179
0.924385 0.0448803
0.924785 0.0448427
0.925185 0.0448052
0.925585 0.0447677
0.925985 0.0447303
0.926385 0.0446929
0.926785 0.0446555
0.927185 0.0446182
0.927586 0.0445809
0.927986 0.0445437
0.928386 0.0445065
0.928786 0.0444693
0.929186 0.0444322
0.929586 0.0443951
0.929986 0.0443581
0.930386 0.0443211
0.930786 0.0442841
0.931186 0.0442472
0.931586 0.0442104
0.931986 0.0441735
0.932386 0.0441367
0.932787 0.0441
0.933187 0.0440633
0.933587 0.0440266
0.933987 0.04399
0.934387 0.0439534
0.934787 0.0439169
0.935187 0.0438804
0.935587 0.0438439
0.935987 0.0438075
0.936387 0.0437711
0.936787 0.0437347
0.937187 0.0436984
0.937588 0.0436622
0.937988 0.0436259
0.938388 0.0435898
0.938788 0.0435536
0.939188 0.0435175
0.939588 0.0434814
0.939988 0.0434454
0.940388 0.0434094
0.940788 0.0433735
0.941188 0.0433376
0.941588 0.0433017
0.941988 0.0432659
0.942388 0.0432301
0.942789 0.0431943
0.943189 0.0431586
0.943589 0.0431229
0.943989 0.0430873
0.944389 0.0430517
0.944789 0.0430162
0.945189 0.0429806
0.945589 0.0429452
0.945989 0.0429097
0.946389 0.0428743
0.946789 0.042839
0.947189 0.0428036
0.94759 0.0427684
0.94799 0.0427331
0.94839 0.0426979
0.94879 0.0426627
0.94919 0.0426276
0.94959 0.0425925
0.94999 0.0425575
0.95039 0.0425224
0.95079 0.0424875
0.95119 0.0424525
0.95159 0.0424176
0.95199 0.0423828
0.95239 0.0423479
0.952791 0.0423132
0.953191 0.0422784
0.953591 0.0422437
0.953991 0.042209
0.954391 0.0421744
0.954791 0.0421398
0.955191 0.0421052
0.955591 0.0420707
0.955991 0.0420362
0.956391 0.0420018
0.956791 0.0419674
0.957191 0.041933
0.957592 0.0418987
0.957992 0.0418644
0.958392 0.0418301
0.958792 0.0417959
0.959192 0.0417617
0.959592 0.0417276
0.959992 0.0416935
0.960392 0.0416594
0.960792 0.0416254
0.961192 0.0415914
0.961592 0.0415574
0.961992 0.0415235
0.962392 0.0414896
0.962793 0.0414557
0.963193 0.0414219
0.963593 0.0413882
0.963993 0.0413544
0.964393 0.0413207
0.964793 0.041287
0.965193 0.0412534
0.965593 0.0412198
0.965993 0.0411863
0.966393 0.0411527
0.966793 0.0411192
0.967193 0.0410858
0.967594 0.0410524
0.967994 0.041019
0.968394 0.0409857
0.968794 0.0409524
0.969194 0.0409191
0.969594 0.0408859
0.969994 0.0408527
0.970394 0.0408195
0.970794 0.0407864
0.971194 0.0407533
0.971594 0.0407202
0.971994 0.0406872
0.972394 0.0406542
0.972795 0.0406213
0.973195 0.0405884
0.973595 0.0405555
0.973995 0.0405227
0.974395 0.0404899
0.974795 0.0404571
0.975195 0.0404243
0.975595 0.0403916
0.975995 0.040359
0.976395 0.0403264
0.976795 0.0402938
0.977195 0.0402612
0.977596 0.0402287
0.977996 0.0401962
0.978396 0.0401637
0.978796 0.0401313
0.979196 0.0400989
0.979596 0.0400666
0.979996 0.0400343
0.980396 0.040002
0.980796 0.0399697
0.981196 0.0399375
0.981596 0.0399053
0.981996 0.0398732
0.982396 0.0398411
0.982797 0.039809
0.983197 0.039777
0.983597 0.039745
0.983997 0.039713
0.984397 0.0396811
0.984797 0.0396492
0.985197 0.0396173
0.985597 0.0395854
0.985997 0.0395536
0.986397 0.0395219
0.986797 0.0394901
0.987197 0.0394584
0.987598 0.0394268
0.987998 0.0393951
0.988398 0.0393635
0.988798 0.039332
0.989198 0.0393004
0.989598 0.0392689
0.989998 0.0392375
0.990398 0.039206
0.990798 0.0391746
0.991198 0.0391433
0.991598 0.0391119
0.991998 0.0390806
0.992398 0.0390494
0.992799 0.0390181
0.993199 0.0389869
0.993599 0.0389558
0.993999 0.0389246
0.994399 0.0388935
0.994799 0.0388625
0.995199 0.0388314
0.995599 0.0388004
0.995999 0.0387695
0.996399 0.0387385
0.996799 0.0387076
0.997199 0.0386767
0.9976 0.0386459
0.998 0.0386151
0.9984 0.0385843
0.9988 0.0385536
0.9992 0.0385229
0.9996 0.0384922
