-1 0.0384615
-0.9996 0.0384922
-0.9992 0.0385228
-0.9988 0.0385535
-0.9984 0.0385842
-0.998 0.0386149
-0.9976 0.0386457
-0.997199 0.0386764
-0.996799 0.0387072
-0.996399 0.038738
-0.995999 0.0387688
-0.995599 0.0387996
-0.995199 0.0388305
-0.994799 0.0388614
-0.994399 0.0388923
-0.993999 0.0389232
-0.993599 0.0389541
-0.993199 0.0389851
-0.992799 0.0390161
-0.992398 0.0390471
-0.991998 0.0390781
-0.991598 0.0391091
-0.991198 0.0391402
-0.990798 0.0391713
-0.990398 0.0392024
-0.989998 0.0392335
-0.989598 0.0392647
-0.989198 0.0392959
-0.988798 0.0393271
-0.988398 0.0393583
-0.987998 0.0393895
-0.987598 0.0394208
-0.987197 0.0394521
-0.986797 0.0394834
-0.986397 0.0395147
-0.985997 0.0395461
-0.985597 0.0395775
-0.985197 0.0396089
-0.984797 0.0396403
-0.984397 0.0396718
-0.983997 0.0397033
-0.983597 0.0397348
-0.983197 0.0397663
-0.982797 0.0397978
-0.982396 0.0398294
-0.981996 0.039861
-0.981596 0.0398926
-0.981196 0.0399243
-0.980796 0.039956
-0.980396 0.0399877
-0.979996 0.0400194
-0.979596 0.0400511
-0.979196 0.0400829
-0.978796 0.0401147
-0.978396 0.0401466
-0.977996 0.0401784
-0.977596 0.0402103
-0.977195 0.0402422
-0.976795 0.0402741
-0.976395 0.0403061
-0.975995 0.0403381
-0.975595 0.0403701
-0.975195 0.0404022
-0.974795 0.0404342
-0.974395 0.0404663
-0.973995 0.0404984
-0.973595 0.0405306
-0.973195 0.0405628
-0.972795 0.040595
-0.972394 0.0406272
-0.971994 0.0406595
-0.971594 0.0406918
-0.971194 0.0407241
-0.970794 0.0407565
-0.970394 0.0407888
-0.969994 0.0408212
-0.969594 0.0408537
-0.969194 0.0408861
-0.968794 0.0409186
-0.968394 0.0409512
-0.967994 0.0409837
-0.967594 0.0410163
-0.967193 0.0410489
-0.966793 0.0410816
-0.966393 0.0411142
-0.965993 0.0411469
-0.965593 0.0411797
-0.965193 0.0412124
-0.964793 0.0412452
-0.964393 0.0412781
-0.963993 0.0413109
-0.963593 0.0413438
-0.963193 0.0413767
-0.962793 0.0414097
-0.962392 0.0414426
-0.961992 0.0414757
-0.961592 0.0415087
-0.961192 0.0415418
-0.960792 0.0415749
-0.960392 0.041608
-0.959992 0.0416412
-0.959592 0.0416744
-0.959192 0.0417077
-0.958792 0.0417409
-0.958392 0.0417742
-0.957992 0.0418076
-0.957592 0.0418409
-0.957191 0.0418743
-0.956791 0.0419078
-0.956391 0.0419412
-0.955991 0.0419747
-0.955591 0.0420083
-0.955191 0.0420419
-0.954791 0.0420755
-0.954391 0.0421091
-0.953991 0.0421428
-0.953591 0.0421765
-0.953191 0.0422102
-0.952791 0.042244
-0.95239 0.0422778
-0.95199 0.0423117
-0.95159 0.0423455
-0.95119 0.0423795
-0.95079 0.0424134
-0.95039 0.0424474
-0.94999 0.0424814
-0.94959 0.0425155
-0.94919 0.0425496
-0.94879 0.0425837
-0.94839 0.0426179
-0.94799 0.0426521
-0.94759 0.0426863
-0.947189 0.0427206
-0.946789 0.0427549
-0.946389 0.0427893
-0.945989 0.0428237
-0.945589 0.0428581
-0.945189 0.0428925
-0.944789 0.042927
-0.944389 0.0429616
-0.943989 0.0429962
-0.943589 0.0430308
-0.943189 0.0430654
-0.942789 0.0431001
-0.942388 0.0431348
-0.941988 0.0431696
-0.941588 0.0432044
-0.941188 0.0432393
-0.940788 0.0432741
-0.940388 0.0433091
-0.939988 0.043344
-0.939588 0.043379
-0.939188 0.0434141
-0.938788 0.0434491
-0.938388 0.0434843
-0.937988 0.0435194
-0.937588 0.0435546
-0.937187 0.0435898
-0.936787 0.0436251
-0.936387 0.0436604
-0.935987 0.0436958
-0.935587 0.0437312
-0.935187 0.0437666
-0.934787 0.0438021
-0.934387 0.0438376
-0.933987 0.0438732
-0.933587 0.0439088
-0.933187 0.0439445
-0.932787 0.0439801
-0.932386 0.0440159
-0.931986 0.0440516
-0.931586 0.0440875
-0.931186 0.0441233
-0.930786 0.0441592
-0.930386 0.0441951
-0.929986 0.0442311
-0.929586 0.0442671
-0.929186 0.0443032
-0.928786 0.0443393
-0.928386 0.0443755
-0.927986 0.0444117
-0.927586 0.0444479
-0.927185 0.0444842
-0.926785 0.0445205
-0.926385 0.0445569
-0.925985 0.0445933
-0.925585 0.0446298
-0.925185 0.0446663
-0.924785 0.0447028
-0.924385 0.0447394
-0.923985 0.044776
-0.923585 0.0448127
-0.923185 0.0448494
-0.922785 0.0448862
-0.922384 0.044923
-0.921984 0.0449599
-0.921584 0.0449968
-0.921184 0.0450337
-0.920784 0.0450707
-0.920384 0.0451078
-0.919984 0.0451449
-0.919584 0.045182
-0.919184 0.0452192
-0.918784 0.0452564
-0.918384 0.0452937
-0.917984 0.045331
-0.917584 0.0453684
-0.917183 0.0454058
-0.916783 0.0454432
-0.916383 0.0454808
-0.915983 0.0455183
-0.915583 0.0455559
-0.915183 0.0455936
-0.914783 0.0456313
-0.914383 0.045669
-0.913983 0.0457068
-0.913583 0.0457446
-0.913183 0.0457825
-0.912783 0.0458205
-0.912382 0.0458584
-0.911982 0.0458965
-0.911582 0.0459346
-0.911182 0.0459727
-0.910782 0.0460109
-0.910382 0.0460491
-0.909982 0.0460874
-0.909582 0.0461257
-0.909182 0.0461641
-0.908782 0.0462025
-0.908382 0.046241
-0.907982 0.0462795
-0.907582 0.0463181
-0.907181 0.0463567
-0.906781 0.0463954
-0.906381 0.0464341
-0.905981 0.0464729
-0.905581 0.0465118
-0.905181 0.0465506
-0.904781 0.0465896
-0.904381 0.0466286
-0.903981 0.0466676
-0.903581 0.0467067
-0.903181 0.0467458
-0.902781 0.046785
-0.90238 0.0468243
-0.90198 0.0468635
-0.90158 0.0469029
-0.90118 0.0469423
-0.90078 0.0469817
-0.90038 0.0470212
-0.89998 0.0470608
-0.89958 0.0471004
-0.89918 0.0471401
-0.89878 0.0471798
-0.89838 0.0472196
-0.89798 0.0472594
-0.89758 0.0472993
-0.897179 0.0473392
-0.896779 0.0473792
-0.896379 0.0474192
-0.895979 0.0474593
-0.895579 0.0474994
-0.895179 0.0475396
-0.894779 0.0475799
-0.894379 0.0476202
-0.893979 0.0476605
-0.893579 0.047701
-0.893179 0.0477414
-0.892779 0.0477819
-0.892378 0.0478225
-0.891978 0.0478631
-0.891578 0.0479038
-0.891178 0.0479446
-0.890778 0.0479854
-0.890378 0.0480262
-0.889978 0.0480671
-0.889578 0.0481081
-0.889178 0.0481491
-0.888778 0.0481902
-0.888378 0.0482313
-0.887978 0.0482725
-0.887578 0.0483137
-0.887177 0.048355
-0.886777 0.0483963
-0.886377 0.0484377
-0.885977 0.0484792
-0.885577 0.0485207
-0.885177 0.0485623
-0.884777 0.0486039
-0.884377 0.0486456
-0.883977 0.0486873
-0.883577 0.0487291
-0.883177 0.0487709
-0.882777 0.0488129
-0.882376 0.0488548
-0.881976 0.0488968
-0.881576 0.0489389
-0.881176 0.048981
-0.880776 0.0490232
-0.880376 0.0490655
-0.879976 0.0491078
-0.879576 0.0491501
-0.879176 0.0491926
-0.878776 0.049235
-0.878376 0.0492776
-0.877976 0.0493202
-0.877576 0.0493628
-0.877175 0.0494055
-0.876775 0.0494483
-0.876375 0.0494911
-0.875975 0.049534
-0.875575 0.0495769
-0.875175 0.0496199
-0.874775 0.0496629
-0.874375 0.0497061
-0.873975 0.0497492
-0.873575 0.0497924
-0.873175 0.0498357
-0.872775 0.0498791
-0.872374 0.0499225
-0.871974 0.0499659
-0.871574 0.0500095
-0.871174 0.050053
-0.870774 0.0500967
-0.870374 0.0501404
-0.869974 0.0501841
-0.869574 0.0502279
-0.869174 0.0502718
-0.868774 0.0503158
-0.868374 0.0503597
-0.867974 0.0504038
-0.867574 0.0504479
-0.867173 0.0504921
-0.866773 0.0505363
-0.866373 0.0505806
-0.865973 0.050625
-0.865573 0.0506694
-0.865173 0.0507138
-0.864773 0.0507584
-0.864373 0.050803
-0.863973 0.0508476
-0.863573 0.0508923
-0.863173 0.0509371
-0.862773 0.0509819
-0.862372 0.0510268
-0.861972 0.0510718
-0.861572 0.0511168
-0.861172 0.0511619
-0.860772 0.051207
-0.860372 0.0512522
-0.859972 0.0512975
-0.859572 0.0513428
-0.859172 0.0513882
-0.858772 0.0514336
-0.858372 0.0514791
-0.857972 0.0515247
-0.857572 0.0515703
-0.857171 0.051616
-0.856771 0.0516618
-0.856371 0.0517076
-0.855971 0.0517535
-0.855571 0.0517994
-0.855171 0.0518454
-0.854771 0.0518915
-0.854371 0.0519376
-0.853971 0.0519838
-0.853571 0.0520301
-0.853171 0.0520764
-0.852771 0.0521228
-0.85237 0.0521692
-0.85197 0.0522157
-0.85157 0.0522623
-0.85117 0.0523089
-0.85077 0.0523556
-0.85037 0.0524024
-0.84997 0.0524492
-0.84957 0.0524961
-0.84917 0.052543
-0.84877 0.05259
-0.84837 0.0526371
-0.84797 0.0526842
-0.84757 0.0527314
-0.847169 0.0527787
-0.846769 0.052826
-0.846369 0.0528734
-0.845969 0.0529209
-0.845569 0.0529684
-0.845169 0.053016
-0.844769 0.0530636
-0.844369 0.0531114
-0.843969 0.0531591
-0.843569 0.053207
-0.843169 0.0532549
-0.842769 0.0533029
-0.842368 0.0533509
-0.841968 0.053399
-0.841568 0.0534472
-0.841168 0.0534954
-0.840768 0.0535437
-0.840368 0.0535921
-0.839968 0.0536405
-0.839568 0.053689
-0.839168 0.0537376
-0.838768 0.0537862
-0.838368 0.0538349
-0.837968 0.0538837
-0.837568 0.0539325
-0.837167 0.0539814
-0.836767 0.0540304
-0.836367 0.0540794
-0.835967 0.0541285
-0.835567 0.0541776
-0.835167 0.0542269
-0.834767 0.0542761
-0.834367 0.0543255
-0.833967 0.0543749
-0.833567 0.0544244
-0.833167 0.054474
-0.832767 0.0545236
-0.832366 0.0545733
-0.831966 0.0546231
-0.831566 0.0546729
-0.831166 0.0547228
-0.830766 0.0547727
-0.830366 0.0548228
-0.829966 0.0548729
-0.829566 0.054923
-0.829166 0.0549733
-0.828766 0.0550236
-0.828366 0.0550739
-0.827966 0.0551244
-0.827566 0.0551749
-0.827165 0.0552254
-0.826765 0.0552761
-0.826365 0.0553268
-0.825965 0.0553776
-0.825565 0.0554284
-0.825165 0.0554793
-0.824765 0.0555303
-0.824365 0.0555814
-0.823965 0.0556325
-0.823565 0.0556837
-0.823165 0.0557349
-0.822765 0.0557863
-0.822364 0.0558377
-0.821964 0.0558891
-0.821564 0.0559407
-0.821164 0.0559923
-0.820764 0.056044
-0.820364 0.0560957
-0.819964 0.0561475
-0.819564 0.0561994
-0.819164 0.0562514
-0.818764 0.0563034
-0.818364 0.0563555
-0.817964 0.0564076
-0.817564 0.0564599
-0.817163 0.0565122
-0.816763 0.0565646
-0.816363 0.056617
-0.815963 0.0566695
-0.815563 0.0567221
-0.815163 0.0567748
-0.814763 0.0568275
-0.814363 0.0568803
-0.813963 0.0569332
-0.813563 0.0569861
-0.813163 0.0570391
-0.812763 0.0570922
-0.812362 0.0571454
-0.811962 0.0571986
-0.811562 0.0572519
-0.811162 0.0573053
-0.810762 0.0573587
-0.810362 0.0574122
-0.809962 0.0574658
-0.809562 0.0575195
-0.809162 0.0575732
-0.808762 0.057627
-0.808362 0.0576809
-0.807962 0.0577348
-0.807562 0.0577888
-0.807161 0.0578429
-0.806761 0.0578971
-0.806361 0.0579513
-0.805961 0.0580056
-0.805561 0.05806
-0.805161 0.0581145
-0.804761 0.058169
-0.804361 0.0582236
-0.803961 0.0582783
-0.803561 0.058333
-0.803161 0.0583879
-0.802761 0.0584428
-0.80236 0.0584977
-0.80196 0.0585528
-0.80156 0.0586079
-0.80116 0.0586631
-0.80076 0.0587183
-0.80036 0.0587737
-0.79996 0.0588291
-0.79956 0.0588846
-0.79916 0.0589401
-0.79876 0.0589958
-0.79836 0.0590515
-0.79796 0.0591072
-0.79756 0.0591631
-0.797159 0.059219
-0.796759 0.059275
-0.796359 0.0593311
-0.795959 0.0593873
-0.795559 0.0594435
-0.795159 0.0594998
-0.794759 0.0595562
-0.794359 0.0596127
-0.793959 0.0596692
-0.793559 0.0597258
-0.793159 0.0597825
-0.792759 0.0598393
-0.792358 0.0598962
-0.791958 0.0599531
-0.791558 0.0600101
-0.791158 0.0600672
-0.790758 0.0601243
-0.790358 0.0601816
-0.789958 0.0602389
-0.789558 0.0602963
-0.789158 0.0603538
-0.788758 0.0604113
-0.788358 0.0604689
-0.787958 0.0605267
-0.787558 0.0605845
-0.787157 0.0606423
-0.786757 0.0607003
-0.786357 0.0607583
-0.785957 0.0608164
-0.785557 0.0608746
-0.785157 0.0609329
-0.784757 0.0609912
-0.784357 0.0610497
-0.783957 0.0611082
-0.783557 0.0611668
-0.783157 0.0612255
-0.782757 0.0612842
-0.782356 0.0613431
-0.781956 0.061402
-0.781556 0.061461
-0.781156 0.0615201
-0.780756 0.0615793
-0.780356 0.0616385
-0.779956 0.0616979
-0.779556 0.0617573
-0.779156 0.0618168
-0.778756 0.0618764
-0.778356 0.0619361
-0.777956 0.0619958
-0.777556 0.0620557
-0.777155 0.0621156
-0.776755 0.0621756
-0.776355 0.0622357
-0.775955 0.0622959
-0.775555 0.0623561
-0.775155 0.0624165
-0.774755 0.0624769
-0.774355 0.0625374
-0.773955 0.062598
-0.773555 0.0626587
-0.773155 0.0627195
-0.772755 0.0627804
-0.772354 0.0628413
-0.771954 0.0629024
-0.771554 0.0629635
-0.771154 0.0630247
-0.770754 0.063086
-0.770354 0.0631474
-0.769954 0.0632089
-0.769554 0.0632704
-0.769154 0.0633321
-0.768754 0.0633938
-0.768354 0.0634557
-0.767954 0.0635176
-0.767554 0.0635796
-0.767153 0.0636417
-0.766753 0.0637039
-0.766353 0.0637661
-0.765953 0.0638285
-0.765553 0.0638909
-0.765153 0.0639535
-0.764753 0.0640161
-0.764353 0.0640788
-0.763953 0.0641417
-0.763553 0.0642046
-0.763153 0.0642676
-0.762753 0.0643306
-0.762352 0.0643938
-0.761952 0.0644571
-0.761552 0.0645204
-0.761152 0.0645839
-0.760752 0.0646474
-0.760352 0.0647111
-0.759952 0.0647748
-0.759552 0.0648386
-0.759152 0.0649025
-0.758752 0.0649665
-0.758352 0.0650306
-0.757952 0.0650948
-0.757552 0.0651591
-0.757151 0.0652235
-0.756751 0.0652879
-0.756351 0.0653525
-0.755951 0.0654172
-0.755551 0.0654819
-0.755151 0.0655468
-0.754751 0.0656117
-0.754351 0.0656768
-0.753951 0.0657419
-0.753551 0.0658071
-0.753151 0.0658724
-0.752751 0.0659379
-0.75235 0.0660034
-0.75195 0.066069
-0.75155 0.0661347
-0.75115 0.0662005
-0.75075 0.0662664
-0.75035 0.0663324
-0.74995 0.0663985
-0.74955 0.0664647
-0.74915 0.0665309
-0.74875 0.0665973
-0.74835 0.0666638
-0.74795 0.0667304
-0.74755 0.0667971
-0.747149 0.0668638
-0.746749 0.0669307
-0.746349 0.0669977
-0.745949 0.0670648
-0.745549 0.0671319
-0.745149 0.0671992
-0.744749 0.0672666
-0.744349 0.067334
-0.743949 0.0674016
-0.743549 0.0674693
-0.743149 0.067537
-0.742749 0.0676049
-0.742348 0.0676729
-0.741948 0.0677409
-0.741548 0.0678091
-0.741148 0.0678774
-0.740748 0.0679457
-0.740348 0.0680142
-0.739948 0.0680828
-0.739548 0.0681515
-0.739148 0.0682202
-0.738748 0.0682891
-0.738348 0.0683581
-0.737948 0.0684272
-0.737548 0.0684964
-0.737147 0.0685656
-0.736747 0.068635
-0.736347 0.0687045
-0.735947 0.0687741
-0.735547 0.0688438
-0.735147 0.0689136
-0.734747 0.0689835
-0.734347 0.0690535
-0.733947 0.0691237
-0.733547 0.0691939
-0.733147 0.0692642
-0.732747 0.0693346
-0.732346 0.0694052
-0.731946 0.0694758
-0.731546 0.0695465
-0.731146 0.0696174
-0.730746 0.0696884
-0.730346 0.0697594
-0.729946 0.0698306
-0.729546 0.0699019
-0.729146 0.0699732
-0.728746 0.0700447
-0.728346 0.0701163
-0.727946 0.070188
-0.727546 0.0702598
-0.727145 0.0703317
-0.726745 0.0704038
-0.726345 0.0704759
-0.725945 0.0705481
-0.725545 0.0706205
-0.725145 0.0706929
-0.724745 0.0707655
-0.724345 0.0708382
-0.723945 0.0709109
-0.723545 0.0709838
-0.723145 0.0710568
-0.722745 0.0711299
-0.722344 0.0712031
-0.721944 0.0712765
-0.721544 0.0713499
-0.721144 0.0714235
-0.720744 0.0714971
-0.720344 0.0715709
-0.719944 0.0716448
-0.719544 0.0717187
-0.719144 0.0717928
-0.718744 0.071867
-0.718344 0.0719414
-0.717944 0.0720158
-0.717544 0.0720903
-0.717143 0.072165
-0.716743 0.0722398
-0.716343 0.0723147
-0.715943 0.0723896
-0.715543 0.0724648
-0.715143 0.07254
-0.714743 0.0726153
-0.714343 0.0726907
-0.713943 0.0727663
-0.713543 0.072842
-0.713143 0.0729178
-0.712743 0.0729937
-0.712342 0.0730697
-0.711942 0.0731458
-0.711542 0.073222
-0.711142 0.0732984
-0.710742 0.0733749
-0.710342 0.0734515
-0.709942 0.0735282
-0.709542 0.073605
-0.709142 0.0736819
-0.708742 0.073759
-0.708342 0.0738361
-0.707942 0.0739134
-0.707542 0.0739908
-0.707141 0.0740683
-0.706741 0.0741459
-0.706341 0.0742237
-0.705941 0.0743015
-0.705541 0.0743795
-0.705141 0.0744576
-0.704741 0.0745358
-0.704341 0.0746142
-0.703941 0.0746926
-0.703541 0.0747712
-0.703141 0.0748499
-0.702741 0.0749287
-0.70234 0.0750076
-0.70194 0.0750866
-0.70154 0.0751658
-0.70114 0.0752451
-0.70074 0.0753245
-0.70034 0.075404
-0.69994 0.0754837
-0.69954 0.0755634
-0.69914 0.0756433
-0.69874 0.0757233
-0.69834 0.0758034
-0.69794 0.0758837
-0.69754 0.075964
-0.697139 0.0760445
-0.696739 0.0761251
-0.696339 0.0762059
-0.695939 0.0762867
-0.695539 0.0763677
-0.695139 0.0764488
-0.694739 0.07653
-0.694339 0.0766114
-0.693939 0.0766928
-0.693539 0.0767744
-0.693139 0.0768562
-0.692739 0.076938
-0.692338 0.07702
-0.691938 0.0771021
-0.691538 0.0771843
-0.691138 0.0772667
-0.690738 0.0773492
-0.690338 0.0774318
-0.689938 0.0775145
-0.689538 0.0775974
-0.689138 0.0776804
-0.688738 0.0777635
-0.688338 0.0778468
-0.687938 0.0779301
-0.687538 0.0780136
-0.687137 0.0780973
-0.686737 0.0781811
-0.686337 0.078265
-0.685937 0.078349
-0.685537 0.0784332
-0.685137 0.0785175
-0.684737 0.0786019
-0.684337 0.0786865
-0.683937 0.0787712
-0.683537 0.078856
-0.683137 0.078941
-0.682737 0.0790261
-0.682336 0.0791113
-0.681936 0.0791967
-0.681536 0.0792822
-0.681136 0.0793678
-0.680736 0.0794536
-0.680336 0.0795395
-0.679936 0.0796255
-0.679536 0.0797117
-0.679136 0.079798
-0.678736 0.0798845
-0.678336 0.0799711
-0.677936 0.0800578
-0.677536 0.0801447
-0.677135 0.0802317
-0.676735 0.0803189
-0.676335 0.0804061
-0.675935 0.0804936
-0.675535 0.0805811
-0.675135 0.0806688
-0.674735 0.0807567
-0.674335 0.0808447
-0.673935 0.0809328
-0.673535 0.0810211
-0.673135 0.0811095
-0.672735 0.081198
-0.672334 0.0812867
-0.671934 0.0813756
-0.671534 0.0814646
-0.671134 0.0815537
-0.670734 0.081643
-0.670334 0.0817324
-0.669934 0.081822
-0.669534 0.0819117
-0.669134 0.0820015
-0.668734 0.0820915
-0.668334 0.0821816
-0.667934 0.0822719
-0.667534 0.0823624
-0.667133 0.082453
-0.666733 0.0825437
-0.666333 0.0826346
-0.665933 0.0827256
-0.665533 0.0828168
-0.665133 0.0829081
-0.664733 0.0829995
-0.664333 0.0830912
-0.663933 0.0831829
-0.663533 0.0832749
-0.663133 0.0833669
-0.662733 0.0834591
-0.662332 0.0835515
-0.661932 0.083644
-0.661532 0.0837367
-0.661132 0.0838295
-0.660732 0.0839225
-0.660332 0.0840156
-0.659932 0.0841089
-0.659532 0.0842024
-0.659132 0.084296
-0.658732 0.0843897
-0.658332 0.0844836
-0.657932 0.0845777
-0.657532 0.0846719
-0.657131 0.0847662
-0.656731 0.0848607
-0.656331 0.0849554
-0.655931 0.0850503
-0.655531 0.0851452
-0.655131 0.0852404
-0.654731 0.0853357
-0.654331 0.0854311
-0.653931 0.0855268
-0.653531 0.0856225
-0.653131 0.0857185
-0.652731 0.0858146
-0.65233 0.0859108
-0.65193 0.0860072
-0.65153 0.0861038
-0.65113 0.0862005
-0.65073 0.0862974
-0.65033 0.0863945
-0.64993 0.0864917
-0.64953 0.0865891
-0.64913 0.0866866
-0.64873 0.0867843
-0.64833 0.0868822
-0.64793 0.0869802
-0.64753 0.0870784
-0.647129 0.0871767
-0.646729 0.0872752
-0.646329 0.0873739
-0.645929 0.0874728
-0.645529 0.0875718
-0.645129 0.087671
-0.644729 0.0877703
-0.644329 0.0878698
-0.643929 0.0879695
-0.643529 0.0880693
-0.643129 0.0881693
-0.642729 0.0882695
-0.642328 0.0883698
-0.641928 0.0884703
-0.641528 0.088571
-0.641128 0.0886719
-0.640728 0.0887729
-0.640328 0.0888741
-0.639928 0.0889754
-0.639528 0.0890769
-0.639128 0.0891786
-0.638728 0.0892805
-0.638328 0.0893825
-0.637928 0.0894847
-0.637528 0.0895871
-0.637127 0.0896897
-0.636727 0.0897924
-0.636327 0.0898953
-0.635927 0.0899983
-0.635527 0.0901016
-0.635127 0.090205
-0.634727 0.0903086
-0.634327 0.0904123
-0.633927 0.0905163
-0.633527 0.0906204
-0.633127 0.0907247
-0.632727 0.0908291
-0.632326 0.0909338
-0.631926 0.0910386
-0.631526 0.0911436
-0.631126 0.0912487
-0.630726 0.0913541
-0.630326 0.0914596
-0.629926 0.0915653
-0.629526 0.0916712
-0.629126 0.0917772
-0.628726 0.0918835
-0.628326 0.0919899
-0.627926 0.0920965
-0.627526 0.0922033
-0.627125 0.0923102
-0.626725 0.0924174
-0.626325 0.0925247
-0.625925 0.0926322
-0.625525 0.0927398
-0.625125 0.0928477
-0.624725 0.0929557
-0.624325 0.093064
-0.623925 0.0931724
-0.623525 0.093281
-0.623125 0.0933897
-0.622725 0.0934987
-0.622324 0.0936078
-0.621924 0.0937172
-0.621524 0.0938267
-0.621124 0.0939364
-0.620724 0.0940463
-0.620324 0.0941563
-0.619924 0.0942666
-0.619524 0.094377
-0.619124 0.0944876
-0.618724 0.0945985
-0.618324 0.0947095
-0.617924 0.0948207
-0.617524 0.094932
-0.617123 0.0950436
-0.616723 0.0951554
-0.616323 0.0952673
-0.615923 0.0953794
-0.615523 0.0954918
-0.615123 0.0956043
-0.614723 0.095717
-0.614323 0.0958299
-0.613923 0.095943
-0.613523 0.0960562
-0.613123 0.0961697
-0.612723 0.0962834
-0.612322 0.0963972
-0.611922 0.0965113
-0.611522 0.0966255
-0.611122 0.0967399
-0.610722 0.0968546
-0.610322 0.0969694
-0.609922 0.0970844
-0.609522 0.0971996
-0.609122 0.097315
-0.608722 0.0974306
-0.608322 0.0975464
-0.607922 0.0976624
-0.607522 0.0977786
-0.607121 0.097895
-0.606721 0.0980116
-0.606321 0.0981284
-0.605921 0.0982453
-0.605521 0.0983625
-0.605121 0.0984799
-0.604721 0.0985975
-0.604321 0.0987153
-0.603921 0.0988332
-0.603521 0.0989514
-0.603121 0.0990698
-0.602721 0.0991884
-0.60232 0.0993071
-0.60192 0.0994261
-0.60152 0.0995453
-0.60112 0.0996647
-0.60072 0.0997842
-0.60032 0.099904
-0.59992 0.100024
-0.59952 0.100144
-0.59912 0.100265
-0.59872 0.100385
-0.59832 0.100506
-0.59792 0.100627
-0.59752 0.100748
-0.597119 0.10087
-0.596719 0.100991
-0.596319 0.101113
-0.595919 0.101235
-0.595519 0.101357
-0.595119 0.10148
-0.594719 0.101603
-0.594319 0.101725
-0.593919 0.101849
-0.593519 0.101972
-0.593119 0.102095
-0.592719 0.102219
-0.592318 0.102343
-0.591918 0.102467
-0.591518 0.102592
-0.591118 0.102716
-0.590718 0.102841
-0.590318 0.102966
-0.589918 0.103091
-0.589518 0.103217
-0.589118 0.103342
-0.588718 0.103468
-0.588318 0.103595
-0.587918 0.103721
-0.587518 0.103847
-0.587117 0.103974
-0.586717 0.104101
-0.586317 0.104228
-0.585917 0.104356
-0.585517 0.104484
-0.585117 0.104612
-0.584717 0.10474
-0.584317 0.104868
-0.583917 0.104997
-0.583517 0.105125
-0.583117 0.105254
-0.582717 0.105384
-0.582316 0.105513
-0.581916 0.105643
-0.581516 0.105773
-0.581116 0.105903
-0.580716 0.106034
-0.580316 0.106164
-0.579916 0.106295
-0.579516 0.106426
-0.579116 0.106558
-0.578716 0.106689
-0.578316 0.106821
-0.577916 0.106953
-0.577516 0.107085
-0.577115 0.107218
-0.576715 0.107351
-0.576315 0.107484
-0.575915 0.107617
-0.575515 0.10775
-0.575115 0.107884
-0.574715 0.108018
-0.574315 0.108152
-0.573915 0.108287
-0.573515 0.108422
-0.573115 0.108556
-0.572715 0.108692
-0.572314 0.108827
-0.571914 0.108963
-0.571514 0.109099
-0.571114 0.109235
-0.570714 0.109371
-0.570314 0.109508
-0.569914 0.109645
-0.569514 0.109782
-0.569114 0.109919
-0.568714 0.110057
-0.568314 0.110195
-0.567914 0.110333
-0.567514 0.110472
-0.567113 0.11061
-0.566713 0.110749
-0.566313 0.110888
-0.565913 0.111028
-0.565513 0.111167
-0.565113 0.111307
-0.564713 0.111448
-0.564313 0.111588
-0.563913 0.111729
-0.563513 0.11187
-0.563113 0.112011
-0.562713 0.112152
-0.562312 0.112294
-0.561912 0.112436
-0.561512 0.112578
-0.561112 0.112721
-0.560712 0.112864
-0.560312 0.113007
-0.559912 0.11315
-0.559512 0.113294
-0.559112 0.113438
-0.558712 0.113582
-0.558312 0.113726
-0.557912 0.113871
-0.557512 0.114016
-0.557111 0.114161
-0.556711 0.114306
-0.556311 0.114452
-0.555911 0.114598
-0.555511 0.114744
-0.555111 0.114891
-0.554711 0.115037
-0.554311 0.115185
-0.553911 0.115332
-0.553511 0.11548
-0.553111 0.115627
-0.552711 0.115776
-0.55231 0.115924
-0.55191 0.116073
-0.55151 0.116222
-0.55111 0.116371
-0.55071 0.11652
-0.55031 0.11667
-0.54991 0.11682
-0.54951 0.116971
-0.54911 0.117121
-0.54871 0.117272
-0.54831 0.117424
-0.54791 0.117575
-0.54751 0.117727
-0.547109 0.117879
-0.546709 0.118031
-0.546309 0.118184
-0.545909 0.118337
-0.545509 0.11849
-0.545109 0.118643
-0.544709 0.118797
-0.544309 0.118951
-0.543909 0.119106
-0.543509 0.11926
-0.543109 0.119415
-0.542709 0.11957
-0.542308 0.119726
-0.541908 0.119882
-0.541508 0.120038
-0.541108 0.120194
-0.540708 0.120351
-0.540308 0.120508
-0.539908 0.120665
-0.539508 0.120823
-0.539108 0.12098
-0.538708 0.121139
-0.538308 0.121297
-0.537908 0.121456
-0.537508 0.121615
-0.537107 0.121774
-0.536707 0.121934
-0.536307 0.122094
-0.535907 0.122254
-0.535507 0.122414
-0.535107 0.122575
-0.534707 0.122736
-0.534307 0.122898
-0.533907 0.12306
-0.533507 0.123222
-0.533107 0.123384
-0.532707 0.123547
-0.532306 0.12371
-0.531906 0.123873
-0.531506 0.124036
-0.531106 0.1242
-0.530706 0.124364
-0.530306 0.124529
-0.529906 0.124694
-0.529506 0.124859
-0.529106 0.125024
-0.528706 0.12519
-0.528306 0.125356
-0.527906 0.125522
-0.527506 0.125689
-0.527105 0.125856
-0.526705 0.126023
-0.526305 0.126191
-0.525905 0.126359
-0.525505 0.126527
-0.525105 0.126696
-0.524705 0.126865
-0.524305 0.127034
-0.523905 0.127203
-0.523505 0.127373
-0.523105 0.127543
-0.522705 0.127714
-0.522304 0.127884
-0.521904 0.128056
-0.521504 0.128227
-0.521104 0.128399
-0.520704 0.128571
-0.520304 0.128743
-0.519904 0.128916
-0.519504 0.129089
-0.519104 0.129262
-0.518704 0.129436
-0.518304 0.12961
-0.517904 0.129784
-0.517504 0.129959
-0.517103 0.130134
-0.516703 0.130309
-0.516303 0.130485
-0.515903 0.130661
-0.515503 0.130837
-0.515103 0.131014
-0.514703 0.131191
-0.514303 0.131368
-0.513903 0.131546
-0.513503 0.131724
-0.513103 0.131902
-0.512703 0.132081
-0.512302 0.13226
-0.511902 0.132439
-0.511502 0.132619
-0.511102 0.132799
-0.510702 0.132979
-0.510302 0.13316
-0.509902 0.133341
-0.509502 0.133522
-0.509102 0.133704
-0.508702 0.133886
-0.508302 0.134068
-0.507902 0.134251
-0.507502 0.134434
-0.507101 0.134618
-0.506701 0.134801
-0.506301 0.134986
-0.505901 0.13517
-0.505501 0.135355
-0.505101 0.13554
-0.504701 0.135725
-0.504301 0.135911
-0.503901 0.136097
-0.503501 0.136284
-0.503101 0.136471
-0.502701 0.136658
-0.5023 0.136846
-0.5019 0.137034
-0.5015 0.137222
-0.5011 0.13741
-0.5007 0.137599
-0.5003 0.137789
-0.4999 0.137978
-0.4995 0.138169
-0.4991 0.138359
-0.4987 0.13855
-0.4983 0.138741
-0.4979 0.138932
-0.497499 0.139124
-0.497099 0.139316
-0.496699 0.139509
-0.496299 0.139702
-0.495899 0.139895
-0.495499 0.140089
-0.495099 0.140283
-0.494699 0.140477
-0.494299 0.140672
-0.493899 0.140867
-0.493499 0.141063
-0.493099 0.141259
-0.492699 0.141455
-0.492298 0.141652
-0.491898 0.141849
-0.491498 0.142046
-0.491098 0.142244
-0.490698 0.142442
-0.490298 0.142641
-0.489898 0.14284
-0.489498 0.143039
-0.489098 0.143239
-0.488698 0.143439
-0.488298 0.14364
-0.487898 0.143841
-0.487497 0.144042
-0.487097 0.144244
-0.486697 0.144446
-0.486297 0.144649
-0.485897 0.144852
-0.485497 0.145055
-0.485097 0.145259
-0.484697 0.145463
-0.484297 0.145667
-0.483897 0.145872
-0.483497 0.146078
-0.483097 0.146283
-0.482697 0.14649
-0.482296 0.146696
-0.481896 0.146903
-0.481496 0.147111
-0.481096 0.147319
-0.480696 0.147527
-0.480296 0.147736
-0.479896 0.147945
-0.479496 0.148154
-0.479096 0.148364
-0.478696 0.148575
-0.478296 0.148786
-0.477896 0.148997
-0.477495 0.149209
-0.477095 0.149421
-0.476695 0.149633
-0.476295 0.149846
-0.475895 0.15006
-0.475495 0.150273
-0.475095 0.150488
-0.474695 0.150703
-0.474295 0.150918
-0.473895 0.151133
-0.473495 0.151349
-0.473095 0.151566
-0.472695 0.151783
-0.472294 0.152
-0.471894 0.152218
-0.471494 0.152436
-0.471094 0.152655
-0.470694 0.152874
-0.470294 0.153094
-0.469894 0.153314
-0.469494 0.153535
-0.469094 0.153756
-0.468694 0.153977
-0.468294 0.154199
-0.467894 0.154422
-0.467493 0.154645
-0.467093 0.154868
-0.466693 0.155092
-0.466293 0.155316
-0.465893 0.155541
-0.465493 0.155766
-0.465093 0.155992
-0.464693 0.156218
-0.464293 0.156445
-0.463893 0.156672
-0.463493 0.156899
-0.463093 0.157127
-0.462693 0.157356
-0.462292 0.157585
-0.461892 0.157815
-0.461492 0.158045
-0.461092 0.158275
-0.460692 0.158506
-0.460292 0.158738
-0.459892 0.15897
-0.459492 0.159202
-0.459092 0.159435
-0.458692 0.159668
-0.458292 0.159902
-0.457892 0.160137
-0.457491 0.160372
-0.457091 0.160607
-0.456691 0.160843
-0.456291 0.161079
-0.455891 0.161316
-0.455491 0.161554
-0.455091 0.161792
-0.454691 0.16203
-0.454291 0.162269
-0.453891 0.162509
-0.453491 0.162749
-0.453091 0.162989
-0.452691 0.16323
-0.45229 0.163472
-0.45189 0.163714
-0.45149 0.163956
-0.45109 0.1642
-0.45069 0.164443
-0.45029 0.164687
-0.44989 0.164932
-0.44949 0.165177
-0.44909 0.165423
-0.44869 0.165669
-0.44829 0.165916
-0.44789 0.166163
-0.447489 0.166411
-0.447089 0.166659
-0.446689 0.166908
-0.446289 0.167158
-0.445889 0.167408
-0.445489 0.167658
-0.445089 0.167909
-0.444689 0.168161
-0.444289 0.168413
-0.443889 0.168666
-0.443489 0.168919
-0.443089 0.169173
-0.442689 0.169427
-0.442288 0.169682
-0.441888 0.169937
-0.441488 0.170193
-0.441088 0.17045
-0.440688 0.170707
-0.440288 0.170965
-0.439888 0.171223
-0.439488 0.171482
-0.439088 0.171741
-0.438688 0.172001
-0.438288 0.172261
-0.437888 0.172522
-0.437487 0.172784
-0.437087 0.173046
-0.436687 0.173309
-0.436287 0.173572
-0.435887 0.173836
-0.435487 0.1741
-0.435087 0.174365
-0.434687 0.174631
-0.434287 0.174897
-0.433887 0.175164
-0.433487 0.175431
-0.433087 0.175699
-0.432687 0.175968
-0.432286 0.176237
-0.431886 0.176506
-0.431486 0.176777
-0.431086 0.177047
-0.430686 0.177319
-0.430286 0.177591
-0.429886 0.177863
-0.429486 0.178137
-0.429086 0.17841
-0.428686 0.178685
-0.428286 0.17896
-0.427886 0.179235
-0.427485 0.179512
-0.427085 0.179788
-0.426685 0.180066
-0.426285 0.180344
-0.425885 0.180622
-0.425485 0.180902
-0.425085 0.181181
-0.424685 0.181462
-0.424285 0.181743
-0.423885 0.182025
-0.423485 0.182307
-0.423085 0.18259
-0.422685 0.182873
-0.422284 0.183157
-0.421884 0.183442
-0.421484 0.183727
-0.421084 0.184013
-0.420684 0.1843
-0.420284 0.184587
-0.419884 0.184875
-0.419484 0.185164
-0.419084 0.185453
-0.418684 0.185742
-0.418284 0.186033
-0.417884 0.186324
-0.417483 0.186615
-0.417083 0.186908
-0.416683 0.187201
-0.416283 0.187494
-0.415883 0.187788
-0.415483 0.188083
-0.415083 0.188379
-0.414683 0.188675
-0.414283 0.188972
-0.413883 0.189269
-0.413483 0.189567
-0.413083 0.189866
-0.412683 0.190165
-0.412282 0.190465
-0.411882 0.190766
-0.411482 0.191067
-0.411082 0.191369
-0.410682 0.191672
-0.410282 0.191975
-0.409882 0.192279
-0.409482 0.192584
-0.409082 0.192889
-0.408682 0.193195
-0.408282 0.193501
-0.407882 0.193809
-0.407481 0.194117
-0.407081 0.194425
-0.406681 0.194734
-0.406281 0.195044
-0.405881 0.195355
-0.405481 0.195666
-0.405081 0.195978
-0.404681 0.196291
-0.404281 0.196604
-0.403881 0.196918
-0.403481 0.197233
-0.403081 0.197548
-0.402681 0.197865
-0.40228 0.198181
-0.40188 0.198499
-0.40148 0.198817
-0.40108 0.199136
-0.40068 0.199455
-0.40028 0.199775
-0.39988 0.200096
-0.39948 0.200418
-0.39908 0.20074
-0.39868 0.201063
-0.39828 0.201387
-0.39788 0.201711
-0.397479 0.202036
-0.397079 0.202362
-0.396679 0.202689
-0.396279 0.203016
-0.395879 0.203344
-0.395479 0.203673
-0.395079 0.204002
-0.394679 0.204332
-0.394279 0.204663
-0.393879 0.204995
-0.393479 0.205327
-0.393079 0.20566
-0.392679 0.205994
-0.392278 0.206328
-0.391878 0.206663
-0.391478 0.206999
-0.391078 0.207336
-0.390678 0.207674
-0.390278 0.208012
-0.389878 0.208351
-0.389478 0.208691
-0.389078 0.209031
-0.388678 0.209372
-0.388278 0.209714
-0.387878 0.210057
-0.387477 0.2104
-0.387077 0.210745
-0.386677 0.21109
-0.386277 0.211436
-0.385877 0.211782
-0.385477 0.212129
-0.385077 0.212478
-0.384677 0.212826
-0.384277 0.213176
-0.383877 0.213527
-0.383477 0.213878
-0.383077 0.21423
-0.382677 0.214583
-0.382276 0.214936
-0.381876 0.215291
-0.381476 0.215646
-0.381076 0.216002
-0.380676 0.216359
-0.380276 0.216716
-0.379876 0.217075
-0.379476 0.217434
-0.379076 0.217794
-0.378676 0.218155
-0.378276 0.218516
-0.377876 0.218879
-0.377475 0.219242
-0.377075 0.219606
-0.376675 0.219971
-0.376275 0.220337
-0.375875 0.220703
-0.375475 0.221071
-0.375075 0.221439
-0.374675 0.221808
-0.374275 0.222178
-0.373875 0.222549
-0.373475 0.22292
-0.373075 0.223293
-0.372675 0.223666
-0.372274 0.22404
-0.371874 0.224415
-0.371474 0.224791
-0.371074 0.225167
-0.370674 0.225545
-0.370274 0.225923
-0.369874 0.226302
-0.369474 0.226682
-0.369074 0.227063
-0.368674 0.227445
-0.368274 0.227828
-0.367874 0.228211
-0.367473 0.228596
-0.367073 0.228981
-0.366673 0.229367
-0.366273 0.229754
-0.365873 0.230142
-0.365473 0.230531
-0.365073 0.230921
-0.364673 0.231311
-0.364273 0.231703
-0.363873 0.232095
-0.363473 0.232488
-0.363073 0.232882
-0.362673 0.233277
-0.362272 0.233673
-0.361872 0.23407
-0.361472 0.234468
-0.361072 0.234867
-0.360672 0.235266
-0.360272 0.235667
-0.359872 0.236068
-0.359472 0.23647
-0.359072 0.236874
-0.358672 0.237278
-0.358272 0.237683
-0.357872 0.238089
-0.357471 0.238496
-0.357071 0.238904
-0.356671 0.239312
-0.356271 0.239722
-0.355871 0.240133
-0.355471 0.240544
-0.355071 0.240957
-0.354671 0.24137
-0.354271 0.241785
-0.353871 0.2422
-0.353471 0.242616
-0.353071 0.243034
-0.352671 0.243452
-0.35227 0.243871
-0.35187 0.244291
-0.35147 0.244712
-0.35107 0.245134
-0.35067 0.245557
-0.35027 0.245981
-0.34987 0.246406
-0.34947 0.246832
-0.34907 0.247259
-0.34867 0.247687
-0.34827 0.248116
-0.34787 0.248546
-0.347469 0.248977
-0.347069 0.249408
-0.346669 0.249841
-0.346269 0.250275
-0.345869 0.25071
-0.345469 0.251145
-0.345069 0.251582
-0.344669 0.25202
-0.344269 0.252459
-0.343869 0.252898
-0.343469 0.253339
-0.343069 0.253781
-0.342669 0.254224
-0.342268 0.254668
-0.341868 0.255112
-0.341468 0.255558
-0.341068 0.256005
-0.340668 0.256453
-0.340268 0.256902
-0.339868 0.257352
-0.339468 0.257803
-0.339068 0.258254
-0.338668 0.258707
-0.338268 0.259161
-0.337868 0.259616
-0.337467 0.260073
-0.337067 0.26053
-0.336667 0.260988
-0.336267 0.261447
-0.335867 0.261907
-0.335467 0.262369
-0.335067 0.262831
-0.334667 0.263294
-0.334267 0.263759
-0.333867 0.264224
-0.333467 0.264691
-0.333067 0.265159
-0.332667 0.265627
-0.332266 0.266097
-0.331866 0.266568
-0.331466 0.26704
-0.331066 0.267513
-0.330666 0.267987
-0.330266 0.268462
-0.329866 0.268938
-0.329466 0.269415
-0.329066 0.269894
-0.328666 0.270373
-0.328266 0.270854
-0.327866 0.271335
-0.327465 0.271818
-0.327065 0.272302
-0.326665 0.272787
-0.326265 0.273273
-0.325865 0.27376
-0.325465 0.274248
-0.325065 0.274738
-0.324665 0.275228
-0.324265 0.27572
-0.323865 0.276212
-0.323465 0.276706
-0.323065 0.277201
-0.322665 0.277697
-0.322264 0.278194
-0.321864 0.278692
-0.321464 0.279192
-0.321064 0.279692
-0.320664 0.280194
-0.320264 0.280697
-0.319864 0.2812
-0.319464 0.281705
-0.319064 0.282212
-0.318664 0.282719
-0.318264 0.283227
-0.317864 0.283737
-0.317463 0.284248
-0.317063 0.28476
-0.316663 0.285273
-0.316263 0.285787
-0.315863 0.286302
-0.315463 0.286819
-0.315063 0.287336
-0.314663 0.287855
-0.314263 0.288375
-0.313863 0.288896
-0.313463 0.289419
-0.313063 0.289942
-0.312663 0.290467
-0.312262 0.290993
-0.311862 0.29152
-0.311462 0.292048
-0.311062 0.292577
-0.310662 0.293108
-0.310262 0.29364
-0.309862 0.294173
-0.309462 0.294707
-0.309062 0.295242
-0.308662 0.295779
-0.308262 0.296317
-0.307862 0.296855
-0.307461 0.297396
-0.307061 0.297937
-0.306661 0.29848
-0.306261 0.299023
-0.305861 0.299568
-0.305461 0.300114
-0.305061 0.300662
-0.304661 0.30121
-0.304261 0.30176
-0.303861 0.302311
-0.303461 0.302864
-0.303061 0.303417
-0.302661 0.303972
-0.30226 0.304528
-0.30186 0.305085
-0.30146 0.305643
-0.30106 0.306203
-0.30066 0.306764
-0.30026 0.307326
-0.29986 0.30789
-0.29946 0.308454
-0.29906 0.30902
-0.29866 0.309587
-0.29826 0.310156
-0.29786 0.310725
-0.297459 0.311296
-0.297059 0.311869
-0.296659 0.312442
-0.296259 0.313017
-0.295859 0.313593
-0.295459 0.31417
-0.295059 0.314749
-0.294659 0.315329
-0.294259 0.31591
-0.293859 0.316493
-0.293459 0.317077
-0.293059 0.317662
-0.292659 0.318249
-0.292258 0.318837
-0.291858 0.319426
-0.291458 0.320017
-0.291058 0.320609
-0.290658 0.321202
-0.290258 0.321796
-0.289858 0.322392
-0.289458 0.32299
-0.289058 0.323589
-0.288658 0.324189
-0.288258 0.32479
-0.287858 0.325393
-0.287457 0.325998
-0.287057 0.326603
-0.286657 0.32721
-0.286257 0.327819
-0.285857 0.328429
-0.285457 0.32904
-0.285057 0.329653
-0.284657 0.330267
-0.284257 0.330883
-0.283857 0.3315
-0.283457 0.332118
-0.283057 0.332738
-0.282657 0.333359
-0.282256 0.333982
-0.281856 0.334607
-0.281456 0.335232
-0.281056 0.33586
-0.280656 0.336488
-0.280256 0.337118
-0.279856 0.33775
-0.279456 0.338383
-0.279056 0.339018
-0.278656 0.339654
-0.278256 0.340292
-0.277856 0.340931
-0.277455 0.341571
-0.277055 0.342214
-0.276655 0.342857
-0.276255 0.343503
-0.275855 0.344149
-0.275455 0.344798
-0.275055 0.345447
-0.274655 0.346099
-0.274255 0.346752
-0.273855 0.347406
-0.273455 0.348062
-0.273055 0.34872
-0.272655 0.349379
-0.272254 0.35004
-0.271854 0.350702
-0.271454 0.351366
-0.271054 0.352031
-0.270654 0.352699
-0.270254 0.353367
-0.269854 0.354038
-0.269454 0.354709
-0.269054 0.355383
-0.268654 0.356058
-0.268254 0.356735
-0.267854 0.357413
-0.267453 0.358093
-0.267053 0.358775
-0.266653 0.359458
-0.266253 0.360143
-0.265853 0.36083
-0.265453 0.361518
-0.265053 0.362208
-0.264653 0.3629
-0.264253 0.363593
-0.263853 0.364288
-0.263453 0.364984
-0.263053 0.365683
-0.262653 0.366383
-0.262252 0.367084
-0.261852 0.367788
-0.261452 0.368493
-0.261052 0.3692
-0.260652 0.369908
-0.260252 0.370618
-0.259852 0.37133
-0.259452 0.372044
-0.259052 0.372759
-0.258652 0.373477
-0.258252 0.374195
-0.257852 0.374916
-0.257451 0.375639
-0.257051 0.376363
-0.256651 0.377089
-0.256251 0.377816
-0.255851 0.378546
-0.255451 0.379277
-0.255051 0.38001
-0.254651 0.380745
-0.254251 0.381481
-0.253851 0.38222
-0.253451 0.38296
-0.253051 0.383702
-0.252651 0.384446
-0.25225 0.385191
-0.25185 0.385939
-0.25145 0.386688
-0.25105 0.387439
-0.25065 0.388192
-0.25025 0.388947
-0.24985 0.389704
-0.24945 0.390462
-0.24905 0.391222
-0.24865 0.391984
-0.24825 0.392749
-0.24785 0.393514
-0.247449 0.394282
-0.247049 0.395052
-0.246649 0.395823
-0.246249 0.396597
-0.245849 0.397372
-0.245449 0.398149
-0.245049 0.398929
-0.244649 0.39971
-0.244249 0.400493
-0.243849 0.401277
-0.243449 0.402064
-0.243049 0.402853
-0.242649 0.403644
-0.242248 0.404436
-0.241848 0.405231
-0.241448 0.406027
-0.241048 0.406825
-0.240648 0.407626
-0.240248 0.408428
-0.239848 0.409232
-0.239448 0.410039
-0.239048 0.410847
-0.238648 0.411657
-0.238248 0.412469
-0.237848 0.413284
-0.237447 0.4141
-0.237047 0.414918
-0.236647 0.415738
-0.236247 0.41656
-0.235847 0.417384
-0.235447 0.418211
-0.235047 0.419039
-0.234647 0.419869
-0.234247 0.420702
-0.233847 0.421536
-0.233447 0.422372
-0.233047 0.423211
-0.232647 0.424051
-0.232246 0.424894
-0.231846 0.425738
-0.231446 0.426585
-0.231046 0.427434
-0.230646 0.428284
-0.230246 0.429137
-0.229846 0.429992
-0.229446 0.430849
-0.229046 0.431709
-0.228646 0.43257
-0.228246 0.433433
-0.227846 0.434299
-0.227445 0.435166
-0.227045 0.436036
-0.226645 0.436908
-0.226245 0.437782
-0.225845 0.438658
-0.225445 0.439536
-0.225045 0.440416
-0.224645 0.441299
-0.224245 0.442184
-0.223845 0.44307
-0.223445 0.443959
-0.223045 0.444851
-0.222645 0.445744
-0.222244 0.446639
-0.221844 0.447537
-0.221444 0.448437
-0.221044 0.449339
-0.220644 0.450243
-0.220244 0.45115
-0.219844 0.452058
-0.219444 0.452969
-0.219044 0.453882
-0.218644 0.454798
-0.218244 0.455715
-0.217844 0.456635
-0.217443 0.457557
-0.217043 0.458481
-0.216643 0.459408
-0.216243 0.460336
-0.215843 0.461267
-0.215443 0.462201
-0.215043 0.463136
-0.214643 0.464074
-0.214243 0.465014
-0.213843 0.465956
-0.213443 0.466901
-0.213043 0.467848
-0.212643 0.468797
-0.212242 0.469749
-0.211842 0.470702
-0.211442 0.471658
-0.211042 0.472617
-0.210642 0.473578
-0.210242 0.474541
-0.209842 0.475506
-0.209442 0.476474
-0.209042 0.477444
-0.208642 0.478416
-0.208242 0.479391
-0.207842 0.480368
-0.207441 0.481347
-0.207041 0.482329
-0.206641 0.483313
-0.206241 0.4843
-0.205841 0.485289
-0.205441 0.48628
-0.205041 0.487274
-0.204641 0.48827
-0.204241 0.489268
-0.203841 0.490269
-0.203441 0.491272
-0.203041 0.492278
-0.202641 0.493286
-0.20224 0.494296
-0.20184 0.495309
-0.20144 0.496325
-0.20104 0.497342
-0.20064 0.498363
-0.20024 0.499385
-0.19984 0.50041
-0.19944 0.501438
-0.19904 0.502468
-0.19864 0.5035
-0.19824 0.504535
-0.19784 0.505572
-0.197439 0.506612
-0.197039 0.507654
-0.196639 0.508698
-0.196239 0.509745
-0.195839 0.510794
-0.195439 0.511845
-0.195039 0.512898
-0.194639 0.513954
-0.194239 0.515012
-0.193839 0.516073
-0.193439 0.517136
-0.193039 0.5182
-0.192639 0.519268
-0.192238 0.520337
-0.191838 0.521409
-0.191438 0.522482
-0.191038 0.523558
-0.190638 0.524636
-0.190238 0.525717
-0.189838 0.526799
-0.189438 0.527884
-0.189038 0.52897
-0.188638 0.530059
-0.188238 0.53115
-0.187838 0.532243
-0.187437 0.533338
-0.187037 0.534435
-0.186637 0.535534
-0.186237 0.536635
-0.185837 0.537738
-0.185437 0.538843
-0.185037 0.53995
-0.184637 0.54106
-0.184237 0.542171
-0.183837 0.543284
-0.183437 0.544399
-0.183037 0.545515
-0.182637 0.546634
-0.182236 0.547755
-0.181836 0.548878
-0.181436 0.550002
-0.181036 0.551128
-0.180636 0.552257
-0.180236 0.553387
-0.179836 0.554519
-0.179436 0.555652
-0.179036 0.556788
-0.178636 0.557925
-0.178236 0.559064
-0.177836 0.560205
-0.177435 0.561347
-0.177035 0.562492
-0.176635 0.563638
-0.176235 0.564785
-0.175835 0.565935
-0.175435 0.567086
-0.175035 0.568239
-0.174635 0.569393
-0.174235 0.570549
-0.173835 0.571707
-0.173435 0.572866
-0.173035 0.574027
-0.172635 0.57519
-0.172234 0.576354
-0.171834 0.57752
-0.171434 0.578687
-0.171034 0.579856
-0.170634 0.581027
-0.170234 0.582198
-0.169834 0.583372
-0.169434 0.584547
-0.169034 0.585723
-0.168634 0.586901
-0.168234 0.588081
-0.167834 0.589261
-0.167433 0.590444
-0.167033 0.591627
-0.166633 0.592812
-0.166233 0.593999
-0.165833 0.595187
-0.165433 0.596376
-0.165033 0.597567
-0.164633 0.598758
-0.164233 0.599952
-0.163833 0.601146
-0.163433 0.602342
-0.163033 0.603539
-0.162633 0.604738
-0.162232 0.605938
-0.161832 0.607139
-0.161432 0.608341
-0.161032 0.609545
-0.160632 0.610749
-0.160232 0.611955
-0.159832 0.613162
-0.159432 0.614371
-0.159032 0.61558
-0.158632 0.616791
-0.158232 0.618003
-0.157832 0.619216
-0.157431 0.62043
-0.157031 0.621645
-0.156631 0.622861
-0.156231 0.624078
-0.155831 0.625297
-0.155431 0.626516
-0.155031 0.627737
-0.154631 0.628958
-0.154231 0.630181
-0.153831 0.631405
-0.153431 0.632629
-0.153031 0.633855
-0.152631 0.635081
-0.15223 0.636309
-0.15183 0.637537
-0.15143 0.638767
-0.15103 0.639997
-0.15063 0.641228
-0.15023 0.64246
-0.14983 0.643693
-0.14943 0.644927
-0.14903 0.646162
-0.14863 0.647397
-0.14823 0.648634
-0.14783 0.649871
-0.147429 0.651109
-0.147029 0.652347
-0.146629 0.653587
-0.146229 0.654827
-0.145829 0.656068
-0.145429 0.65731
-0.145029 0.658553
-0.144629 0.659796
-0.144229 0.66104
-0.143829 0.662285
-0.143429 0.66353
-0.143029 0.664776
-0.142629 0.666023
-0.142228 0.66727
-0.141828 0.668518
-0.141428 0.669767
-0.141028 0.671016
-0.140628 0.672266
-0.140228 0.673516
-0.139828 0.674767
-0.139428 0.676019
-0.139028 0.677271
-0.138628 0.678523
-0.138228 0.679776
-0.137828 0.68103
-0.137427 0.682284
-0.137027 0.683538
-0.136627 0.684793
-0.136227 0.686049
-0.135827 0.687305
-0.135427 0.688561
-0.135027 0.689818
-0.134627 0.691075
-0.134227 0.692333
-0.133827 0.69359
-0.133427 0.694849
-0.133027 0.696107
-0.132627 0.697366
-0.132226 0.698626
-0.131826 0.699885
-0.131426 0.701145
-0.131026 0.702405
-0.130626 0.703666
-0.130226 0.704927
-0.129826 0.706188
-0.129426 0.707449
-0.129026 0.70871
-0.128626 0.709972
-0.128226 0.711234
-0.127826 0.712496
-0.127425 0.713758
-0.127025 0.715021
-0.126625 0.716283
-0.126225 0.717546
-0.125825 0.718809
-0.125425 0.720072
-0.125025 0.721335
-0.124625 0.722598
-0.124225 0.723861
-0.123825 0.725124
-0.123425 0.726388
-0.123025 0.727651
-0.122625 0.728914
-0.122224 0.730178
-0.121824 0.731441
-0.121424 0.732705
-0.121024 0.733968
-0.120624 0.735231
-0.120224 0.736495
-0.119824 0.737758
-0.119424 0.739021
-0.119024 0.740284
-0.118624 0.741547
-0.118224 0.74281
-0.117824 0.744072
-0.117423 0.745335
-0.117023 0.746597
-0.116623 0.74786
-0.116223 0.749122
-0.115823 0.750384
-0.115423 0.751645
-0.115023 0.752907
-0.114623 0.754168
-0.114223 0.755429
-0.113823 0.75669
-0.113423 0.75795
-0.113023 0.759211
-0.112623 0.76047
-0.112222 0.76173
-0.111822 0.762989
-0.111422 0.764248
-0.111022 0.765507
-0.110622 0.766765
-0.110222 0.768023
-0.109822 0.769281
-0.109422 0.770538
-0.109022 0.771795
-0.108622 0.773051
-0.108222 0.774307
-0.107822 0.775562
-0.107421 0.776817
-0.107021 0.778072
-0.106621 0.779326
-0.106221 0.78058
-0.105821 0.781833
-0.105421 0.783085
-0.105021 0.784337
-0.104621 0.785589
-0.104221 0.78684
-0.103821 0.78809
-0.103421 0.78934
-0.103021 0.790589
-0.102621 0.791838
-0.10222 0.793086
-0.10182 0.794333
-0.10142 0.79558
-0.10102 0.796826
-0.10062 0.798071
-0.10022 0.799316
-0.09982 0.80056
-0.0994199 0.801803
-0.0990198 0.803046
-0.0986197 0.804287
-0.0982196 0.805528
-0.0978196 0.806768
-0.0974195 0.808008
-0.0970194 0.809246
-0.0966193 0.810483
-0.0962192 0.811719
-0.0958192 0.812955
-0.0954191 0.814189
-0.095019 0.815422
-0.0946189 0.816654
-0.0942188 0.817885
-0.0938188 0.819115
-0.0934187 0.820343
-0.0930186 0.82157
-0.0926185 0.822796
-0.0922184 0.824021
-0.0918184 0.825244
-0.0914183 0.826466
-0.0910182 0.827686
-0.0906181 0.828905
-0.090218 0.830122
-0.089818 0.831338
-0.0894179 0.832553
-0.0890178 0.833765
-0.0886177 0.834976
-0.0882176 0.836186
-0.0878176 0.837393
-0.0874175 0.838599
-0.0870174 0.839803
-0.0866173 0.841006
-0.0862172 0.842206
-0.0858172 0.843405
-0.0854171 0.844602
-0.085017 0.845796
-0.0846169 0.846989
-0.0842168 0.84818
-0.0838168 0.849368
-0.0834167 0.850555
-0.0830166 0.85174
-0.0826165 0.852922
-0.0822164 0.854102
-0.0818164 0.85528
-0.0814163 0.856456
-0.0810162 0.857629
-0.0806161 0.8588
-0.080216 0.859969
-0.079816 0.861135
-0.0794159 0.862299
-0.0790158 0.863461
-0.0786157 0.864619
-0.0782156 0.865776
-0.0778156 0.86693
-0.0774155 0.868081
-0.0770154 0.86923
-0.0766153 0.870376
-0.0762152 0.871519
-0.0758152 0.872659
-0.0754151 0.873797
-0.075015 0.874932
-0.0746149 0.876064
-0.0742148 0.877193
-0.0738148 0.87832
-0.0734147 0.879443
-0.0730146 0.880563
-0.0726145 0.881681
-0.0722144 0.882795
-0.0718144 0.883907
-0.0714143 0.885015
-0.0710142 0.88612
-0.0706141 0.887222
-0.070214 0.88832
-0.069814 0.889416
-0.0694139 0.890508
-0.0690138 0.891597
-0.0686137 0.892682
-0.0682136 0.893764
-0.0678136 0.894843
-0.0674135 0.895918
-0.0670134 0.89699
-0.0666133 0.898058
-0.0662132 0.899122
-0.0658132 0.900183
-0.0654131 0.901241
-0.065013 0.902295
-0.0646129 0.903345
-0.0642128 0.904391
-0.0638128 0.905434
-0.0634127 0.906472
-0.0630126 0.907507
-0.0626125 0.908538
-0.0622124 0.909565
-0.0618124 0.910589
-0.0614123 0.911608
-0.0610122 0.912623
-0.0606121 0.913635
-0.060212 0.914642
-0.059812 0.915645
-0.0594119 0.916644
-0.0590118 0.917639
-0.0586117 0.918629
-0.0582116 0.919615
-0.0578116 0.920597
-0.0574115 0.921575
-0.0570114 0.922549
-0.0566113 0.923518
-0.0562112 0.924482
-0.0558112 0.925442
-0.0554111 0.926398
-0.055011 0.927349
-0.0546109 0.928296
-0.0542108 0.929238
-0.0538108 0.930175
-0.0534107 0.931108
-0.0530106 0.932036
-0.0526105 0.93296
-0.0522104 0.933878
-0.0518104 0.934792
-0.0514103 0.935701
-0.0510102 0.936605
-0.0506101 0.937504
-0.05021 0.938399
-0.04981 0.939288
-0.0494099 0.940172
-0.0490098 0.941052
-0.0486097 0.941926
-0.0482096 0.942795
-0.0478096 0.943659
-0.0474095 0.944518
-0.0470094 0.945372
-0.0466093 0.94622
-0.0462092 0.947064
-0.0458092 0.947901
-0.0454091 0.948734
-0.045009 0.949561
-0.0446089 0.950383
-0.0442088 0.951199
-0.0438088 0.95201
-0.0434087 0.952816
-0.0430086 0.953615
-0.0426085 0.95441
-0.0422084 0.955198
-0.0418084 0.955981
-0.0414083 0.956759
-0.0410082 0.95753
-0.0406081 0.958296
-0.040208 0.959056
-0.039808 0.959811
-0.0394079 0.960559
-0.0390078 0.961302
-0.0386077 0.962038
-0.0382076 0.962769
-0.0378076 0.963494
-0.0374075 0.964212
-0.0370074 0.964925
-0.0366073 0.965631
-0.0362072 0.966332
-0.0358072 0.967026
-0.0354071 0.967714
-0.035007 0.968396
-0.0346069 0.969071
-0.0342068 0.969741
-0.0338068 0.970404
-0.0334067 0.97106
-0.0330066 0.97171
-0.0326065 0.972354
-0.0322064 0.972992
-0.0318064 0.973622
-0.0314063 0.974247
-0.0310062 0.974864
-0.0306061 0.975475
-0.030206 0.97608
-0.029806 0.976678
-0.0294059 0.977269
-0.0290058 0.977853
-0.0286057 0.978431
-0.0282056 0.979001
-0.0278056 0.979565
-0.0274055 0.980122
-0.0270054 0.980673
-0.0266053 0.981216
-0.0262052 0.981752
-0.0258052 0.982281
-0.0254051 0.982803
-0.025005 0.983318
-0.0246049 0.983826
-0.0242048 0.984327
-0.0238048 0.984821
-0.0234047 0.985307
-0.0230046 0.985786
-0.0226045 0.986258
-0.0222044 0.986723
-0.0218044 0.98718
-0.0214043 0.98763
-0.0210042 0.988072
-0.0206041 0.988507
-0.020204 0.988935
-0.019804 0.989355
-0.0194039 0.989767
-0.0190038 0.990172
-0.0186037 0.990569
-0.0182036 0.990958
-0.0178036 0.99134
-0.0174035 0.991714
-0.0170034 0.99208
-0.0166033 0.992439
-0.0162032 0.99279
-0.0158032 0.993132
-0.0154031 0.993467
-0.015003 0.993794
-0.0146029 0.994113
-0.0142028 0.994424
-0.0138028 0.994727
-0.0134027 0.995022
-0.0130026 0.995309
-0.0126025 0.995587
-0.0122024 0.995858
-0.0118024 0.99612
-0.0114023 0.996374
-0.0110022 0.996619
-0.0106021 0.996857
-0.010202 0.997086
-0.00980196 0.997307
-0.00940188 0.997519
-0.0090018 0.997723
-0.00860172 0.997918
-0.00820164 0.998105
-0.00780156 0.998283
-0.00740148 0.998453
-0.0070014 0.998614
-0.00660132 0.998766
-0.00620124 0.99891
-0.00580116 0.999045
-0.00540108 0.999171
-0.005001 0.999288
-0.00460092 0.999397
-0.00420084 0.999496
-0.00380076 0.999587
-0.00340068 0.999669
-0.0030006 0.999742
-0.00260052 0.999806
-0.00220044 0.999861
-0.00180036 0.999907
-0.00140028 0.999944
-0.0010002 0.999971
-0.00060012 0.99999
-0.00020004 0.999999
0.00020004 0.999999
0.00060012 0.99999
0.0010002 0.999971
0.00140028 0.999944
0.00180036 0.999907
0.00220044 0.999861
0.00260052 0.999806
0.0030006 0.999742
0.00340068 0.999669
0.00380076 0.999587
0.00420084 0.999496
0.00460092 0.999397
0.005001 0.999288
0.00540108 0.999171
0.00580116 0.999045
0.00620124 0.99891
0.00660132 0.998766
0.0070014 0.998614
0.00740148 0.998453
0.00780156 0.998283
0.00820164 0.998105
0.00860172 0.997918
0.0090018 0.997723
0.00940188 0.997519
0.00980196 0.997307
0.010202 0.997086
0.0106021 0.996857
0.0110022 0.996619
0.0114023 0.996374
0.0118024 0.99612
0.0122024 0.995858
0.0126025 0.995587
0.0130026 0.995309
0.0134027 0.995022
0.0138028 0.994727
0.0142028 0.994424
0.0146029 0.994113
0.015003 0.993794
0.0154031 0.993467
0.0158032 0.993132
0.0162032 0.99279
0.0166033 0.992439
0.0170034 0.99208
0.0174035 0.991714
0.0178036 0.99134
0.0182036 0.990958
0.0186037 0.990569
0.0190038 0.990172
0.0194039 0.989767
0.019804 0.989355
0.020204 0.988935
0.0206041 0.988507
0.0210042 0.988072
0.0214043 0.98763
0.0218044 0.98718
0.0222044 0.986723
0.0226045 0.986258
0.0230046 0.985786
0.0234047 0.985307
0.0238048 0.984821
0.0242048 0.984327
0.0246049 0.983826
0.025005 0.983318
0.0254051 0.982803
0.0258052 0.982281
0.0262052 0.981752
0.0266053 0.981216
0.0270054 0.980673
0.0274055 0.980122
0.0278056 0.979565
0.0282056 0.979001
0.0286057 0.978431
0.0290058 0.977853
0.0294059 0.977269
0.029806 0.976678
0.030206 0.97608
0.0306061 0.975475
0.0310062 0.974864
0.0314063 0.974247
0.0318064 0.973622
0.0322064 0.972992
0.0326065 0.972354
0.0330066 0.97171
0.0334067 0.97106
0.0338068 0.970404
0.0342068 0.969741
0.0346069 0.969071
0.035007 0.968396
0.0354071 0.967714
0.0358072 0.967026
0.0362072 0.966332
0.0366073 0.965631
0.0370074 0.964925
0.0374075 0.964212
0.0378076 0.963494
0.0382076 0.962769
0.0386077 0.962038
0.0390078 0.961302
0.0394079 0.960559
0.039808 0.959811
0.040208 0.959056
0.0406081 0.958296
0.0410082 0.95753
0.0414083 0.956759
0.0418084 0.955981
0.0422084 0.955198
0.0426085 0.95441
0.0430086 0.953615
0.0434087 0.952816
0.0438088 0.95201
0.0442088 0.951199
0.0446089 0.950383
0.045009 0.949561
0.0454091 0.948734
0.0458092 0.947901
0.0462092 0.947064
0.0466093 0.94622
0.0470094 0.945372
0.0474095 0.944518
0.0478096 0.943659
0.0482096 0.942795
0.0486097 0.941926
0.0490098 0.941052
0.0494099 0.940172
0.04981 0.939288
0.05021 0.938399
0.0506101 0.937504
0.0510102 0.936605
0.0514103 0.935701
0.0518104 0.934792
0.0522104 0.933878
0.0526105 0.93296
0.0530106 0.932036
0.0534107 0.931108
0.0538108 0.930175
0.0542108 0.929238
0.0546109 0.928296
0.055011 0.927349
0.0554111 0.926398
0.0558112 0.925442
0.0562112 0.924482
0.0566113 0.923518
0.0570114 0.922549
0.0574115 0.921575
0.0578116 0.920597
0.0582116 0.919615
0.0586117 0.918629
0.0590118 0.917639
0.0594119 0.916644
0.059812 0.915645
0.060212 0.914642
0.0606121 0.913635
0.0610122 0.912623
0.0614123 0.911608
0.0618124 0.910589
0.0622124 0.909565
0.0626125 0.908538
0.0630126 0.907507
0.0634127 0.906472
0.0638128 0.905434
0.0642128 0.904391
0.0646129 0.903345
0.065013 0.902295
0.0654131 0.901241
0.0658132 0.900183
0.0662132 0.899122
0.0666133 0.898058
0.0670134 0.89699
0.0674135 0.895918
0.0678136 0.894843
0.0682136 0.893764
0.0686137 0.892682
0.0690138 0.891597
0.0694139 0.890508
0.069814 0.889416
0.070214 0.88832
0.0706141 0.887222
0.0710142 0.88612
0.0714143 0.885015
0.0718144 0.883907
0.0722144 0.882795
0.0726145 0.881681
0.0730146 0.880563
0.0734147 0.879443
0.0738148 0.87832
0.0742148 0.877193
0.0746149 0.876064
0.075015 0.874932
0.0754151 0.873797
0.0758152 0.872659
0.0762152 0.871519
0.0766153 0.870376
0.0770154 0.86923
0.0774155 0.868081
0.0778156 0.86693
0.0782156 0.865776
0.0786157 0.864619
0.0790158 0.863461
0.0794159 0.862299
0.079816 0.861135
0.080216 0.859969
0.0806161 0.8588
0.0810162 0.857629
0.0814163 0.856456
0.0818164 0.85528
0.0822164 0.854102
0.0826165 0.852922
0.0830166 0.85174
0.0834167 0.850555
0.0838168 0.849368
0.0842168 0.84818
0.0846169 0.846989
0.085017 0.845796
0.0854171 0.844602
0.0858172 0.843405
0.0862172 0.842206
0.0866173 0.841006
0.0870174 0.839803
0.0874175 0.838599
0.0878176 0.837393
0.0882176 0.836186
0.0886177 0.834976
0.0890178 0.833765
0.0894179 0.832553
0.089818 0.831338
0.090218 0.830122
0.0906181 0.828905
0.0910182 0.827686
0.0914183 0.826466
0.0918184 0.825244
0.0922184 0.824021
0.0926185 0.822796
0.0930186 0.82157
0.0934187 0.820343
0.0938188 0.819115
0.0942188 0.817885
0.0946189 0.816654
0.095019 0.815422
0.0954191 0.814189
0.0958192 0.812955
0.0962192 0.811719
0.0966193 0.810483
0.0970194 0.809246
0.0974195 0.808008
0.0978196 0.806768
0.0982196 0.805528
0.0986197 0.804287
0.0990198 0.803046
0.0994199 0.801803
0.09982 0.80056
0.10022 0.799316
0.10062 0.798071
0.10102 0.796826
0.10142 0.79558
0.10182 0.794333
0.10222 0.793086
0.102621 0.791838
0.103021 0.790589
0.103421 0.78934
0.103821 0.78809
0.104221 0.78684
0.104621 0.785589
0.105021 0.784337
0.105421 0.783085
0.105821 0.781833
0.106221 0.78058
0.106621 0.779326
0.107021 0.778072
0.107421 0.776817
0.107822 0.775562
0.108222 0.774307
0.108622 0.773051
0.109022 0.771795
0.109422 0.770538
0.109822 0.769281
0.110222 0.768023
0.110622 0.766765
0.111022 0.765507
0.111422 0.764248
0.111822 0.762989
0.112222 0.76173
0.112623 0.76047
0.113023 0.759211
0.113423 0.75795
0.113823 0.75669
0.114223 0.755429
0.114623 0.754168
0.115023 0.752907
0.115423 0.751645
0.115823 0.750384
0.116223 0.749122
0.116623 0.74786
0.117023 0.746597
0.117423 0.745335
0.117824 0.744072
0.118224 0.74281
0.118624 0.741547
0.119024 0.740284
0.119424 0.739021
0.119824 0.737758
0.120224 0.736495
0.120624 0.735231
0.121024 0.733968
0.121424 0.732705
0.121824 0.731441
0.122224 0.730178
0.122625 0.728914
0.123025 0.727651
0.123425 0.726388
0.123825 0.725124
0.124225 0.723861
0.124625 0.722598
0.125025 0.721335
0.125425 0.720072
0.125825 0.718809
0.126225 0.717546
0.126625 0.716283
0.127025 0.715021
0.127425 0.713758
0.127826 0.712496
0.128226 0.711234
0.128626 0.709972
0.129026 0.70871
0.129426 0.707449
0.129826 0.706188
0.130226 0.704927
0.130626 0.703666
0.131026 0.702405
0.131426 0.701145
0.131826 0.699885
0.132226 0.698626
0.132627 0.697366
0.133027 0.696107
0.133427 0.694849
0.133827 0.69359
0.134227 0.692333
0.134627 0.691075
0.135027 0.689818
0.135427 0.688561
0.135827 0.687305
0.136227 0.686049
0.136627 0.684793
0.137027 0.683538
0.137427 0.682284
0.137828 0.68103
0.138228 0.679776
0.138628 0.678523
0.139028 0.677271
0.139428 0.676019
0.139828 0.674767
0.140228 0.673516
0.140628 0.672266
0.141028 0.671016
0.141428 0.669767
0.141828 0.668518
0.142228 0.66727
0.142629 0.666023
0.143029 0.664776
0.143429 0.66353
0.143829 0.662285
0.144229 0.66104
0.144629 0.659796
0.145029 0.658553
0.145429 0.65731
0.145829 0.656068
0.146229 0.654827
0.146629 0.653587
0.147029 0.652347
0.147429 0.651109
0.14783 0.649871
0.14823 0.648634
0.14863 0.647397
0.14903 0.646162
0.14943 0.644927
0.14983 0.643693
0.15023 0.64246
0.15063 0.641228
0.15103 0.639997
0.15143 0.638767
0.15183 0.637537
0.15223 0.636309
0.152631 0.635081
0.153031 0.633855
0.153431 0.632629
0.153831 0.631405
0.154231 0.630181
0.154631 0.628958
0.155031 0.627737
0.155431 0.626516
0.155831 0.625297
0.156231 0.624078
0.156631 0.622861
0.157031 0.621645
0.157431 0.62043
0.157832 0.619216
0.158232 0.618003
0.158632 0.616791
0.159032 0.61558
0.159432 0.614371
0.159832 0.613162
0.160232 0.611955
0.160632 0.610749
0.161032 0.609545
0.161432 0.608341
0.161832 0.607139
0.162232 0.605938
0.162633 0.604738
0.163033 0.603539
0.163433 0.602342
0.163833 0.601146
0.164233 0.599952
0.164633 0.598758
0.165033 0.597567
0.165433 0.596376
0.165833 0.595187
0.166233 0.593999
0.166633 0.592812
0.167033 0.591627
0.167433 0.590444
0.167834 0.589261
0.168234 0.588081
0.168634 0.586901
0.169034 0.585723
0.169434 0.584547
0.169834 0.583372
0.170234 0.582198
0.170634 0.581027
0.171034 0.579856
0.171434 0.578687
0.171834 0.57752
0.172234 0.576354
0.172635 0.57519
0.173035 0.574027
0.173435 0.572866
0.173835 0.571707
0.174235 0.570549
0.174635 0.569393
0.175035 0.568239
0.175435 0.567086
0.175835 0.565935
0.176235 0.564785
0.176635 0.563638
0.177035 0.562492
0.177435 0.561347
0.177836 0.560205
0.178236 0.559064
0.178636 0.557925
0.179036 0.556788
0.179436 0.555652
0.179836 0.554519
0.180236 0.553387
0.180636 0.552257
0.181036 0.551128
0.181436 0.550002
0.181836 0.548878
0.182236 0.547755
0.182637 0.546634
0.183037 0.545515
0.183437 0.544399
0.183837 0.543284
0.184237 0.542171
0.184637 0.54106
0.185037 0.53995
0.185437 0.538843
0.185837 0.537738
0.186237 0.536635
0.186637 0.535534
0.187037 0.534435
0.187437 0.533338
0.187838 0.532243
0.188238 0.53115
0.188638 0.530059
0.189038 0.52897
0.189438 0.527884
0.189838 0.526799
0.190238 0.525717
0.190638 0.524636
0.191038 0.523558
0.191438 0.522482
0.191838 0.521409
0.192238 0.520337
0.192639 0.519268
0.193039 0.5182
0.193439 0.517136
0.193839 0.516073
0.194239 0.515012
0.194639 0.513954
0.195039 0.512898
0.195439 0.511845
0.195839 0.510794
0.196239 0.509745
0.196639 0.508698
0.197039 0.507654
0.197439 0.506612
0.19784 0.505572
0.19824 0.504535
0.19864 0.5035
0.19904 0.502468
0.19944 0.501438
0.19984 0.50041
0.20024 0.499385
0.20064 0.498363
0.20104 0.497342
0.20144 0.496325
0.20184 0.495309
0.20224 0.494296
0.202641 0.493286
0.203041 0.492278
0.203441 0.491272
0.203841 0.490269
0.204241 0.489268
0.204641 0.48827
0.205041 0.487274
0.205441 0.48628
0.205841 0.485289
0.206241 0.4843
0.206641 0.483313
0.207041 0.482329
0.207441 0.481347
0.207842 0.480368
0.208242 0.479391
0.208642 0.478416
0.209042 0.477444
0.209442 0.476474
0.209842 0.475506
0.210242 0.474541
0.210642 0.473578
0.211042 0.472617
0.211442 0.471658
0.211842 0.470702
0.212242 0.469749
0.212643 0.468797
0.213043 0.467848
0.213443 0.466901
0.213843 0.465956
0.214243 0.465014
0.214643 0.464074
0.215043 0.463136
0.215443 0.462201
0.215843 0.461267
0.216243 0.460336
0.216643 0.459408
0.217043 0.458481
0.217443 0.457557
0.217844 0.456635
0.218244 0.455715
0.218644 0.454798
0.219044 0.453882
0.219444 0.452969
0.219844 0.452058
0.220244 0.45115
0.220644 0.450243
0.221044 0.449339
0.221444 0.448437
0.221844 0.447537
0.222244 0.446639
0.222645 0.445744
0.223045 0.444851
0.223445 0.443959
0.223845 0.44307
0.224245 0.442184
0.224645 0.441299
0.225045 0.440416
0.225445 0.439536
0.225845 0.438658
0.226245 0.437782
0.226645 0.436908
0.227045 0.436036
0.227445 0.435166
0.227846 0.434299
0.228246 0.433433
0.228646 0.43257
0.229046 0.431709
0.229446 0.430849
0.229846 0.429992
0.230246 0.429137
0.230646 0.428284
0.231046 0.427434
0.231446 0.426585
0.231846 0.425738
0.232246 0.424894
0.232647 0.424051
0.233047 0.423211
0.233447 0.422372
0.233847 0.421536
0.234247 0.420702
0.234647 0.419869
0.235047 0.419039
0.235447 0.418211
0.235847 0.417384
0.236247 0.41656
0.236647 0.415738
0.237047 0.414918
0.237447 0.4141
0.237848 0.413284
0.238248 0.412469
0.238648 0.411657
0.239048 0.410847
0.239448 0.410039
0.239848 0.409232
0.240248 0.408428
0.240648 0.407626
0.241048 0.406825
0.241448 0.406027
0.241848 0.405231
0.242248 0.404436
0.242649 0.403644
0.243049 0.402853
0.243449 0.402064
0.243849 0.401277
0.244249 0.400493
0.244649 0.39971
0.245049 0.398929
0.245449 0.398149
0.245849 0.397372
0.246249 0.396597
0.246649 0.395823
0.247049 0.395052
0.247449 0.394282
0.24785 0.393514
0.24825 0.392749
0.24865 0.391984
0.24905 0.391222
0.24945 0.390462
0.24985 0.389704
0.25025 0.388947
0.25065 0.388192
0.25105 0.387439
0.25145 0.386688
0.25185 0.385939
0.25225 0.385191
0.252651 0.384446
0.253051 0.383702
0.253451 0.38296
0.253851 0.38222
0.254251 0.381481
0.254651 0.380745
0.255051 0.38001
0.255451 0.379277
0.255851 0.378546
0.256251 0.377816
0.256651 0.377089
0.257051 0.376363
0.257451 0.375639
0.257852 0.374916
0.258252 0.374195
0.258652 0.373477
0.259052 0.372759
0.259452 0.372044
0.259852 0.37133
0.260252 0.370618
0.260652 0.369908
0.261052 0.3692
0.261452 0.368493
0.261852 0.367788
0.262252 0.367084
0.262653 0.366383
0.263053 0.365683
0.263453 0.364984
0.263853 0.364288
0.264253 0.363593
0.264653 0.3629
0.265053 0.362208
0.265453 0.361518
0.265853 0.36083
0.266253 0.360143
0.266653 0.359458
0.267053 0.358775
0.267453 0.358093
0.267854 0.357413
0.268254 0.356735
0.268654 0.356058
0.269054 0.355383
0.269454 0.354709
0.269854 0.354038
0.270254 0.353367
0.270654 0.352699
0.271054 0.352031
0.271454 0.351366
0.271854 0.350702
0.272254 0.35004
0.272655 0.349379
0.273055 0.34872
0.273455 0.348062
0.273855 0.347406
0.274255 0.346752
0.274655 0.346099
0.275055 0.345447
0.275455 0.344798
0.275855 0.344149
0.276255 0.343503
0.276655 0.342857
0.277055 0.342214
0.277455 0.341571
0.277856 0.340931
0.278256 0.340292
0.278656 0.339654
0.279056 0.339018
0.279456 0.338383
0.279856 0.33775
0.280256 0.337118
0.280656 0.336488
0.281056 0.33586
0.281456 0.335232
0.281856 0.334607
0.282256 0.333982
0.282657 0.333359
0.283057 0.332738
0.283457 0.332118
0.283857 0.3315
0.284257 0.330883
0.284657 0.330267
0.285057 0.329653
0.285457 0.32904
0.285857 0.328429
0.286257 0.327819
0.286657 0.32721
0.287057 0.326603
0.287457 0.325998
0.287858 0.325393
0.288258 0.32479
0.288658 0.324189
0.289058 0.323589
0.289458 0.32299
0.289858 0.322392
0.290258 0.321796
0.290658 0.321202
0.291058 0.320609
0.291458 0.320017
0.291858 0.319426
0.292258 0.318837
0.292659 0.318249
0.293059 0.317662
0.293459 0.317077
0.293859 0.316493
0.294259 0.31591
0.294659 0.315329
0.295059 0.314749
0.295459 0.31417
0.295859 0.313593
0.296259 0.313017
0.296659 0.312442
0.297059 0.311869
0.297459 0.311296
0.29786 0.310725
0.29826 0.310156
0.29866 0.309587
0.29906 0.30902
0.29946 0.308454
0.29986 0.30789
0.30026 0.307326
0.30066 0.306764
0.30106 0.306203
0.30146 0.305643
0.30186 0.305085
0.30226 0.304528
0.302661 0.303972
0.303061 0.303417
0.303461 0.302864
0.303861 0.302311
0.304261 0.30176
0.304661 0.30121
0.305061 0.300662
0.305461 0.300114
0.305861 0.299568
0.306261 0.299023
0.306661 0.29848
0.307061 0.297937
0.307461 0.297396
0.307862 0.296855
0.308262 0.296317
0.308662 0.295779
0.309062 0.295242
0.309462 0.294707
0.309862 0.294173
0.310262 0.29364
0.310662 0.293108
0.311062 0.292577
0.311462 0.292048
0.311862 0.29152
0.312262 0.290993
0.312663 0.290467
0.313063 0.289942
0.313463 0.289419
0.313863 0.288896
0.314263 0.288375
0.314663 0.287855
0.315063 0.287336
0.315463 0.286819
0.315863 0.286302
0.316263 0.285787
0.316663 0.285273
0.317063 0.28476
0.317463 0.284248
0.317864 0.283737
0.318264 0.283227
0.318664 0.282719
0.319064 0.282212
0.319464 0.281705
0.319864 0.2812
0.320264 0.280697
0.320664 0.280194
0.321064 0.279692
0.321464 0.279192
0.321864 0.278692
0.322264 0.278194
0.322665 0.277697
0.323065 0.277201
0.323465 0.276706
0.323865 0.276212
0.324265 0.27572
0.324665 0.275228
0.325065 0.274738
0.325465 0.274248
0.325865 0.27376
0.326265 0.273273
0.326665 0.272787
0.327065 0.272302
0.327465 0.271818
0.327866 0.271335
0.328266 0.270854
0.328666 0.270373
0.329066 0.269894
0.329466 0.269415
0.329866 0.268938
0.330266 0.268462
0.330666 0.267987
0.331066 0.267513
0.331466 0.26704
0.331866 0.266568
0.332266 0.266097
0.332667 0.265627
0.333067 0.265159
0.333467 0.264691
0.333867 0.264224
0.334267 0.263759
0.334667 0.263294
0.335067 0.262831
0.335467 0.262369
0.335867 0.261907
0.336267 0.261447
0.336667 0.260988
0.337067 0.26053
0.337467 0.260073
0.337868 0.259616
0.338268 0.259161
0.338668 0.258707
0.339068 0.258254
0.339468 0.257803
0.339868 0.257352
0.340268 0.256902
0.340668 0.256453
0.341068 0.256005
0.341468 0.255558
0.341868 0.255112
0.342268 0.254668
0.342669 0.254224
0.343069 0.253781
0.343469 0.253339
0.343869 0.252898
0.344269 0.252459
0.344669 0.25202
0.345069 0.251582
0.345469 0.251145
0.345869 0.25071
0.346269 0.250275
0.346669 0.249841
0.347069 0.249408
0.347469 0.248977
0.34787 0.248546
0.34827 0.248116
0.34867 0.247687
0.34907 0.247259
0.34947 0.246832
0.34987 0.246406
0.35027 0.245981
0.35067 0.245557
0.35107 0.245134
0.35147 0.244712
0.35187 0.244291
0.35227 0.243871
0.352671 0.243452
0.353071 0.243034
0.353471 0.242616
0.353871 0.2422
0.354271 0.241785
0.354671 0.24137
0.355071 0.240957
0.355471 0.240544
0.355871 0.240133
0.356271 0.239722
0.356671 0.239312
0.357071 0.238904
0.357471 0.238496
0.357872 0.238089
0.358272 0.237683
0.358672 0.237278
0.359072 0.236874
0.359472 0.23647
0.359872 0.236068
0.360272 0.235667
0.360672 0.235266
0.361072 0.234867
0.361472 0.234468
0.361872 0.23407
0.362272 0.233673
0.362673 0.233277
0.363073 0.232882
0.363473 0.232488
0.363873 0.232095
0.364273 0.231703
0.364673 0.231311
0.365073 0.230921
0.365473 0.230531
0.365873 0.230142
0.366273 0.229754
0.366673 0.229367
0.367073 0.228981
0.367473 0.228596
0.367874 0.228211
0.368274 0.227828
0.368674 0.227445
0.369074 0.227063
0.369474 0.226682
0.369874 0.226302
0.370274 0.225923
0.370674 0.225545
0.371074 0.225167
0.371474 0.224791
0.371874 0.224415
0.372274 0.22404
0.372675 0.223666
0.373075 0.223293
0.373475 0.22292
0.373875 0.222549
0.374275 0.222178
0.374675 0.221808
0.375075 0.221439
0.375475 0.221071
0.375875 0.220703
0.376275 0.220337
0.376675 0.219971
0.377075 0.219606
0.377475 0.219242
0.377876 0.218879
0.378276 0.218516
0.378676 0.218155
0.379076 0.217794
0.379476 0.217434
0.379876 0.217075
0.380276 0.216716
0.380676 0.216359
0.381076 0.216002
0.381476 0.215646
0.381876 0.215291
0.382276 0.214936
0.382677 0.214583
0.383077 0.21423
0.383477 0.213878
0.383877 0.213527
0.384277 0.213176
0.384677 0.212826
0.385077 0.212478
0.385477 0.212129
0.385877 0.211782
0.386277 0.211436
0.386677 0.21109
0.387077 0.210745
0.387477 0.2104
0.387878 0.210057
0.388278 0.209714
0.388678 0.209372
0.389078 0.209031
0.389478 0.208691
0.389878 0.208351
0.390278 0.208012
0.390678 0.207674
0.391078 0.207336
0.391478 0.206999
0.391878 0.206663
0.392278 0.206328
0.392679 0.205994
0.393079 0.20566
0.393479 0.205327
0.393879 0.204995
0.394279 0.204663
0.394679 0.204332
0.395079 0.204002
0.395479 0.203673
0.395879 0.203344
0.396279 0.203016
0.396679 0.202689
0.397079 0.202362
0.397479 0.202036
0.39788 0.201711
0.39828 0.201387
0.39868 0.201063
0.39908 0.20074
0.39948 0.200418
0.39988 0.200096
0.40028 0.199775
0.40068 0.199455
0.40108 0.199136
0.40148 0.198817
0.40188 0.198499
0.40228 0.198181
0.402681 0.197865
0.403081 0.197548
0.403481 0.197233
0.403881 0.196918
0.404281 0.196604
0.404681 0.196291
0.405081 0.195978
0.405481 0.195666
0.405881 0.195355
0.406281 0.195044
0.406681 0.194734
0.407081 0.194425
0.407481 0.194117
0.407882 0.193809
0.408282 0.193501
0.408682 0.193195
0.409082 0.192889
0.409482 0.192584
0.409882 0.192279
0.410282 0.191975
0.410682 0.191672
0.411082 0.191369
0.411482 0.191067
0.411882 0.190766
0.412282 0.190465
0.412683 0.190165
0.413083 0.189866
0.413483 0.189567
0.413883 0.189269
0.414283 0.188972
0.414683 0.188675
0.415083 0.188379
0.415483 0.188083
0.415883 0.187788
0.416283 0.187494
0.416683 0.187201
0.417083 0.186908
0.417483 0.186615
0.417884 0.186324
0.418284 0.186033
0.418684 0.185742
0.419084 0.185453
0.419484 0.185164
0.419884 0.184875
0.420284 0.184587
0.420684 0.1843
0.421084 0.184013
0.421484 0.183727
0.421884 0.183442
0.422284 0.183157
0.422685 0.182873
0.423085 0.18259
0.423485 0.182307
0.423885 0.182025
0.424285 0.181743
0.424685 0.181462
0.425085 0.181181
0.425485 0.180902
0.425885 0.180622
0.426285 0.180344
0.426685 0.180066
0.427085 0.179788
0.427485 0.179512
0.427886 0.179235
0.428286 0.17896
0.428686 0.178685
0.429086 0.17841
0.429486 0.178137
0.429886 0.177863
0.430286 0.177591
0.430686 0.177319
0.431086 0.177047
0.431486 0.176777
0.431886 0.176506
0.432286 0.176237
0.432687 0.175968
0.433087 0.175699
0.433487 0.175431
0.433887 0.175164
0.434287 0.174897
0.434687 0.174631
0.435087 0.174365
0.435487 0.1741
0.435887 0.173836
0.436287 0.173572
0.436687 0.173309
0.437087 0.173046
0.437487 0.172784
0.437888 0.172522
0.438288 0.172261
0.438688 0.172001
0.439088 0.171741
0.439488 0.171482
0.439888 0.171223
0.440288 0.170965
0.440688 0.170707
0.441088 0.17045
0.441488 0.170193
0.441888 0.169937
0.442288 0.169682
0.442689 0.169427
0.443089 0.169173
0.443489 0.168919
0.443889 0.168666
0.444289 0.168413
0.444689 0.168161
0.445089 0.167909
0.445489 0.167658
0.445889 0.167408
0.446289 0.167158
0.446689 0.166908
0.447089 0.166659
0.447489 0.166411
0.44789 0.166163
0.44829 0.165916
0.44869 0.165669
0.44909 0.165423
0.44949 0.165177
0.44989 0.164932
0.45029 0.164687
0.45069 0.164443
0.45109 0.1642
0.45149 0.163956
0.45189 0.163714
0.45229 0.163472
0.452691 0.16323
0.453091 0.162989
0.453491 0.162749
0.453891 0.162509
0.454291 0.162269
0.454691 0.16203
0.455091 0.161792
0.455491 0.161554
0.455891 0.161316
0.456291 0.161079
0.456691 0.160843
0.457091 0.160607
0.457491 0.160372
0.457892 0.160137
0.458292 0.159902
0.458692 0.159668
0.459092 0.159435
0.459492 0.159202
0.459892 0.15897
0.460292 0.158738
0.460692 0.158506
0.461092 0.158275
0.461492 0.158045
0.461892 0.157815
0.462292 0.157585
0.462693 0.157356
0.463093 0.157127
0.463493 0.156899
0.463893 0.156672
0.464293 0.156445
0.464693 0.156218
0.465093 0.155992
0.465493 0.155766
0.465893 0.155541
0.466293 0.155316
0.466693 0.155092
0.467093 0.154868
0.467493 0.154645
0.467894 0.154422
0.468294 0.154199
0.468694 0.153977
0.469094 0.153756
0.469494 0.153535
0.469894 0.153314
0.470294 0.153094
0.470694 0.152874
0.471094 0.152655
0.471494 0.152436
0.471894 0.152218
0.472294 0.152
0.472695 0.151783
0.473095 0.151566
0.473495 0.151349
0.473895 0.151133
0.474295 0.150918
0.474695 0.150703
0.475095 0.150488
0.475495 0.150273
0.475895 0.15006
0.476295 0.149846
0.476695 0.149633
0.477095 0.149421
0.477495 0.149209
0.477896 0.148997
0.478296 0.148786
0.478696 0.148575
0.479096 0.148364
0.479496 0.148154
0.479896 0.147945
0.480296 0.147736
0.480696 0.147527
0.481096 0.147319
0.481496 0.147111
0.481896 0.146903
0.482296 0.146696
0.482697 0.14649
0.483097 0.146283
0.483497 0.146078
0.483897 0.145872
0.484297 0.145667
0.484697 0.145463
0.485097 0.145259
0.485497 0.145055
0.485897 0.144852
0.486297 0.144649
0.486697 0.144446
0.487097 0.144244
0.487497 0.144042
0.487898 0.143841
0.488298 0.14364
0.488698 0.143439
0.489098 0.143239
0.489498 0.143039
0.489898 0.14284
0.490298 0.142641
0.490698 0.142442
0.491098 0.142244
0.491498 0.142046
0.491898 0.141849
0.492298 0.141652
0.492699 0.141455
0.493099 0.141259
0.493499 0.141063
0.493899 0.140867
0.494299 0.140672
0.494699 0.140477
0.495099 0.140283
0.495499 0.140089
0.495899 0.139895
0.496299 0.139702
0.496699 0.139509
0.497099 0.139316
0.497499 0.139124
0.4979 0.138932
0.4983 0.138741
0.4987 0.13855
0.4991 0.138359
0.4995 0.138169
0.4999 0.137978
0.5003 0.137789
0.5007 0.137599
0.5011 0.13741
0.5015 0.137222
0.5019 0.137034
0.5023 0.136846
0.502701 0.136658
0.503101 0.136471
0.503501 0.136284
0.503901 0.136097
0.504301 0.135911
0.504701 0.135725
0.505101 0.13554
0.505501 0.135355
0.505901 0.13517
0.506301 0.134986
0.506701 0.134801
0.507101 0.134618
0.507502 0.134434
0.507902 0.134251
0.508302 0.134068
0.508702 0.133886
0.509102 0.133704
0.509502 0.133522
0.509902 0.133341
0.510302 0.13316
0.510702 0.132979
0.511102 0.132799
0.511502 0.132619
0.511902 0.132439
0.512302 0.13226
0.512703 0.132081
0.513103 0.131902
0.513503 0.131724
0.513903 0.131546
0.514303 0.131368
0.514703 0.131191
0.515103 0.131014
0.515503 0.130837
0.515903 0.130661
0.516303 0.130485
0.516703 0.130309
0.517103 0.130134
0.517504 0.129959
0.517904 0.129784
0.518304 0.12961
0.518704 0.129436
0.519104 0.129262
0.519504 0.129089
0.519904 0.128916
0.520304 0.128743
0.520704 0.128571
0.521104 0.128399
0.521504 0.128227
0.521904 0.128056
0.522304 0.127884
0.522705 0.127714
0.523105 0.127543
0.523505 0.127373
0.523905 0.127203
0.524305 0.127034
0.524705 0.126865
0.525105 0.126696
0.525505 0.126527
0.525905 0.126359
0.526305 0.126191
0.526705 0.126023
0.527105 0.125856
0.527506 0.125689
0.527906 0.125522
0.528306 0.125356
0.528706 0.12519
0.529106 0.125024
0.529506 0.124859
0.529906 0.124694
0.530306 0.124529
0.530706 0.124364
0.531106 0.1242
0.531506 0.124036
0.531906 0.123873
0.532306 0.12371
0.532707 0.123547
0.533107 0.123384
0.533507 0.123222
0.533907 0.12306
0.534307 0.122898
0.534707 0.122736
0.535107 0.122575
0.535507 0.122414
0.535907 0.122254
0.536307 0.122094
0.536707 0.121934
0.537107 0.121774
0.537508 0.121615
0.537908 0.121456
0.538308 0.121297
0.538708 0.121139
0.539108 0.12098
0.539508 0.120823
0.539908 0.120665
0.540308 0.120508
0.540708 0.120351
0.541108 0.120194
0.541508 0.120038
0.541908 0.119882
0.542308 0.119726
0.542709 0.11957
0.543109 0.119415
0.543509 0.11926
0.543909 0.119106
0.544309 0.118951
0.544709 0.118797
0.545109 0.118643
0.545509 0.11849
0.545909 0.118337
0.546309 0.118184
0.546709 0.118031
0.547109 0.117879
0.54751 0.117727
0.54791 0.117575
0.54831 0.117424
0.54871 0.117272
0.54911 0.117121
0.54951 0.116971
0.54991 0.11682
0.55031 0.11667
0.55071 0.11652
0.55111 0.116371
0.55151 0.116222
0.55191 0.116073
0.55231 0.115924
0.552711 0.115776
0.553111 0.115627
0.553511 0.11548
0.553911 0.115332
0.554311 0.115185
0.554711 0.115037
0.555111 0.114891
0.555511 0.114744
0.555911 0.114598
0.556311 0.114452
0.556711 0.114306
0.557111 0.114161
0.557512 0.114016
0.557912 0.113871
0.558312 0.113726
0.558712 0.113582
0.559112 0.113438
0.559512 0.113294
0.559912 0.11315
0.560312 0.113007
0.560712 0.112864
0.561112 0.112721
0.561512 0.112578
0.561912 0.112436
0.562312 0.112294
0.562713 0.112152
0.563113 0.112011
0.563513 0.11187
0.563913 0.111729
0.564313 0.111588
0.564713 0.111448
0.565113 0.111307
0.565513 0.111167
0.565913 0.111028
0.566313 0.110888
0.566713 0.110749
0.567113 0.11061
0.567514 0.110472
0.567914 0.110333
0.568314 0.110195
0.568714 0.110057
0.569114 0.109919
0.569514 0.109782
0.569914 0.109645
0.570314 0.109508
0.570714 0.109371
0.571114 0.109235
0.571514 0.109099
0.571914 0.108963
0.572314 0.108827
0.572715 0.108692
0.573115 0.108556
0.573515 0.108422
0.573915 0.108287
0.574315 0.108152
0.574715 0.108018
0.575115 0.107884
0.575515 0.10775
0.575915 0.107617
0.576315 0.107484
0.576715 0.107351
0.577115 0.107218
0.577516 0.107085
0.577916 0.106953
0.578316 0.106821
0.578716 0.106689
0.579116 0.106558
0.579516 0.106426
0.579916 0.106295
0.580316 0.106164
0.580716 0.106034
0.581116 0.105903
0.581516 0.105773
0.581916 0.105643
0.582316 0.105513
0.582717 0.105384
0.583117 0.105254
0.583517 0.105125
0.583917 0.104997
0.584317 0.104868
0.584717 0.10474
0.585117 0.104612
0.585517 0.104484
0.585917 0.104356
0.586317 0.104228
0.586717 0.104101
0.587117 0.103974
0.587518 0.103847
0.587918 0.103721
0.588318 0.103595
0.588718 0.103468
0.589118 0.103342
0.589518 0.103217
0.589918 0.103091
0.590318 0.102966
0.590718 0.102841
0.591118 0.102716
0.591518 0.102592
0.591918 0.102467
0.592318 0.102343
0.592719 0.102219
0.593119 0.102095
0.593519 0.101972
0.593919 0.101849
0.594319 0.101725
0.594719 0.101603
0.595119 0.10148
0.595519 0.101357
0.595919 0.101235
0.596319 0.101113
0.596719 0.100991
0.597119 0.10087
0.59752 0.100748
0.59792 0.100627
0.59832 0.100506
0.59872 0.100385
0.59912 0.100265
0.59952 0.100144
0.59992 0.100024
0.60032 0.099904
0.60072 0.0997842
0.60112 0.0996647
0.60152 0.0995453
0.60192 0.0994261
0.60232 0.0993071
0.602721 0.0991884
0.603121 0.0990698
0.603521 0.0989514
0.603921 0.0988332
0.604321 0.0987153
0.604721 0.0985975
0.605121 0.0984799
0.605521 0.0983625
0.605921 0.0982453
0.606321 0.0981284
0.606721 0.0980116
0.607121 0.097895
0.607522 0.0977786
0.607922 0.0976624
0.608322 0.0975464
0.608722 0.0974306
0.609122 0.097315
0.609522 0.0971996
0.609922 0.0970844
0.610322 0.0969694
0.610722 0.0968546
0.611122 0.0967399
0.611522 0.0966255
0.611922 0.0965113
0.612322 0.0963972
0.612723 0.0962834
0.613123 0.0961697
0.613523 0.0960562
0.613923 0.095943
0.614323 0.0958299
0.614723 0.095717
0.615123 0.0956043
0.615523 0.0954918
0.615923 0.0953794
0.616323 0.0952673
0.616723 0.0951554
0.617123 0.0950436
0.617524 0.094932
0.617924 0.0948207
0.618324 0.0947095
0.618724 0.0945985
0.619124 0.0944876
0.619524 0.094377
0.619924 0.0942666
0.620324 0.0941563
0.620724 0.0940463
0.621124 0.0939364
0.621524 0.0938267
0.621924 0.0937172
0.622324 0.0936078
0.622725 0.0934987
0.623125 0.0933897
0.623525 0.093281
0.623925 0.0931724
0.624325 0.093064
0.624725 0.0929557
0.625125 0.0928477
0.625525 0.0927398
0.625925 0.0926322
0.626325 0.0925247
0.626725 0.0924174
0.627125 0.0923102
0.627526 0.0922033
0.627926 0.0920965
0.628326 0.0919899
0.628726 0.0918835
0.629126 0.0917772
0.629526 0.0916712
0.629926 0.0915653
0.630326 0.0914596
0.630726 0.0913541
0.631126 0.0912487
0.631526 0.0911436
0.631926 0.0910386
0.632326 0.0909338
0.632727 0.0908291
0.633127 0.0907247
0.633527 0.0906204
0.633927 0.0905163
0.634327 0.0904123
0.634727 0.0903086
0.635127 0.090205
0.635527 0.0901016
0.635927 0.0899983
0.636327 0.0898953
0.636727 0.0897924
0.637127 0.0896897
0.637528 0.0895871
0.637928 0.0894847
0.638328 0.0893825
0.638728 0.0892805
0.639128 0.0891786
0.639528 0.0890769
0.639928 0.0889754
0.640328 0.0888741
0.640728 0.0887729
0.641128 0.0886719
0.641528 0.088571
0.641928 0.0884703
0.642328 0.0883698
0.642729 0.0882695
0.643129 0.0881693
0.643529 0.0880693
0.643929 0.0879695
0.644329 0.0878698
0.644729 0.0877703
0.645129 0.087671
0.645529 0.0875718
0.645929 0.0874728
0.646329 0.0873739
0.646729 0.0872752
0.647129 0.0871767
0.64753 0.0870784
0.64793 0.0869802
0.64833 0.0868822
0.64873 0.0867843
0.64913 0.0866866
0.64953 0.0865891
0.64993 0.0864917
0.65033 0.0863945
0.65073 0.0862974
0.65113 0.0862005
0.65153 0.0861038
0.65193 0.0860072
0.65233 0.0859108
0.652731 0.0858146
0.653131 0.0857185
0.653531 0.0856225
0.653931 0.0855268
0.654331 0.0854311
0.654731 0.0853357
0.655131 0.0852404
0.655531 0.0851452
0.655931 0.0850503
0.656331 0.0849554
0.656731 0.0848607
0.657131 0.0847662
0.657532 0.0846719
0.657932 0.0845777
0.658332 0.0844836
0.658732 0.0843897
0.659132 0.084296
0.659532 0.0842024
0.659932 0.0841089
0.660332 0.0840156
0.660732 0.0839225
0.661132 0.0838295
0.661532 0.0837367
0.661932 0.083644
0.662332 0.0835515
0.662733 0.0834591
0.663133 0.0833669
0.663533 0.0832749
0.663933 0.0831829
0.664333 0.0830912
0.664733 0.0829995
0.665133 0.0829081
0.665533 0.0828168
0.665933 0.0827256
0.666333 0.0826346
0.666733 0.0825437
0.667133 0.082453
0.667534 0.0823624
0.667934 0.0822719
0.668334 0.0821816
0.668734 0.0820915
0.669134 0.0820015
0.669534 0.0819117
0.669934 0.081822
0.670334 0.0817324
0.670734 0.081643
0.671134 0.0815537
0.671534 0.0814646
0.671934 0.0813756
0.672334 0.0812867
0.672735 0.081198
0.673135 0.0811095
0.673535 0.0810211
0.673935 0.0809328
0.674335 0.0808447
0.674735 0.0807567
0.675135 0.0806688
0.675535 0.0805811
0.675935 0.0804936
0.676335 0.0804061
0.676735 0.0803189
0.677135 0.0802317
0.677536 0.0801447
0.677936 0.0800578
0.678336 0.0799711
0.678736 0.0798845
0.679136 0.079798
0.679536 0.0797117
0.679936 0.0796255
0.680336 0.0795395
0.680736 0.0794536
0.681136 0.0793678
0.681536 0.0792822
0.681936 0.0791967
0.682336 0.0791113
0.682737 0.0790261
0.683137 0.078941
0.683537 0.078856
0.683937 0.0787712
0.684337 0.0786865
0.684737 0.0786019
0.685137 0.0785175
0.685537 0.0784332
0.685937 0.078349
0.686337 0.078265
0.686737 0.0781811
0.687137 0.0780973
0.687538 0.0780136
0.687938 0.0779301
0.688338 0.0778468
0.688738 0.0777635
0.689138 0.0776804
0.689538 0.0775974
0.689938 0.0775145
0.690338 0.0774318
0.690738 0.0773492
0.691138 0.0772667
0.691538 0.0771843
0.691938 0.0771021
0.692338 0.07702
0.692739 0.076938
0.693139 0.0768562
0.693539 0.0767744
0.693939 0.0766928
0.694339 0.0766114
0.694739 0.07653
0.695139 0.0764488
0.695539 0.0763677
0.695939 0.0762867
0.696339 0.0762059
0.696739 0.0761251
0.697139 0.0760445
0.69754 0.075964
0.69794 0.0758837
0.69834 0.0758034
0.69874 0.0757233
0.69914 0.0756433
0.69954 0.0755634
0.69994 0.0754837
0.70034 0.075404
0.70074 0.0753245
0.70114 0.0752451
0.70154 0.0751658
0.70194 0.0750866
0.70234 0.0750076
0.702741 0.0749287
0.703141 0.0748499
0.703541 0.0747712
0.703941 0.0746926
0.704341 0.0746142
0.704741 0.0745358
0.705141 0.0744576
0.705541 0.0743795
0.705941 0.0743015
0.706341 0.0742237
0.706741 0.0741459
0.707141 0.0740683
0.707542 0.0739908
0.707942 0.0739134
0.708342 0.0738361
0.708742 0.073759
0.709142 0.0736819
0.709542 0.073605
0.709942 0.0735282
0.710342 0.0734515
0.710742 0.0733749
0.711142 0.0732984
0.711542 0.073222
0.711942 0.0731458
0.712342 0.0730697
0.712743 0.0729937
0.713143 0.0729178
0.713543 0.072842
0.713943 0.0727663
0.714343 0.0726907
0.714743 0.0726153
0.715143 0.07254
0.715543 0.0724648
0.715943 0.0723896
0.716343 0.0723147
0.716743 0.0722398
0.717143 0.072165
0.717544 0.0720903
0.717944 0.0720158
0.718344 0.0719414
0.718744 0.071867
0.719144 0.0717928
0.719544 0.0717187
0.719944 0.0716448
0.720344 0.0715709
0.720744 0.0714971
0.721144 0.0714235
0.721544 0.0713499
0.721944 0.0712765
0.722344 0.0712031
0.722745 0.0711299
0.723145 0.0710568
0.723545 0.0709838
0.723945 0.0709109
0.724345 0.0708382
0.724745 0.0707655
0.725145 0.0706929
0.725545 0.0706205
0.725945 0.0705481
0.726345 0.0704759
0.726745 0.0704038
0.727145 0.0703317
0.727546 0.0702598
0.727946 0.070188
0.728346 0.0701163
0.728746 0.0700447
0.729146 0.0699732
0.729546 0.0699019
0.729946 0.0698306
0.730346 0.0697594
0.730746 0.0696884
0.731146 0.0696174
0.731546 0.0695465
0.731946 0.0694758
0.732346 0.0694052
0.732747 0.0693346
0.733147 0.0692642
0.733547 0.0691939
0.733947 0.0691237
0.734347 0.0690535
0.734747 0.0689835
0.735147 0.0689136
0.735547 0.0688438
0.735947 0.0687741
0.736347 0.0687045
0.736747 0.068635
0.737147 0.0685656
0.737548 0.0684964
0.737948 0.0684272
0.738348 0.0683581
0.738748 0.0682891
0.739148 0.0682202
0.739548 0.0681515
0.739948 0.0680828
0.740348 0.0680142
0.740748 0.0679457
0.741148 0.0678774
0.741548 0.0678091
0.741948 0.0677409
0.742348 0.0676729
0.742749 0.0676049
0.743149 0.067537
0.743549 0.0674693
0.743949 0.0674016
0.744349 0.067334
0.744749 0.0672666
0.745149 0.0671992
0.745549 0.0671319
0.745949 0.0670648
0.746349 0.0669977
0.746749 0.0669307
0.747149 0.0668638
0.74755 0.0667971
0.74795 0.0667304
0.74835 0.0666638
0.74875 0.0665973
0.74915 0.0665309
0.74955 0.0664647
0.74995 0.0663985
0.75035 0.0663324
0.75075 0.0662664
0.75115 0.0662005
0.75155 0.0661347
0.75195 0.066069
0.75235 0.0660034
0.752751 0.0659379
0.753151 0.0658724
0.753551 0.0658071
0.753951 0.0657419
0.754351 0.0656768
0.754751 0.0656117
0.755151 0.0655468
0.755551 0.0654819
0.755951 0.0654172
0.756351 0.0653525
0.756751 0.0652879
0.757151 0.0652235
0.757552 0.0651591
0.757952 0.0650948
0.758352 0.0650306
0.758752 0.0649665
0.759152 0.0649025
0.759552 0.0648386
0.759952 0.0647748
0.760352 0.0647111
0.760752 0.0646474
0.761152 0.0645839
0.761552 0.0645204
0.761952 0.0644571
0.762352 0.0643938
0.762753 0.0643306
0.763153 0.0642676
0.763553 0.0642046
0.763953 0.0641417
0.764353 0.0640788
0.764753 0.0640161
0.765153 0.0639535
0.765553 0.0638909
0.765953 0.0638285
0.766353 0.0637661
0.766753 0.0637039
0.767153 0.0636417
0.767554 0.0635796
0.767954 0.0635176
0.768354 0.0634557
0.768754 0.0633938
0.769154 0.0633321
0.769554 0.0632704
0.769954 0.0632089
0.770354 0.0631474
0.770754 0.063086
0.771154 0.0630247
0.771554 0.0629635
0.771954 0.0629024
0.772354 0.0628413
0.772755 0.0627804
0.773155 0.0627195
0.773555 0.0626587
0.773955 0.062598
0.774355 0.0625374
0.774755 0.0624769
0.775155 0.0624165
0.775555 0.0623561
0.775955 0.0622959
0.776355 0.0622357
0.776755 0.0621756
0.777155 0.0621156
0.777556 0.0620557
0.777956 0.0619958
0.778356 0.0619361
0.778756 0.0618764
0.779156 0.0618168
0.779556 0.0617573
0.779956 0.0616979
0.780356 0.0616385
0.780756 0.0615793
0.781156 0.0615201
0.781556 0.061461
0.781956 0.061402
0.782356 0.0613431
0.782757 0.0612842
0.783157 0.0612255
0.783557 0.0611668
0.783957 0.0611082
0.784357 0.0610497
0.784757 0.0609912
0.785157 0.0609329
0.785557 0.0608746
0.785957 0.0608164
0.786357 0.0607583
0.786757 0.0607003
0.787157 0.0606423
0.787558 0.0605845
0.787958 0.0605267
0.788358 0.0604689
0.788758 0.0604113
0.789158 0.0603538
0.789558 0.0602963
0.789958 0.0602389
0.790358 0.0601816
0.790758 0.0601243
0.791158 0.0600672
0.791558 0.0600101
0.791958 0.0599531
0.792358 0.0598962
0.792759 0.0598393
0.793159 0.0597825
0.793559 0.0597258
0.793959 0.0596692
0.794359 0.0596127
0.794759 0.0595562
0.795159 0.0594998
0.795559 0.0594435
0.795959 0.0593873
0.796359 0.0593311
0.796759 0.059275
0.797159 0.059219
0.79756 0.0591631
0.79796 0.0591072
0.79836 0.0590515
0.79876 0.0589958
0.79916 0.0589401
0.79956 0.0588846
0.79996 0.0588291
0.80036 0.0587737
0.80076 0.0587183
0.80116 0.0586631
0.80156 0.0586079
0.80196 0.0585528
0.80236 0.0584977
0.802761 0.0584428
0.803161 0.0583879
0.803561 0.058333
0.803961 0.0582783
0.804361 0.0582236
0.804761 0.058169
0.805161 0.0581145
0.805561 0.05806
0.805961 0.0580056
0.806361 0.0579513
0.806761 0.0578971
0.807161 0.0578429
0.807562 0.0577888
0.807962 0.0577348
0.808362 0.0576809
0.808762 0.057627
0.809162 0.0575732
0.809562 0.0575195
0.809962 0.0574658
0.810362 0.0574122
0.810762 0.0573587
0.811162 0.0573053
0.811562 0.0572519
0.811962 0.0571986
0.812362 0.0571454
0.812763 0.0570922
0.813163 0.0570391
0.813563 0.0569861
0.813963 0.0569332
0.814363 0.0568803
0.814763 0.0568275
0.815163 0.0567748
0.815563 0.0567221
0.815963 0.0566695
0.816363 0.056617
0.816763 0.0565646
0.817163 0.0565122
0.817564 0.0564599
0.817964 0.0564076
0.818364 0.0563555
0.818764 0.0563034
0.819164 0.0562514
0.819564 0.0561994
0.819964 0.0561475
0.820364 0.0560957
0.820764 0.056044
0.821164 0.0559923
0.821564 0.0559407
0.821964 0.0558891
0.822364 0.0558377
0.822765 0.0557863
0.823165 0.0557349
0.823565 0.0556837
0.823965 0.0556325
0.824365 0.0555814
0.824765 0.0555303
0.825165 0.0554793
0.825565 0.0554284
0.825965 0.0553776
0.826365 0.0553268
0.826765 0.0552761
0.827165 0.0552254
0.827566 0.0551749
0.827966 0.0551244
0.828366 0.0550739
0.828766 0.0550236
0.829166 0.0549733
0.829566 0.054923
0.829966 0.0548729
0.830366 0.0548228
0.830766 0.0547727
0.831166 0.0547228
0.831566 0.0546729
0.831966 0.0546231
0.832366 0.0545733
0.832767 0.0545236
0.833167 0.054474
0.833567 0.0544244
0.833967 0.0543749
0.834367 0.0543255
0.834767 0.0542761
0.835167 0.0542269
0.835567 0.0541776
0.835967 0.0541285
0.836367 0.0540794
0.836767 0.0540304
0.837167 0.0539814
0.837568 0.0539325
0.837968 0.0538837
0.838368 0.0538349
0.838768 0.0537862
0.839168 0.0537376
0.839568 0.053689
0.839968 0.0536405
0.840368 0.0535921
0.840768 0.0535437
0.841168 0.0534954
0.841568 0.0534472
0.841968 0.053399
0.842368 0.0533509
0.842769 0.0533029
0.843169 0.0532549
0.843569 0.053207
0.843969 0.0531591
0.844369 0.0531114
0.844769 0.0530636
0.845169 0.053016
0.845569 0.0529684
0.845969 0.0529209
0.846369 0.0528734
0.846769 0.052826
0.847169 0.0527787
0.84757 0.0527314
0.84797 0.0526842
0.84837 0.0526371
0.84877 0.05259
0.84917 0.052543
0.84957 0.0524961
0.84997 0.0524492
0.85037 0.0524024
0.85077 0.0523556
0.85117 0.0523089
0.85157 0.0522623
0.85197 0.0522157
0.85237 0.0521692
0.852771 0.0521228
0.853171 0.0520764
0.853571 0.0520301
0.853971 0.0519838
0.854371 0.0519376
0.854771 0.0518915
0.855171 0.0518454
0.855571 0.0517994
0.855971 0.0517535
0.856371 0.0517076
0.856771 0.0516618
0.857171 0.051616
0.857572 0.0515703
0.857972 0.0515247
0.858372 0.0514791
0.858772 0.0514336
0.859172 0.0513882
0.859572 0.0513428
0.859972 0.0512975
0.860372 0.0512522
0.860772 0.051207
0.861172 0.0511619
0.861572 0.0511168
0.861972 0.0510718
0.862372 0.0510268
0.862773 0.0509819
0.863173 0.0509371
0.863573 0.0508923
0.863973 0.0508476
0.864373 0.050803
0.864773 0.0507584
0.865173 0.0507138
0.865573 0.0506694
0.865973 0.050625
0.866373 0.0505806
0.866773 0.0505363
0.867173 0.0504921
0.867574 0.0504479
0.867974 0.0504038
0.868374 0.0503597
0.868774 0.0503158
0.869174 0.0502718
0.869574 0.0502279
0.869974 0.0501841
0.870374 0.0501404
0.870774 0.0500967
0.871174 0.050053
0.871574 0.0500095
0.871974 0.0499659
0.872374 0.0499225
0.872775 0.0498791
0.873175 0.0498357
0.873575 0.0497924
0.873975 0.0497492
0.874375 0.0497061
0.874775 0.0496629
0.875175 0.0496199
0.875575 0.0495769
0.875975 0.049534
0.876375 0.0494911
0.876775 0.0494483
0.877175 0.0494055
0.877576 0.0493628
0.877976 0.0493202
0.878376 0.0492776
0.878776 0.049235
0.879176 0.0491926
0.879576 0.0491501
0.879976 0.0491078
0.880376 0.0490655
0.880776 0.0490232
0.881176 0.048981
0.881576 0.0489389
0.881976 0.0488968
0.882376 0.0488548
0.882777 0.0488129
0.883177 0.0487709
0.883577 0.0487291
0.883977 0.0486873
0.884377 0.0486456
0.884777 0.0486039
0.885177 0.0485623
0.885577 0.0485207
0.885977 0.0484792
0.886377 0.0484377
0.886777 0.0483963
0.887177 0.048355
0.887578 0.0483137
0.887978 0.0482725
0.888378 0.0482313
0.888778 0.0481902
0.889178 0.0481491
0.889578 0.0481081
0.889978 0.0480671
0.890378 0.0480262
0.890778 0.0479854
0.891178 0.0479446
0.891578 0.0479038
0.891978 0.0478631
0.892378 0.0478225
0.892779 0.0477819
0.893179 0.0477414
0.893579 0.047701
0.893979 0.0476605
0.894379 0.0476202
0.894779 0.0475799
0.895179 0.0475396
0.895579 0.0474994
0.895979 0.0474593
0.896379 0.0474192
0.896779 0.0473792
0.897179 0.0473392
0.89758 0.0472993
0.89798 0.0472594
0.89838 0.0472196
0.89878 0.0471798
0.89918 0.0471401
0.89958 0.0471004
0.89998 0.0470608
0.90038 0.0470212
0.90078 0.0469817
0.90118 0.0469423
0.90158 0.0469029
0.90198 0.0468635
0.90238 0.0468243
0.902781 0.046785
0.903181 0.0467458
0.903581 0.0467067
0.903981 0.0466676
0.904381 0.0466286
0.904781 0.0465896
0.905181 0.0465506
0.905581 0.0465118
0.905981 0.0464729
0.906381 0.0464341
0.906781 0.0463954
0.907181 0.0463567
0.907582 0.0463181
0.907982 0.0462795
0.908382 0.046241
0.908782 0.0462025
0.909182 0.0461641
0.909582 0.0461257
0.909982 0.0460874
0.910382 0.0460491
0.910782 0.0460109
0.911182 0.0459727
0.911582 0.0459346
0.911982 0.0458965
0.912382 0.0458584
0.912783 0.0458205
0.913183 0.0457825
0.913583 0.0457446
0.913983 0.0457068
0.914383 0.045669
0.914783 0.0456313
0.915183 0.0455936
0.915583 0.0455559
0.915983 0.0455183
0.916383 0.0454808
0.916783 0.0454432
0.917183 0.0454058
0.917584 0.0453684
0.917984 0.045331
0.918384 0.0452937
0.918784 0.0452564
0.919184 0.0452192
0.919584 0.045182
0.919984 0.0451449
0.920384 0.0451078
0.920784 0.0450707
0.921184 0.0450337
0.921584 0.0449968
0.921984 0.0449599
0.922384 0.044923
0.922785 0.0448862
0.923185 0.0448494
0.923585 0.0448127
0.923985 0.044776
0.924385 0.0447394
0.924785 0.0447028
0.925185 0.0446663
0.925585 0.0446298
0.925985 0.0445933
0.926385 0.0445569
0.926785 0.0445205
0.927185 0.0444842
0.927586 0.0444479
0.927986 0.0444117
0.928386 0.0443755
0.928786 0.0443393
0.929186 0.0443032
0.929586 0.0442671
0.929986 0.0442311
0.930386 0.0441951
0.930786 0.0441592
0.931186 0.0441233
0.931586 0.0440875
0.931986 0.0440516
0.932386 0.0440159
0.932787 0.0439801
0.933187 0.0439445
0.933587 0.0439088
0.933987 0.0438732
0.934387 0.0438376
0.934787 0.0438021
0.935187 0.0437666
0.935587 0.0437312
0.935987 0.0436958
0.936387 0.0436604
0.936787 0.0436251
0.937187 0.0435898
0.937588 0.0435546
0.937988 0.0435194
0.938388 0.0434843
0.938788 0.0434491
0.939188 0.0434141
0.939588 0.043379
0.939988 0.043344
0.940388 0.0433091
0.940788 0.0432741
0.941188 0.0432393
0.941588 0.0432044
0.941988 0.0431696
0.942388 0.0431348
0.942789 0.0431001
0.943189 0.0430654
0.943589 0.0430308
0.943989 0.0429962
0.944389 0.0429616
0.944789 0.042927
0.945189 0.0428925
0.945589 0.0428581
0.945989 0.0428237
0.946389 0.0427893
0.946789 0.0427549
0.947189 0.0427206
0.94759 0.0426863
0.94799 0.0426521
0.94839 0.0426179
0.94879 0.0425837
0.94919 0.0425496
0.94959 0.0425155
0.94999 0.0424814
0.95039 0.0424474
0.95079 0.0424134
0.95119 0.0423795
0.95159 0.0423455
0.95199 0.0423117
0.95239 0.0422778
0.952791 0.042244
0.953191 0.0422102
0.953591 0.0421765
0.953991 0.0421428
0.954391 0.0421091
0.954791 0.0420755
0.955191 0.0420419
0.955591 0.0420083
0.955991 0.0419747
0.956391 0.0419412
0.956791 0.0419078
0.957191 0.0418743
0.957592 0.0418409
0.957992 0.0418076
0.958392 0.0417742
0.958792 0.0417409
0.959192 0.0417077
0.959592 0.0416744
0.959992 0.0416412
0.960392 0.041608
0.960792 0.0415749
0.961192 0.0415418
0.961592 0.0415087
0.961992 0.0414757
0.962392 0.0414426
0.962793 0.0414097
0.963193 0.0413767
0.963593 0.0413438
0.963993 0.0413109
0.964393 0.0412781
0.964793 0.0412452
0.965193 0.0412124
0.965593 0.0411797
0.965993 0.0411469
0.966393 0.0411142
0.966793 0.0410816
0.967193 0.0410489
0.967594 0.0410163
0.967994 0.0409837
0.968394 0.0409512
0.968794 0.0409186
0.969194 0.0408861
0.969594 0.0408537
0.969994 0.0408212
0.970394 0.0407888
0.970794 0.0407565
0.971194 0.0407241
0.971594 0.0406918
0.971994 0.0406595
0.972394 0.0406272
0.972795 0.040595
0.973195 0.0405628
0.973595 0.0405306
0.973995 0.0404984
0.974395 0.0404663
0.974795 0.0404342
0.975195 0.0404022
0.975595 0.0403701
0.975995 0.0403381
0.976395 0.0403061
0.976795 0.0402741
0.977195 0.0402422
0.977596 0.0402103
0.977996 0.0401784
0.978396 0.0401466
0.978796 0.0401147
0.979196 0.0400829
0.979596 0.0400511
0.979996 0.0400194
0.980396 0.0399877
0.980796 0.039956
0.981196 0.0399243
0.981596 0.0398926
0.981996 0.039861
0.982396 0.0398294
0.982797 0.0397978
0.983197 0.0397663
0.983597 0.0397348
0.983997 0.0397033
0.984397 0.0396718
0.984797 0.0396403
0.985197 0.0396089
0.985597 0.0395775
0.985997 0.0395461
0.986397 0.0395147
0.986797 0.0394834
0.987197 0.0394521
0.987598 0.0394208
0.987998 0.0393895
0.988398 0.0393583
0.988798 0.0393271
0.989198 0.0392959
0.989598 0.0392647
0.989998 0.0392335
0.990398 0.0392024
0.990798 0.0391713
0.991198 0.0391402
0.991598 0.0391091
0.991998 0.0390781
0.992398 0.0390471
0.992799 0.0390161
0.993199 0.0389851
0.993599 0.0389541
0.993999 0.0389232
0.994399 0.0388923
0.994799 0.0388614
0.995199 0.0388305
0.995599 0.0387996
0.995999 0.0387688
0.996399 0.038738
0.996799 0.0387072
0.997199 0.0386764
0.9976 0.0386457
0.998 0.0386149
0.9984 0.0385842
0.9988 0.0385535
0.9992 0.0385228
0.9996 0.0384922
