-1 0.0384615
-0.9996 0.0384922
-0.9992 0.0385228
-0.9988 0.0385535
-0.9984 0.0385841
-0.998 0.0386148
-0.9976 0.0386454
-0.997199 0.0386761
-0.996799 0.0387068
-0.996399 0.0387375
-0.995999 0.0387681
-0.995599 0.0387988
-0.995199 0.0388296
-0.994799 0.0388603
-0.994399 0.038891
-0.993999 0.0389217
-0.993599 0.0389525
-0.993199 0.0389832
-0.992799 0.039014
-0.992398 0.0390448
-0.991998 0.0390756
-0.991598 0.0391064
-0.991198 0.0391372
-0.990798 0.039168
-0.990398 0.0391989
-0.989998 0.0392297
-0.989598 0.0392606
-0.989198 0.0392915
-0.988798 0.0393224
-0.988398 0.0393533
-0.987998 0.0393842
-0.987598 0.0394151
-0.987197 0.0394461
-0.986797 0.039477
-0.986397 0.039508
-0.985997 0.039539
-0.985597 0.0395701
-0.985197 0.0396011
-0.984797 0.0396321
-0.984397 0.0396632
-0.983997 0.0396943
-0.983597 0.0397254
-0.983197 0.0397565
-0.982797 0.0397877
-0.982396 0.0398189
-0.981996 0.0398501
-0.981596 0.0398813
-0.981196 0.0399125
-0.980796 0.0399437
-0.980396 0.039975
-0.979996 0.0400063
-0.979596 0.0400376
-0.979196 0.040069
-0.978796 0.0401003
-0.978396 0.0401317
-0.977996 0.0401631
-0.977596 0.0401946
-0.977195 0.040226
-0.976795 0.0402575
-0.976395 0.040289
-0.975995 0.0403205
-0.975595 0.0403521
-0.975195 0.0403837
-0.974795 0.0404153
-0.974395 0.0404469
-0.973995 0.0404786
-0.973595 0.0405103
-0.973195 0.040542
-0.972795 0.0405737
-0.972394 0.0406055
-0.971994 0.0406373
-0.971594 0.0406692
-0.971194 0.040701
-0.970794 0.0407329
-0.970394 0.0407648
-0.969994 0.0407968
-0.969594 0.0408288
-0.969194 0.0408608
-0.968794 0.0408928
-0.968394 0.0409249
-0.967994 0.040957
-0.967594 0.0409892
-0.967193 0.0410213
-0.966793 0.0410536
-0.966393 0.0410858
-0.965993 0.0411181
-0.965593 0.0411504
-0.965193 0.0411827
-0.964793 0.0412151
-0.964393 0.0412475
-0.963993 0.04128
-0.963593 0.0413125
-0.963193 0.041345
-0.962793 0.0413776
-0.962392 0.0414102
-0.961992 0.0414428
-0.961592 0.0414755
-0.961192 0.0415082
-0.960792 0.041541
-0.960392 0.0415738
-0.959992 0.0416066
-0.959592 0.0416395
-0.959192 0.0416724
-0.958792 0.0417053
-0.958392 0.0417383
-0.957992 0.0417713
-0.957592 0.0418044
-0.957191 0.0418375
-0.956791 0.0418707
-0.956391 0.0419039
-0.955991 0.0419371
-0.955591 0.0419704
-0.955191 0.0420038
-0.954791 0.0420371
-0.954391 0.0420705
-0.953991 0.042104
-0.953591 0.0421375
-0.953191 0.0421711
-0.952791 0.0422047
-0.95239 0.0422383
-0.95199 0.042272
-0.95159 0.0423057
-0.95119 0.0423395
-0.95079 0.0423734
-0.95039 0.0424072
-0.94999 0.0424412
-0.94959 0.0424751
-0.94919 0.0425092
-0.94879 0.0425432
-0.94839 0.0425774
-0.94799 0.0426115
-0.94759 0.0426457
-0.947189 0.04268
-0.946789 0.0427143
-0.946389 0.0427487
-0.945989 0.0427831
-0.945589 0.0428176
-0.945189 0.0428521
-0.944789 0.0428866
-0.944389 0.0429212
-0.943989 0.0429559
-0.943589 0.0429906
-0.943189 0.0430253
-0.942789 0.0430601
-0.942388 0.043095
-0.941988 0.0431299
-0.941588 0.0431648
-0.941188 0.0431998
-0.940788 0.0432348
-0.940388 0.0432699
-0.939988 0.0433051
-0.939588 0.0433402
-0.939188 0.0433755
-0.938788 0.0434107
-0.938388 0.0434461
-0.937988 0.0434814
-0.937588 0.0435169
-0.937187 0.0435523
-0.936787 0.0435879
-0.936387 0.0436234
-0.935987 0.043659
-0.935587 0.0436947
-0.935187 0.0437304
-0.934787 0.0437662
-0.934387 0.043802
-0.933987 0.0438378
-0.933587 0.0438738
-0.933187 0.0439097
-0.932787 0.0439457
-0.932386 0.0439818
-0.931986 0.0440179
-0.931586 0.044054
-0.931186 0.0440902
-0.930786 0.0441264
-0.930386 0.0441627
-0.929986 0.0441991
-0.929586 0.0442354
-0.929186 0.0442719
-0.928786 0.0443084
-0.928386 0.0443449
-0.927986 0.0443815
-0.927586 0.0444181
-0.927185 0.0444548
-0.926785 0.0444915
-0.926385 0.0445283
-0.925985 0.0445651
-0.925585 0.0446019
-0.925185 0.0446389
-0.924785 0.0446758
-0.924385 0.0447128
-0.923985 0.0447499
-0.923585 0.044787
-0.923185 0.0448241
-0.922785 0.0448613
-0.922384 0.0448986
-0.921984 0.0449359
-0.921584 0.0449732
-0.921184 0.0450106
-0.920784 0.0450481
-0.920384 0.0450856
-0.919984 0.0451231
-0.919584 0.0451607
-0.919184 0.0451983
-0.918784 0.045236
-0.918384 0.0452737
-0.917984 0.0453115
-0.917584 0.0453493
-0.917183 0.0453872
-0.916783 0.0454251
-0.916383 0.0454631
-0.915983 0.0455011
-0.915583 0.0455392
-0.915183 0.0455773
-0.914783 0.0456154
-0.914383 0.0456536
-0.913983 0.0456919
-0.913583 0.0457302
-0.913183 0.0457685
-0.912783 0.0458069
-0.912382 0.0458454
-0.911982 0.0458839
-0.911582 0.0459224
-0.911182 0.045961
-0.910782 0.0459996
-0.910382 0.0460383
-0.909982 0.046077
-0.909582 0.0461158
-0.909182 0.0461547
-0.908782 0.0461935
-0.908382 0.0462324
-0.907982 0.0462714
-0.907582 0.0463104
-0.907181 0.0463495
-0.906781 0.0463886
-0.906381 0.0464278
-0.905981 0.046467
-0.905581 0.0465062
-0.905181 0.0465455
-0.904781 0.0465849
-0.904381 0.0466243
-0.903981 0.0466637
-0.903581 0.0467032
-0.903181 0.0467428
-0.902781 0.0467824
-0.90238 0.046822
-0.90198 0.0468617
-0.90158 0.0469014
-0.90118 0.0469412
-0.90078 0.046981
-0.90038 0.0470209
-0.89998 0.0470608
-0.89958 0.0471008
-0.89918 0.0471408
-0.89878 0.0471809
-0.89838 0.047221
-0.89798 0.0472611
-0.89758 0.0473014
-0.897179 0.0473416
-0.896779 0.0473819
-0.896379 0.0474223
-0.895979 0.0474627
-0.895579 0.0475031
-0.895179 0.0475436
-0.894779 0.0475842
-0.894379 0.0476248
-0.893979 0.0476654
-0.893579 0.0477061
-0.893179 0.0477469
-0.892779 0.0477877
-0.892378 0.0478285
-0.891978 0.0478694
-0.891578 0.0479103
-0.891178 0.0479513
-0.890778 0.0479924
-0.890378 0.0480335
-0.889978 0.0480746
-0.889578 0.0481158
-0.889178 0.0481571
-0.888778 0.0481984
-0.888378 0.0482397
-0.887978 0.0482811
-0.887578 0.0483226
-0.887177 0.0483641
-0.886777 0.0484056
-0.886377 0.0484472
-0.885977 0.0484889
-0.885577 0.0485306
-0.885177 0.0485723
-0.884777 0.0486141
-0.884377 0.048656
-0.883977 0.0486979
-0.883577 0.0487399
-0.883177 0.0487819
-0.882777 0.048824
-0.882376 0.0488661
-0.881976 0.0489083
-0.881576 0.0489505
-0.881176 0.0489928
-0.880776 0.0490351
-0.880376 0.0490775
-0.879976 0.0491199
-0.879576 0.0491624
-0.879176 0.049205
-0.878776 0.0492476
-0.878376 0.0492902
-0.877976 0.0493329
-0.877576 0.0493757
-0.877175 0.0494185
-0.876775 0.0494614
-0.876375 0.0495043
-0.875975 0.0495473
-0.875575 0.0495903
-0.875175 0.0496334
-0.874775 0.0496765
-0.874375 0.0497197
-0.873975 0.049763
-0.873575 0.0498063
-0.873175 0.0498496
-0.872775 0.049893
-0.872374 0.0499365
-0.871974 0.04998
-0.871574 0.0500236
-0.871174 0.0500673
-0.870774 0.050111
-0.870374 0.0501547
-0.869974 0.0501985
-0.869574 0.0502424
-0.869174 0.0502863
-0.868774 0.0503303
-0.868374 0.0503743
-0.867974 0.0504184
-0.867574 0.0504625
-0.867173 0.0505067
-0.866773 0.050551
-0.866373 0.0505953
-0.865973 0.0506396
-0.865573 0.0506841
-0.865173 0.0507286
-0.864773 0.0507731
-0.864373 0.0508177
-0.863973 0.0508623
-0.863573 0.0509071
-0.863173 0.0509518
-0.862773 0.0509967
-0.862372 0.0510416
-0.861972 0.0510865
-0.861572 0.0511315
-0.861172 0.0511766
-0.860772 0.0512217
-0.860372 0.0512669
-0.859972 0.0513121
-0.859572 0.0513574
-0.859172 0.0514028
-0.858772 0.0514482
-0.858372 0.0514937
-0.857972 0.0515392
-0.857572 0.0515848
-0.857171 0.0516304
-0.856771 0.0516762
-0.856371 0.0517219
-0.855971 0.0517678
-0.855571 0.0518137
-0.855171 0.0518596
-0.854771 0.0519056
-0.854371 0.0519517
-0.853971 0.0519978
-0.853571 0.052044
-0.853171 0.0520903
-0.852771 0.0521366
-0.85237 0.052183
-0.85197 0.0522294
-0.85157 0.0522759
-0.85117 0.0523225
-0.85077 0.0523691
-0.85037 0.0524158
-0.84997 0.0524625
-0.84957 0.0525093
-0.84917 0.0525562
-0.84877 0.0526031
-0.84837 0.0526501
-0.84797 0.0526972
-0.84757 0.0527443
-0.847169 0.0527915
-0.846769 0.0528387
-0.846369 0.052886
-0.845969 0.0529334
-0.845569 0.0529808
-0.845169 0.0530283
-0.844769 0.0530759
-0.844369 0.0531235
-0.843969 0.0531712
-0.843569 0.0532189
-0.843169 0.0532667
-0.842769 0.0533146
-0.842368 0.0533625
-0.841968 0.0534106
-0.841568 0.0534586
-0.841168 0.0535067
-0.840768 0.0535549
-0.840368 0.0536032
-0.839968 0.0536515
-0.839568 0.0536999
-0.839168 0.0537484
-0.838768 0.0537969
-0.838368 0.0538455
-0.837968 0.0538941
-0.837568 0.0539428
-0.837167 0.0539916
-0.836767 0.0540404
-0.836367 0.0540893
-0.835967 0.0541383
-0.835567 0.0541874
-0.835167 0.0542365
-0.834767 0.0542856
-0.834367 0.0543349
-0.833967 0.0543842
-0.833567 0.0544336
-0.833167 0.054483
-0.832767 0.0545325
-0.832366 0.0545821
-0.831966 0.0546317
-0.831566 0.0546814
-0.831166 0.0547312
-0.830766 0.054781
-0.830366 0.0548309
-0.829966 0.0548809
-0.829566 0.0549309
-0.829166 0.054981
-0.828766 0.0550312
-0.828366 0.0550815
-0.827966 0.0551318
-0.827566 0.0551821
-0.827165 0.0552326
-0.826765 0.0552831
-0.826365 0.0553337
-0.825965 0.0553843
-0.825565 0.0554351
-0.825165 0.0554858
-0.824765 0.0555367
-0.824365 0.0555876
-0.823965 0.0556386
-0.823565 0.0556897
-0.823165 0.0557408
-0.822765 0.055792
-0.822364 0.0558433
-0.821964 0.0558946
-0.821564 0.0559461
-0.821164 0.0559975
-0.820764 0.0560491
-0.820364 0.0561007
-0.819964 0.0561524
-0.819564 0.0562042
-0.819164 0.056256
-0.818764 0.0563079
-0.818364 0.0563599
-0.817964 0.0564119
-0.817564 0.056464
-0.817163 0.0565162
-0.816763 0.0565685
-0.816363 0.0566208
-0.815963 0.0566732
-0.815563 0.0567257
-0.815163 0.0567782
-0.814763 0.0568309
-0.814363 0.0568835
-0.813963 0.0569363
-0.813563 0.0569891
-0.813163 0.057042
-0.812763 0.057095
-0.812362 0.0571481
-0.811962 0.0572012
-0.811562 0.0572544
-0.811162 0.0573076
-0.810762 0.057361
-0.810362 0.0574144
-0.809962 0.0574679
-0.809562 0.0575214
-0.809162 0.0575751
-0.808762 0.0576288
-0.808362 0.0576825
-0.807962 0.0577364
-0.807562 0.0577903
-0.807161 0.0578443
-0.806761 0.0578984
-0.806361 0.0579525
-0.805961 0.0580068
-0.805561 0.0580611
-0.805161 0.0581154
-0.804761 0.0581699
-0.804361 0.0582244
-0.803961 0.058279
-0.803561 0.0583337
-0.803161 0.0583884
-0.802761 0.0584432
-0.80236 0.0584981
-0.80196 0.0585531
-0.80156 0.0586081
-0.80116 0.0586633
-0.80076 0.0587184
-0.80036 0.0587737
-0.79996 0.0588291
-0.79956 0.0588845
-0.79916 0.05894
-0.79876 0.0589956
-0.79836 0.0590512
-0.79796 0.059107
-0.79756 0.0591628
-0.797159 0.0592186
-0.796759 0.0592746
-0.796359 0.0593306
-0.795959 0.0593868
-0.795559 0.059443
-0.795159 0.0594992
-0.794759 0.0595556
-0.794359 0.059612
-0.793959 0.0596685
-0.793559 0.0597251
-0.793159 0.0597818
-0.792759 0.0598385
-0.792358 0.0598953
-0.791958 0.0599522
-0.791558 0.0600092
-0.791158 0.0600663
-0.790758 0.0601234
-0.790358 0.0601806
-0.789958 0.0602379
-0.789558 0.0602953
-0.789158 0.0603527
-0.788758 0.0604103
-0.788358 0.0604679
-0.787958 0.0605256
-0.787558 0.0605834
-0.787157 0.0606412
-0.786757 0.0606992
-0.786357 0.0607572
-0.785957 0.0608153
-0.785557 0.0608735
-0.785157 0.0609318
-0.784757 0.0609901
-0.784357 0.0610485
-0.783957 0.0611071
-0.783557 0.0611656
-0.783157 0.0612243
-0.782757 0.0612831
-0.782356 0.0613419
-0.781956 0.0614009
-0.781556 0.0614599
-0.781156 0.061519
-0.780756 0.0615781
-0.780356 0.0616374
-0.779956 0.0616968
-0.779556 0.0617562
-0.779156 0.0618157
-0.778756 0.0618753
-0.778356 0.061935
-0.777956 0.0619947
-0.777556 0.0620546
-0.777155 0.0621145
-0.776755 0.0621746
-0.776355 0.0622347
-0.775955 0.0622949
-0.775555 0.0623551
-0.775155 0.0624155
-0.774755 0.0624759
-0.774355 0.0625365
-0.773955 0.0625971
-0.773555 0.0626578
-0.773155 0.0627186
-0.772755 0.0627795
-0.772354 0.0628405
-0.771954 0.0629015
-0.771554 0.0629627
-0.771154 0.0630239
-0.770754 0.0630852
-0.770354 0.0631466
-0.769954 0.0632081
-0.769554 0.0632697
-0.769154 0.0633314
-0.768754 0.0633931
-0.768354 0.063455
-0.767954 0.0635169
-0.767554 0.0635789
-0.767153 0.063641
-0.766753 0.0637032
-0.766353 0.0637655
-0.765953 0.0638279
-0.765553 0.0638904
-0.765153 0.0639529
-0.764753 0.0640156
-0.764353 0.0640783
-0.763953 0.0641412
-0.763553 0.0642041
-0.763153 0.0642671
-0.762753 0.0643302
-0.762352 0.0643934
-0.761952 0.0644567
-0.761552 0.06452
-0.761152 0.0645835
-0.760752 0.0646471
-0.760352 0.0647107
-0.759952 0.0647745
-0.759552 0.0648383
-0.759152 0.0649022
-0.758752 0.0649662
-0.758352 0.0650303
-0.757952 0.0650946
-0.757552 0.0651588
-0.757151 0.0652232
-0.756751 0.0652877
-0.756351 0.0653523
-0.755951 0.065417
-0.755551 0.0654817
-0.755151 0.0655466
-0.754751 0.0656115
-0.754351 0.0656766
-0.753951 0.0657417
-0.753551 0.0658069
-0.753151 0.0658723
-0.752751 0.0659377
-0.75235 0.0660032
-0.75195 0.0660688
-0.75155 0.0661345
-0.75115 0.0662003
-0.75075 0.0662662
-0.75035 0.0663322
-0.74995 0.0663983
-0.74955 0.0664645
-0.74915 0.0665308
-0.74875 0.0665972
-0.74835 0.0666636
-0.74795 0.0667302
-0.74755 0.0667969
-0.747149 0.0668636
-0.746749 0.0669305
-0.746349 0.0669975
-0.745949 0.0670645
-0.745549 0.0671317
-0.745149 0.0671989
-0.744749 0.0672663
-0.744349 0.0673337
-0.743949 0.0674013
-0.743549 0.0674689
-0.743149 0.0675367
-0.742749 0.0676045
-0.742348 0.0676725
-0.741948 0.0677405
-0.741548 0.0678087
-0.741148 0.0678769
-0.740748 0.0679453
-0.740348 0.0680137
-0.739948 0.0680823
-0.739548 0.0681509
-0.739148 0.0682197
-0.738748 0.0682885
-0.738348 0.0683575
-0.737948 0.0684265
-0.737548 0.0684957
-0.737147 0.068565
-0.736747 0.0686343
-0.736347 0.0687038
-0.735947 0.0687734
-0.735547 0.0688431
-0.735147 0.0689128
-0.734747 0.0689827
-0.734347 0.0690527
-0.733947 0.0691228
-0.733547 0.069193
-0.733147 0.0692633
-0.732747 0.0693337
-0.732346 0.0694042
-0.731946 0.0694748
-0.731546 0.0695456
-0.731146 0.0696164
-0.730746 0.0696873
-0.730346 0.0697584
-0.729946 0.0698295
-0.729546 0.0699008
-0.729146 0.0699721
-0.728746 0.0700436
-0.728346 0.0701152
-0.727946 0.0701868
-0.727546 0.0702586
-0.727145 0.0703305
-0.726745 0.0704025
-0.726345 0.0704746
-0.725945 0.0705468
-0.725545 0.0706192
-0.725145 0.0706916
-0.724745 0.0707642
-0.724345 0.0708368
-0.723945 0.0709096
-0.723545 0.0709825
-0.723145 0.0710554
-0.722745 0.0711285
-0.722344 0.0712017
-0.721944 0.071275
-0.721544 0.0713485
-0.721144 0.071422
-0.720744 0.0714957
-0.720344 0.0715694
-0.719944 0.0716433
-0.719544 0.0717173
-0.719144 0.0717914
-0.718744 0.0718656
-0.718344 0.0719399
-0.717944 0.0720143
-0.717544 0.0720889
-0.717143 0.0721635
-0.716743 0.0722383
-0.716343 0.0723132
-0.715943 0.0723882
-0.715543 0.0724633
-0.715143 0.0725385
-0.714743 0.0726139
-0.714343 0.0726893
-0.713943 0.0727649
-0.713543 0.0728406
-0.713143 0.0729164
-0.712743 0.0729923
-0.712342 0.0730683
-0.711942 0.0731444
-0.711542 0.0732207
-0.711142 0.0732971
-0.710742 0.0733736
-0.710342 0.0734502
-0.709942 0.0735269
-0.709542 0.0736038
-0.709142 0.0736807
-0.708742 0.0737578
-0.708342 0.073835
-0.707942 0.0739123
-0.707542 0.0739897
-0.707141 0.0740673
-0.706741 0.074145
-0.706341 0.0742227
-0.705941 0.0743007
-0.705541 0.0743787
-0.705141 0.0744568
-0.704741 0.0745351
-0.704341 0.0746135
-0.703941 0.074692
-0.703541 0.0747706
-0.703141 0.0748493
-0.702741 0.0749282
-0.70234 0.0750072
-0.70194 0.0750863
-0.70154 0.0751655
-0.70114 0.0752449
-0.70074 0.0753244
-0.70034 0.0754039
-0.69994 0.0754837
-0.69954 0.0755635
-0.69914 0.0756435
-0.69874 0.0757235
-0.69834 0.0758037
-0.69794 0.0758841
-0.69754 0.0759645
-0.697139 0.0760451
-0.696739 0.0761258
-0.696339 0.0762066
-0.695939 0.0762876
-0.695539 0.0763687
-0.695139 0.0764499
-0.694739 0.0765312
-0.694339 0.0766126
-0.693939 0.0766942
-0.693539 0.0767759
-0.693139 0.0768578
-0.692739 0.0769397
-0.692338 0.0770218
-0.691938 0.077104
-0.691538 0.0771864
-0.691138 0.0772688
-0.690738 0.0773514
-0.690338 0.0774342
-0.689938 0.077517
-0.689538 0.0776
-0.689138 0.0776831
-0.688738 0.0777664
-0.688338 0.0778497
-0.687938 0.0779332
-0.687538 0.0780169
-0.687137 0.0781007
-0.686737 0.0781846
-0.686337 0.0782686
-0.685937 0.0783527
-0.685537 0.078437
-0.685137 0.0785215
-0.684737 0.078606
-0.684337 0.0786907
-0.683937 0.0787756
-0.683537 0.0788605
-0.683137 0.0789456
-0.682737 0.0790308
-0.682336 0.0791162
-0.681936 0.0792017
-0.681536 0.0792873
-0.681136 0.0793731
-0.680736 0.079459
-0.680336 0.0795451
-0.679936 0.0796312
-0.679536 0.0797175
-0.679136 0.079804
-0.678736 0.0798906
-0.678336 0.0799773
-0.677936 0.0800642
-0.677536 0.0801512
-0.677135 0.0802383
-0.676735 0.0803256
-0.676335 0.080413
-0.675935 0.0805006
-0.675535 0.0805882
-0.675135 0.0806761
-0.674735 0.0807641
-0.674335 0.0808522
-0.673935 0.0809404
-0.673535 0.0810288
-0.673135 0.0811174
-0.672735 0.081206
-0.672334 0.0812948
-0.671934 0.0813838
-0.671534 0.0814729
-0.671134 0.0815622
-0.670734 0.0816515
-0.670334 0.0817411
-0.669934 0.0818308
-0.669534 0.0819206
-0.669134 0.0820105
-0.668734 0.0821006
-0.668334 0.0821909
-0.667934 0.0822813
-0.667534 0.0823718
-0.667133 0.0824625
-0.666733 0.0825533
-0.666333 0.0826443
-0.665933 0.0827354
-0.665533 0.0828267
-0.665133 0.0829181
-0.664733 0.0830097
-0.664333 0.0831014
-0.663933 0.0831933
-0.663533 0.0832853
-0.663133 0.0833774
-0.662733 0.0834697
-0.662332 0.0835622
-0.661932 0.0836548
-0.661532 0.0837475
-0.661132 0.0838404
-0.660732 0.0839335
-0.660332 0.0840267
-0.659932 0.08412
-0.659532 0.0842135
-0.659132 0.0843072
-0.658732 0.084401
-0.658332 0.0844949
-0.657932 0.084589
-0.657532 0.0846833
-0.657131 0.0847777
-0.656731 0.0848723
-0.656331 0.084967
-0.655931 0.0850619
-0.655531 0.0851569
-0.655131 0.0852521
-0.654731 0.0853474
-0.654331 0.0854429
-0.653931 0.0855385
-0.653531 0.0856343
-0.653131 0.0857303
-0.652731 0.0858264
-0.65233 0.0859226
-0.65193 0.0860191
-0.65153 0.0861156
-0.65113 0.0862124
-0.65073 0.0863093
-0.65033 0.0864063
-0.64993 0.0865035
-0.64953 0.0866009
-0.64913 0.0866984
-0.64873 0.0867961
-0.64833 0.0868939
-0.64793 0.0869919
-0.64753 0.0870901
-0.647129 0.0871884
-0.646729 0.0872869
-0.646329 0.0873855
-0.645929 0.0874843
-0.645529 0.0875833
-0.645129 0.0876824
-0.644729 0.0877817
-0.644329 0.0878811
-0.643929 0.0879807
-0.643529 0.0880805
-0.643129 0.0881804
-0.642729 0.0882805
-0.642328 0.0883808
-0.641928 0.0884813
-0.641528 0.0885819
-0.641128 0.0886826
-0.640728 0.0887836
-0.640328 0.0888847
-0.639928 0.0889859
-0.639528 0.0890874
-0.639128 0.089189
-0.638728 0.0892907
-0.638328 0.0893927
-0.637928 0.0894948
-0.637528 0.0895971
-0.637127 0.0896995
-0.636727 0.0898021
-0.636327 0.0899049
-0.635927 0.0900079
-0.635527 0.090111
-0.635127 0.0902143
-0.634727 0.0903178
-0.634327 0.0904214
-0.633927 0.0905253
-0.633527 0.0906293
-0.633127 0.0907334
-0.632727 0.0908378
-0.632326 0.0909423
-0.631926 0.091047
-0.631526 0.0911518
-0.631126 0.0912569
-0.630726 0.0913621
-0.630326 0.0914675
-0.629926 0.0915731
-0.629526 0.0916788
-0.629126 0.0917848
-0.628726 0.0918909
-0.628326 0.0919972
-0.627926 0.0921036
-0.627526 0.0922103
-0.627125 0.0923171
-0.626725 0.0924241
-0.626325 0.0925313
-0.625925 0.0926386
-0.625525 0.0927462
-0.625125 0.0928539
-0.624725 0.0929618
-0.624325 0.0930699
-0.623925 0.0931782
-0.623525 0.0932867
-0.623125 0.0933953
-0.622725 0.0935041
-0.622324 0.0936131
-0.621924 0.0937223
-0.621524 0.0938317
-0.621124 0.0939413
-0.620724 0.094051
-0.620324 0.094161
-0.619924 0.0942711
-0.619524 0.0943814
-0.619124 0.0944919
-0.618724 0.0946026
-0.618324 0.0947135
-0.617924 0.0948245
-0.617524 0.0949358
-0.617123 0.0950472
-0.616723 0.0951589
-0.616323 0.0952707
-0.615923 0.0953827
-0.615523 0.0954949
-0.615123 0.0956073
-0.614723 0.0957199
-0.614323 0.0958327
-0.613923 0.0959456
-0.613523 0.0960588
-0.613123 0.0961722
-0.612723 0.0962857
-0.612322 0.0963995
-0.611922 0.0965134
-0.611522 0.0966275
-0.611122 0.0967419
-0.610722 0.0968564
-0.610322 0.0969711
-0.609922 0.097086
-0.609522 0.0972012
-0.609122 0.0973165
-0.608722 0.097432
-0.608322 0.0975477
-0.607922 0.0976636
-0.607522 0.0977797
-0.607121 0.097896
-0.606721 0.0980125
-0.606321 0.0981292
-0.605921 0.0982461
-0.605521 0.0983632
-0.605121 0.0984805
-0.604721 0.098598
-0.604321 0.0987158
-0.603921 0.0988337
-0.603521 0.0989518
-0.603121 0.0990701
-0.602721 0.0991886
-0.60232 0.0993073
-0.60192 0.0994263
-0.60152 0.0995454
-0.60112 0.0996648
-0.60072 0.0997843
-0.60032 0.0999041
-0.59992 0.100024
-0.59952 0.100144
-0.59912 0.100265
-0.59872 0.100385
-0.59832 0.100506
-0.59792 0.100627
-0.59752 0.100748
-0.597119 0.10087
-0.596719 0.100991
-0.596319 0.101113
-0.595919 0.101235
-0.595519 0.101357
-0.595119 0.10148
-0.594719 0.101602
-0.594319 0.101725
-0.593919 0.101848
-0.593519 0.101972
-0.593119 0.102095
-0.592719 0.102219
-0.592318 0.102343
-0.591918 0.102467
-0.591518 0.102592
-0.591118 0.102716
-0.590718 0.102841
-0.590318 0.102966
-0.589918 0.103092
-0.589518 0.103217
-0.589118 0.103343
-0.588718 0.103469
-0.588318 0.103595
-0.587918 0.103721
-0.587518 0.103848
-0.587117 0.103975
-0.586717 0.104102
-0.586317 0.104229
-0.585917 0.104357
-0.585517 0.104484
-0.585117 0.104612
-0.584717 0.10474
-0.584317 0.104869
-0.583917 0.104998
-0.583517 0.105126
-0.583117 0.105255
-0.582717 0.105385
-0.582316 0.105514
-0.581916 0.105644
-0.581516 0.105774
-0.581116 0.105904
-0.580716 0.106035
-0.580316 0.106166
-0.579916 0.106297
-0.579516 0.106428
-0.579116 0.106559
-0.578716 0.106691
-0.578316 0.106823
-0.577916 0.106955
-0.577516 0.107087
-0.577115 0.10722
-0.576715 0.107353
-0.576315 0.107486
-0.575915 0.107619
-0.575515 0.107753
-0.575115 0.107886
-0.574715 0.10802
-0.574315 0.108155
-0.573915 0.108289
-0.573515 0.108424
-0.573115 0.108559
-0.572715 0.108694
-0.572314 0.10883
-0.571914 0.108965
-0.571514 0.109101
-0.571114 0.109238
-0.570714 0.109374
-0.570314 0.109511
-0.569914 0.109648
-0.569514 0.109785
-0.569114 0.109922
-0.568714 0.11006
-0.568314 0.110198
-0.567914 0.110336
-0.567514 0.110475
-0.567113 0.110613
-0.566713 0.110752
-0.566313 0.110892
-0.565913 0.111031
-0.565513 0.111171
-0.565113 0.111311
-0.564713 0.111451
-0.564313 0.111591
-0.563913 0.111732
-0.563513 0.111873
-0.563113 0.112014
-0.562713 0.112156
-0.562312 0.112298
-0.561912 0.11244
-0.561512 0.112582
-0.561112 0.112724
-0.560712 0.112867
-0.560312 0.11301
-0.559912 0.113153
-0.559512 0.113297
-0.559112 0.113441
-0.558712 0.113585
-0.558312 0.113729
-0.557912 0.113874
-0.557512 0.114019
-0.557111 0.114164
-0.556711 0.114309
-0.556311 0.114455
-0.555911 0.114601
-0.555511 0.114747
-0.555111 0.114894
-0.554711 0.11504
-0.554311 0.115187
-0.553911 0.115335
-0.553511 0.115482
-0.553111 0.11563
-0.552711 0.115778
-0.55231 0.115926
-0.55191 0.116075
-0.55151 0.116224
-0.55111 0.116373
-0.55071 0.116522
-0.55031 0.116672
-0.54991 0.116822
-0.54951 0.116972
-0.54911 0.117123
-0.54871 0.117274
-0.54831 0.117425
-0.54791 0.117576
-0.54751 0.117728
-0.547109 0.11788
-0.546709 0.118032
-0.546309 0.118184
-0.545909 0.118337
-0.545509 0.11849
-0.545109 0.118643
-0.544709 0.118797
-0.544309 0.118951
-0.543909 0.119105
-0.543509 0.11926
-0.543109 0.119414
-0.542709 0.119569
-0.542308 0.119725
-0.541908 0.11988
-0.541508 0.120036
-0.541108 0.120192
-0.540708 0.120349
-0.540308 0.120506
-0.539908 0.120663
-0.539508 0.12082
-0.539108 0.120978
-0.538708 0.121136
-0.538308 0.121294
-0.537908 0.121453
-0.537508 0.121611
-0.537107 0.121771
-0.536707 0.12193
-0.536307 0.12209
-0.535907 0.12225
-0.535507 0.12241
-0.535107 0.122571
-0.534707 0.122732
-0.534307 0.122893
-0.533907 0.123054
-0.533507 0.123216
-0.533107 0.123379
-0.532707 0.123541
-0.532306 0.123704
-0.531906 0.123867
-0.531506 0.12403
-0.531106 0.124194
-0.530706 0.124358
-0.530306 0.124522
-0.529906 0.124687
-0.529506 0.124852
-0.529106 0.125017
-0.528706 0.125183
-0.528306 0.125349
-0.527906 0.125515
-0.527506 0.125681
-0.527105 0.125848
-0.526705 0.126015
-0.526305 0.126183
-0.525905 0.126351
-0.525505 0.126519
-0.525105 0.126687
-0.524705 0.126856
-0.524305 0.127025
-0.523905 0.127194
-0.523505 0.127364
-0.523105 0.127534
-0.522705 0.127704
-0.522304 0.127875
-0.521904 0.128046
-0.521504 0.128218
-0.521104 0.128389
-0.520704 0.128561
-0.520304 0.128734
-0.519904 0.128906
-0.519504 0.129079
-0.519104 0.129253
-0.518704 0.129426
-0.518304 0.1296
-0.517904 0.129775
-0.517504 0.129949
-0.517103 0.130124
-0.516703 0.1303
-0.516303 0.130475
-0.515903 0.130651
-0.515503 0.130828
-0.515103 0.131004
-0.514703 0.131182
-0.514303 0.131359
-0.513903 0.131537
-0.513503 0.131715
-0.513103 0.131893
-0.512703 0.132072
-0.512302 0.132251
-0.511902 0.13243
-0.511502 0.13261
-0.511102 0.13279
-0.510702 0.132971
-0.510302 0.133152
-0.509902 0.133333
-0.509502 0.133514
-0.509102 0.133696
-0.508702 0.133879
-0.508302 0.134061
-0.507902 0.134244
-0.507502 0.134427
-0.507101 0.134611
-0.506701 0.134795
-0.506301 0.134979
-0.505901 0.135164
-0.505501 0.135349
-0.505101 0.135535
-0.504701 0.135721
-0.504301 0.135907
-0.503901 0.136093
-0.503501 0.13628
-0.503101 0.136467
-0.502701 0.136655
-0.5023 0.136843
-0.5019 0.137031
-0.5015 0.13722
-0.5011 0.137409
-0.5007 0.137599
-0.5003 0.137788
-0.4999 0.137979
-0.4995 0.138169
-0.4991 0.13836
-0.4987 0.138551
-0.4983 0.138743
-0.4979 0.138935
-0.497499 0.139128
-0.497099 0.13932
-0.496699 0.139513
-0.496299 0.139707
-0.495899 0.139901
-0.495499 0.140095
-0.495099 0.14029
-0.494699 0.140485
-0.494299 0.140681
-0.493899 0.140876
-0.493499 0.141073
-0.493099 0.141269
-0.492699 0.141466
-0.492298 0.141664
-0.491898 0.141861
-0.491498 0.14206
-0.491098 0.142258
-0.490698 0.142457
-0.490298 0.142656
-0.489898 0.142856
-0.489498 0.143056
-0.489098 0.143257
-0.488698 0.143458
-0.488298 0.143659
-0.487898 0.143861
-0.487497 0.144063
-0.487097 0.144266
-0.486697 0.144469
-0.486297 0.144672
-0.485897 0.144876
-0.485497 0.14508
-0.485097 0.145285
-0.484697 0.14549
-0.484297 0.145695
-0.483897 0.145901
-0.483497 0.146107
-0.483097 0.146314
-0.482697 0.146521
-0.482296 0.146728
-0.481896 0.146936
-0.481496 0.147144
-0.481096 0.147353
-0.480696 0.147562
-0.480296 0.147772
-0.479896 0.147982
-0.479496 0.148192
-0.479096 0.148403
-0.478696 0.148614
-0.478296 0.148826
-0.477896 0.149038
-0.477495 0.149251
-0.477095 0.149464
-0.476695 0.149677
-0.476295 0.149891
-0.475895 0.150105
-0.475495 0.15032
-0.475095 0.150535
-0.474695 0.150751
-0.474295 0.150967
-0.473895 0.151183
-0.473495 0.1514
-0.473095 0.151618
-0.472695 0.151835
-0.472294 0.152054
-0.471894 0.152272
-0.471494 0.152491
-0.471094 0.152711
-0.470694 0.152931
-0.470294 0.153151
-0.469894 0.153372
-0.469494 0.153594
-0.469094 0.153816
-0.468694 0.154038
-0.468294 0.154261
-0.467894 0.154484
-0.467493 0.154707
-0.467093 0.154931
-0.466693 0.155156
-0.466293 0.155381
-0.465893 0.155607
-0.465493 0.155832
-0.465093 0.156059
-0.464693 0.156286
-0.464293 0.156513
-0.463893 0.156741
-0.463493 0.156969
-0.463093 0.157198
-0.462693 0.157427
-0.462292 0.157657
-0.461892 0.157887
-0.461492 0.158117
-0.461092 0.158349
-0.460692 0.15858
-0.460292 0.158812
-0.459892 0.159045
-0.459492 0.159278
-0.459092 0.159511
-0.458692 0.159745
-0.458292 0.15998
-0.457892 0.160214
-0.457491 0.16045
-0.457091 0.160686
-0.456691 0.160922
-0.456291 0.161159
-0.455891 0.161396
-0.455491 0.161634
-0.455091 0.161873
-0.454691 0.162111
-0.454291 0.162351
-0.453891 0.16259
-0.453491 0.162831
-0.453091 0.163072
-0.452691 0.163313
-0.45229 0.163555
-0.45189 0.163797
-0.45149 0.16404
-0.45109 0.164283
-0.45069 0.164527
-0.45029 0.164771
-0.44989 0.165016
-0.44949 0.165261
-0.44909 0.165507
-0.44869 0.165753
-0.44829 0.166
-0.44789 0.166247
-0.447489 0.166495
-0.447089 0.166744
-0.446689 0.166992
-0.446289 0.167242
-0.445889 0.167492
-0.445489 0.167742
-0.445089 0.167993
-0.444689 0.168245
-0.444289 0.168497
-0.443889 0.168749
-0.443489 0.169002
-0.443089 0.169256
-0.442689 0.16951
-0.442288 0.169765
-0.441888 0.17002
-0.441488 0.170276
-0.441088 0.170532
-0.440688 0.170789
-0.440288 0.171046
-0.439888 0.171304
-0.439488 0.171562
-0.439088 0.171821
-0.438688 0.172081
-0.438288 0.172341
-0.437888 0.172601
-0.437487 0.172863
-0.437087 0.173124
-0.436687 0.173387
-0.436287 0.17365
-0.435887 0.173913
-0.435487 0.174177
-0.435087 0.174441
-0.434687 0.174706
-0.434287 0.174972
-0.433887 0.175238
-0.433487 0.175505
-0.433087 0.175772
-0.432687 0.17604
-0.432286 0.176309
-0.431886 0.176578
-0.431486 0.176847
-0.431086 0.177118
-0.430686 0.177388
-0.430286 0.17766
-0.429886 0.177932
-0.429486 0.178204
-0.429086 0.178477
-0.428686 0.178751
-0.428286 0.179025
-0.427886 0.1793
-0.427485 0.179576
-0.427085 0.179852
-0.426685 0.180128
-0.426285 0.180406
-0.425885 0.180684
-0.425485 0.180962
-0.425085 0.181241
-0.424685 0.181521
-0.424285 0.181801
-0.423885 0.182082
-0.423485 0.182363
-0.423085 0.182645
-0.422685 0.182928
-0.422284 0.183211
-0.421884 0.183495
-0.421484 0.18378
-0.421084 0.184065
-0.420684 0.18435
-0.420284 0.184637
-0.419884 0.184924
-0.419484 0.185211
-0.419084 0.1855
-0.418684 0.185788
-0.418284 0.186078
-0.417884 0.186368
-0.417483 0.186659
-0.417083 0.18695
-0.416683 0.187242
-0.416283 0.187535
-0.415883 0.187828
-0.415483 0.188122
-0.415083 0.188416
-0.414683 0.188711
-0.414283 0.189007
-0.413883 0.189304
-0.413483 0.189601
-0.413083 0.189898
-0.412683 0.190197
-0.412282 0.190496
-0.411882 0.190796
-0.411482 0.191096
-0.411082 0.191397
-0.410682 0.191699
-0.410282 0.192001
-0.409882 0.192304
-0.409482 0.192607
-0.409082 0.192912
-0.408682 0.193217
-0.408282 0.193522
-0.407882 0.193828
-0.407481 0.194135
-0.407081 0.194443
-0.406681 0.194751
-0.406281 0.19506
-0.405881 0.19537
-0.405481 0.19568
-0.405081 0.195991
-0.404681 0.196303
-0.404281 0.196615
-0.403881 0.196928
-0.403481 0.197242
-0.403081 0.197556
-0.402681 0.197871
-0.40228 0.198187
-0.40188 0.198503
-0.40148 0.198821
-0.40108 0.199138
-0.40068 0.199457
-0.40028 0.199776
-0.39988 0.200096
-0.39948 0.200417
-0.39908 0.200738
-0.39868 0.20106
-0.39828 0.201383
-0.39788 0.201706
-0.397479 0.20203
-0.397079 0.202355
-0.396679 0.202681
-0.396279 0.203007
-0.395879 0.203334
-0.395479 0.203662
-0.395079 0.20399
-0.394679 0.204319
-0.394279 0.204649
-0.393879 0.20498
-0.393479 0.205311
-0.393079 0.205643
-0.392679 0.205976
-0.392278 0.206309
-0.391878 0.206644
-0.391478 0.206979
-0.391078 0.207315
-0.390678 0.207651
-0.390278 0.207988
-0.389878 0.208326
-0.389478 0.208665
-0.389078 0.209005
-0.388678 0.209345
-0.388278 0.209686
-0.387878 0.210028
-0.387477 0.21037
-0.387077 0.210714
-0.386677 0.211058
-0.386277 0.211403
-0.385877 0.211748
-0.385477 0.212095
-0.385077 0.212442
-0.384677 0.21279
-0.384277 0.213139
-0.383877 0.213488
-0.383477 0.213839
-0.383077 0.21419
-0.382677 0.214542
-0.382276 0.214894
-0.381876 0.215248
-0.381476 0.215602
-0.381076 0.215957
-0.380676 0.216313
-0.380276 0.21667
-0.379876 0.217027
-0.379476 0.217385
-0.379076 0.217745
-0.378676 0.218104
-0.378276 0.218465
-0.377876 0.218827
-0.377475 0.219189
-0.377075 0.219552
-0.376675 0.219916
-0.376275 0.220281
-0.375875 0.220647
-0.375475 0.221013
-0.375075 0.221381
-0.374675 0.221749
-0.374275 0.222118
-0.373875 0.222488
-0.373475 0.222858
-0.373075 0.22323
-0.372675 0.223602
-0.372274 0.223975
-0.371874 0.224349
-0.371474 0.224724
-0.371074 0.2251
-0.370674 0.225477
-0.370274 0.225854
-0.369874 0.226232
-0.369474 0.226612
-0.369074 0.226992
-0.368674 0.227372
-0.368274 0.227754
-0.367874 0.228137
-0.367473 0.22852
-0.367073 0.228905
-0.366673 0.22929
-0.366273 0.229676
-0.365873 0.230063
-0.365473 0.230451
-0.365073 0.23084
-0.364673 0.23123
-0.364273 0.23162
-0.363873 0.232012
-0.363473 0.232404
-0.363073 0.232797
-0.362673 0.233191
-0.362272 0.233587
-0.361872 0.233982
-0.361472 0.234379
-0.361072 0.234777
-0.360672 0.235176
-0.360272 0.235575
-0.359872 0.235976
-0.359472 0.236377
-0.359072 0.23678
-0.358672 0.237183
-0.358272 0.237587
-0.357872 0.237992
-0.357471 0.238398
-0.357071 0.238805
-0.356671 0.239213
-0.356271 0.239622
-0.355871 0.240032
-0.355471 0.240442
-0.355071 0.240854
-0.354671 0.241267
-0.354271 0.24168
-0.353871 0.242095
-0.353471 0.24251
-0.353071 0.242926
-0.352671 0.243344
-0.35227 0.243762
-0.35187 0.244181
-0.35147 0.244601
-0.35107 0.245023
-0.35067 0.245445
-0.35027 0.245868
-0.34987 0.246292
-0.34947 0.246717
-0.34907 0.247143
-0.34867 0.24757
-0.34827 0.247998
-0.34787 0.248427
-0.347469 0.248857
-0.347069 0.249287
-0.346669 0.249719
-0.346269 0.250152
-0.345869 0.250586
-0.345469 0.251021
-0.345069 0.251457
-0.344669 0.251894
-0.344269 0.252332
-0.343869 0.252771
-0.343469 0.253211
-0.343069 0.253651
-0.342669 0.254093
-0.342268 0.254536
-0.341868 0.25498
-0.341468 0.255425
-0.341068 0.255872
-0.340668 0.256319
-0.340268 0.256767
-0.339868 0.257216
-0.339468 0.257666
-0.339068 0.258118
-0.338668 0.25857
-0.338268 0.259023
-0.337868 0.259478
-0.337467 0.259933
-0.337067 0.26039
-0.336667 0.260847
-0.336267 0.261306
-0.335867 0.261766
-0.335467 0.262227
-0.335067 0.262688
-0.334667 0.263151
-0.334267 0.263615
-0.333867 0.264081
-0.333467 0.264547
-0.333067 0.265014
-0.332667 0.265483
-0.332266 0.265952
-0.331866 0.266423
-0.331466 0.266894
-0.331066 0.267367
-0.330666 0.267841
-0.330266 0.268316
-0.329866 0.268792
-0.329466 0.26927
-0.329066 0.269748
-0.328666 0.270228
-0.328266 0.270708
-0.327866 0.27119
-0.327465 0.271673
-0.327065 0.272157
-0.326665 0.272642
-0.326265 0.273128
-0.325865 0.273616
-0.325465 0.274104
-0.325065 0.274594
-0.324665 0.275085
-0.324265 0.275577
-0.323865 0.27607
-0.323465 0.276565
-0.323065 0.27706
-0.322665 0.277557
-0.322264 0.278055
-0.321864 0.278554
-0.321464 0.279054
-0.321064 0.279555
-0.320664 0.280058
-0.320264 0.280562
-0.319864 0.281067
-0.319464 0.281573
-0.319064 0.28208
-0.318664 0.282589
-0.318264 0.283098
-0.317864 0.283609
-0.317463 0.284121
-0.317063 0.284635
-0.316663 0.285149
-0.316263 0.285665
-0.315863 0.286182
-0.315463 0.2867
-0.315063 0.287219
-0.314663 0.28774
-0.314263 0.288262
-0.313863 0.288785
-0.313463 0.289309
-0.313063 0.289835
-0.312663 0.290362
-0.312262 0.29089
-0.311862 0.291419
-0.311462 0.29195
-0.311062 0.292481
-0.310662 0.293014
-0.310262 0.293549
-0.309862 0.294084
-0.309462 0.294621
-0.309062 0.295159
-0.308662 0.295699
-0.308262 0.296239
-0.307862 0.296781
-0.307461 0.297324
-0.307061 0.297869
-0.306661 0.298414
-0.306261 0.298962
-0.305861 0.29951
-0.305461 0.300059
-0.305061 0.30061
-0.304661 0.301163
-0.304261 0.301716
-0.303861 0.302271
-0.303461 0.302827
-0.303061 0.303384
-0.302661 0.303943
-0.30226 0.304503
-0.30186 0.305065
-0.30146 0.305627
-0.30106 0.306191
-0.30066 0.306757
-0.30026 0.307323
-0.29986 0.307891
-0.29946 0.308461
-0.29906 0.309031
-0.29866 0.309603
-0.29826 0.310177
-0.29786 0.310751
-0.297459 0.311327
-0.297059 0.311905
-0.296659 0.312484
-0.296259 0.313064
-0.295859 0.313645
-0.295459 0.314228
-0.295059 0.314812
-0.294659 0.315398
-0.294259 0.315985
-0.293859 0.316574
-0.293459 0.317163
-0.293059 0.317755
-0.292659 0.318347
-0.292258 0.318941
-0.291858 0.319536
-0.291458 0.320133
-0.291058 0.320731
-0.290658 0.321331
-0.290258 0.321932
-0.289858 0.322534
-0.289458 0.323138
-0.289058 0.323744
-0.288658 0.32435
-0.288258 0.324958
-0.287858 0.325568
-0.287457 0.326179
-0.287057 0.326792
-0.286657 0.327405
-0.286257 0.328021
-0.285857 0.328638
-0.285457 0.329256
-0.285057 0.329876
-0.284657 0.330497
-0.284257 0.331119
-0.283857 0.331744
-0.283457 0.332369
-0.283057 0.332996
-0.282657 0.333625
-0.282256 0.334255
-0.281856 0.334886
-0.281456 0.335519
-0.281056 0.336154
-0.280656 0.33679
-0.280256 0.337427
-0.279856 0.338066
-0.279456 0.338707
-0.279056 0.339349
-0.278656 0.339992
-0.278256 0.340637
-0.277856 0.341284
-0.277455 0.341932
-0.277055 0.342582
-0.276655 0.343233
-0.276255 0.343886
-0.275855 0.34454
-0.275455 0.345196
-0.275055 0.345853
-0.274655 0.346512
-0.274255 0.347172
-0.273855 0.347834
-0.273455 0.348498
-0.273055 0.349163
-0.272655 0.34983
-0.272254 0.350498
-0.271854 0.351168
-0.271454 0.351839
-0.271054 0.352512
-0.270654 0.353187
-0.270254 0.353863
-0.269854 0.35454
-0.269454 0.35522
-0.269054 0.355901
-0.268654 0.356583
-0.268254 0.357267
-0.267854 0.357953
-0.267453 0.35864
-0.267053 0.359329
-0.266653 0.36002
-0.266253 0.360712
-0.265853 0.361406
-0.265453 0.362101
-0.265053 0.362798
-0.264653 0.363497
-0.264253 0.364197
-0.263853 0.364899
-0.263453 0.365603
-0.263053 0.366308
-0.262653 0.367015
-0.262252 0.367724
-0.261852 0.368434
-0.261452 0.369146
-0.261052 0.36986
-0.260652 0.370575
-0.260252 0.371292
-0.259852 0.37201
-0.259452 0.372731
-0.259052 0.373453
-0.258652 0.374176
-0.258252 0.374902
-0.257852 0.375629
-0.257451 0.376357
-0.257051 0.377088
-0.256651 0.37782
-0.256251 0.378554
-0.255851 0.379289
-0.255451 0.380026
-0.255051 0.380765
-0.254651 0.381506
-0.254251 0.382248
-0.253851 0.382993
-0.253451 0.383738
-0.253051 0.384486
-0.252651 0.385235
-0.25225 0.385986
-0.25185 0.386739
-0.25145 0.387494
-0.25105 0.38825
-0.25065 0.389008
-0.25025 0.389768
-0.24985 0.39053
-0.24945 0.391293
-0.24905 0.392058
-0.24865 0.392825
-0.24825 0.393594
-0.24785 0.394364
-0.247449 0.395136
-0.247049 0.39591
-0.246649 0.396686
-0.246249 0.397464
-0.245849 0.398243
-0.245449 0.399024
-0.245049 0.399807
-0.244649 0.400592
-0.244249 0.401378
-0.243849 0.402167
-0.243449 0.402957
-0.243049 0.403749
-0.242649 0.404543
-0.242248 0.405338
-0.241848 0.406135
-0.241448 0.406935
-0.241048 0.407736
-0.240648 0.408538
-0.240248 0.409343
-0.239848 0.410149
-0.239448 0.410958
-0.239048 0.411768
-0.238648 0.41258
-0.238248 0.413393
-0.237848 0.414209
-0.237447 0.415026
-0.237047 0.415846
-0.236647 0.416667
-0.236247 0.41749
-0.235847 0.418314
-0.235447 0.419141
-0.235047 0.419969
-0.234647 0.4208
-0.234247 0.421632
-0.233847 0.422466
-0.233447 0.423302
-0.233047 0.42414
-0.232647 0.424979
-0.232246 0.425821
-0.231846 0.426664
-0.231446 0.427509
-0.231046 0.428356
-0.230646 0.429205
-0.230246 0.430056
-0.229846 0.430909
-0.229446 0.431764
-0.229046 0.43262
-0.228646 0.433479
-0.228246 0.434339
-0.227846 0.435201
-0.227445 0.436065
-0.227045 0.436931
-0.226645 0.437799
-0.226245 0.438669
-0.225845 0.43954
-0.225445 0.440414
-0.225045 0.44129
-0.224645 0.442167
-0.224245 0.443046
-0.223845 0.443928
-0.223445 0.444811
-0.223045 0.445696
-0.222645 0.446583
-0.222244 0.447472
-0.221844 0.448363
-0.221444 0.449255
-0.221044 0.45015
-0.220644 0.451047
-0.220244 0.451945
-0.219844 0.452846
-0.219444 0.453748
-0.219044 0.454653
-0.218644 0.455559
-0.218244 0.456468
-0.217844 0.457378
-0.217443 0.45829
-0.217043 0.459204
-0.216643 0.46012
-0.216243 0.461039
-0.215843 0.461959
-0.215443 0.462881
-0.215043 0.463805
-0.214643 0.464731
-0.214243 0.465659
-0.213843 0.466589
-0.213443 0.467521
-0.213043 0.468455
-0.212643 0.46939
-0.212242 0.470328
-0.211842 0.471268
-0.211442 0.47221
-0.211042 0.473154
-0.210642 0.4741
-0.210242 0.475048
-0.209842 0.475997
-0.209442 0.476949
-0.209042 0.477903
-0.208642 0.478859
-0.208242 0.479817
-0.207842 0.480777
-0.207441 0.481739
-0.207041 0.482702
-0.206641 0.483668
-0.206241 0.484636
-0.205841 0.485606
-0.205441 0.486578
-0.205041 0.487552
-0.204641 0.488528
-0.204241 0.489507
-0.203841 0.490487
-0.203441 0.491469
-0.203041 0.492453
-0.202641 0.493439
-0.20224 0.494428
-0.20184 0.495418
-0.20144 0.49641
-0.20104 0.497405
-0.20064 0.498401
-0.20024 0.4994
-0.19984 0.5004
-0.19944 0.501403
-0.19904 0.502408
-0.19864 0.503415
-0.19824 0.504424
-0.19784 0.505434
-0.197439 0.506447
-0.197039 0.507462
-0.196639 0.508479
-0.196239 0.509498
-0.195839 0.510519
-0.195439 0.511543
-0.195039 0.512568
-0.194639 0.513595
-0.194239 0.514624
-0.193839 0.515655
-0.193439 0.516688
-0.193039 0.517723
-0.192639 0.51876
-0.192238 0.5198
-0.191838 0.520841
-0.191438 0.521884
-0.191038 0.522929
-0.190638 0.523976
-0.190238 0.525025
-0.189838 0.526076
-0.189438 0.527129
-0.189038 0.528184
-0.188638 0.529241
-0.188238 0.5303
-0.187838 0.531361
-0.187437 0.532424
-0.187037 0.533488
-0.186637 0.534555
-0.186237 0.535624
-0.185837 0.536694
-0.185437 0.537767
-0.185037 0.538841
-0.184637 0.539918
-0.184237 0.540996
-0.183837 0.542076
-0.183437 0.543158
-0.183037 0.544242
-0.182637 0.545328
-0.182236 0.546416
-0.181836 0.547506
-0.181436 0.548597
-0.181036 0.549691
-0.180636 0.550786
-0.180236 0.551884
-0.179836 0.552983
-0.179436 0.554084
-0.179036 0.555187
-0.178636 0.556292
-0.178236 0.557398
-0.177836 0.558507
-0.177435 0.559617
-0.177035 0.560729
-0.176635 0.561844
-0.176235 0.56296
-0.175835 0.564077
-0.175435 0.565197
-0.175035 0.566319
-0.174635 0.567442
-0.174235 0.568567
-0.173835 0.569694
-0.173435 0.570823
-0.173035 0.571954
-0.172635 0.573086
-0.172234 0.57422
-0.171834 0.575356
-0.171434 0.576494
-0.171034 0.577634
-0.170634 0.578775
-0.170234 0.579919
-0.169834 0.581064
-0.169434 0.582211
-0.169034 0.583359
-0.168634 0.58451
-0.168234 0.585662
-0.167834 0.586816
-0.167433 0.587972
-0.167033 0.589129
-0.166633 0.590288
-0.166233 0.59145
-0.165833 0.592612
-0.165433 0.593777
-0.165033 0.594943
-0.164633 0.596111
-0.164233 0.597281
-0.163833 0.598453
-0.163433 0.599626
-0.163033 0.600801
-0.162633 0.601978
-0.162232 0.603156
-0.161832 0.604336
-0.161432 0.605518
-0.161032 0.606702
-0.160632 0.607887
-0.160232 0.609074
-0.159832 0.610263
-0.159432 0.611453
-0.159032 0.612645
-0.158632 0.613839
-0.158232 0.615034
-0.157832 0.616232
-0.157431 0.61743
-0.157031 0.618631
-0.156631 0.619833
-0.156231 0.621037
-0.155831 0.622243
-0.155431 0.62345
-0.155031 0.624659
-0.154631 0.625869
-0.154231 0.627081
-0.153831 0.628295
-0.153431 0.629511
-0.153031 0.630728
-0.152631 0.631946
-0.15223 0.633167
-0.15183 0.634389
-0.15143 0.635612
-0.15103 0.636838
-0.15063 0.638064
-0.15023 0.639293
-0.14983 0.640523
-0.14943 0.641755
-0.14903 0.642988
-0.14863 0.644223
-0.14823 0.645459
-0.14783 0.646697
-0.147429 0.647936
-0.147029 0.649177
-0.146629 0.65042
-0.146229 0.651663
-0.145829 0.652909
-0.145429 0.654155
-0.145029 0.655403
-0.144629 0.656653
-0.144229 0.657903
-0.143829 0.659155
-0.143429 0.660409
-0.143029 0.661664
-0.142629 0.662919
-0.142228 0.664177
-0.141828 0.665435
-0.141428 0.666695
-0.141028 0.667955
-0.140628 0.669217
-0.140228 0.670481
-0.139828 0.671745
-0.139428 0.67301
-0.139028 0.674277
-0.138628 0.675544
-0.138228 0.676813
-0.137828 0.678083
-0.137427 0.679353
-0.137027 0.680625
-0.136627 0.681898
-0.136227 0.683171
-0.135827 0.684446
-0.135427 0.685721
-0.135027 0.686998
-0.134627 0.688275
-0.134227 0.689553
-0.133827 0.690832
-0.133427 0.692112
-0.133027 0.693393
-0.132627 0.694674
-0.132226 0.695956
-0.131826 0.697239
-0.131426 0.698523
-0.131026 0.699807
-0.130626 0.701092
-0.130226 0.702378
-0.129826 0.703664
-0.129426 0.704951
-0.129026 0.706239
-0.128626 0.707527
-0.128226 0.708816
-0.127826 0.710105
-0.127425 0.711395
-0.127025 0.712686
-0.126625 0.713976
-0.126225 0.715268
-0.125825 0.71656
-0.125425 0.717852
-0.125025 0.719144
-0.124625 0.720438
-0.124225 0.721731
-0.123825 0.723025
-0.123425 0.724319
-0.123025 0.725613
-0.122625 0.726908
-0.122224 0.728203
-0.121824 0.729498
-0.121424 0.730794
-0.121024 0.73209
-0.120624 0.733386
-0.120224 0.734682
-0.119824 0.735978
-0.119424 0.737275
-0.119024 0.738571
-0.118624 0.739868
-0.118224 0.741165
-0.117824 0.742462
-0.117423 0.743758
-0.117023 0.745055
-0.116623 0.746352
-0.116223 0.747649
-0.115823 0.748946
-0.115423 0.750243
-0.115023 0.75154
-0.114623 0.752836
-0.114223 0.754133
-0.113823 0.75543
-0.113423 0.756726
-0.113023 0.758022
-0.112623 0.759318
-0.112222 0.760614
-0.111822 0.761909
-0.111422 0.763205
-0.111022 0.7645
-0.110622 0.765794
-0.110222 0.767089
-0.109822 0.768383
-0.109422 0.769677
-0.109022 0.77097
-0.108622 0.772263
-0.108222 0.773556
-0.107822 0.774848
-0.107421 0.77614
-0.107021 0.777431
-0.106621 0.778722
-0.106221 0.780013
-0.105821 0.781303
-0.105421 0.782592
-0.105021 0.783881
-0.104621 0.785169
-0.104221 0.786457
-0.103821 0.787744
-0.103421 0.78903
-0.103021 0.790316
-0.102621 0.791601
-0.10222 0.792885
-0.10182 0.794169
-0.10142 0.795452
-0.10102 0.796734
-0.10062 0.798015
-0.10022 0.799296
-0.09982 0.800576
-0.0994199 0.801855
-0.0990198 0.803133
-0.0986197 0.80441
-0.0982196 0.805686
-0.0978196 0.806962
-0.0974195 0.808236
-0.0970194 0.809509
-0.0966193 0.810781
-0.0962192 0.812052
-0.0958192 0.813322
-0.0954191 0.814591
-0.095019 0.815858
-0.0946189 0.817124
-0.0942188 0.818389
-0.0938188 0.819652
-0.0934187 0.820914
-0.0930186 0.822175
-0.0926185 0.823434
-0.0922184 0.824691
-0.0918184 0.825947
-0.0914183 0.827201
-0.0910182 0.828454
-0.0906181 0.829705
-0.090218 0.830954
-0.089818 0.832202
-0.0894179 0.833448
-0.0890178 0.834692
-0.0886177 0.835934
-0.0882176 0.837174
-0.0878176 0.838412
-0.0874175 0.839649
-0.0870174 0.840883
-0.0866173 0.842115
-0.0862172 0.843345
-0.0858172 0.844573
-0.0854171 0.845799
-0.085017 0.847023
-0.0846169 0.848244
-0.0842168 0.849463
-0.0838168 0.85068
-0.0834167 0.851895
-0.0830166 0.853107
-0.0826165 0.854316
-0.0822164 0.855523
-0.0818164 0.856728
-0.0814163 0.85793
-0.0810162 0.85913
-0.0806161 0.860327
-0.080216 0.861521
-0.079816 0.862712
-0.0794159 0.863901
-0.0790158 0.865087
-0.0786157 0.86627
-0.0782156 0.867451
-0.0778156 0.868628
-0.0774155 0.869803
-0.0770154 0.870974
-0.0766153 0.872143
-0.0762152 0.873308
-0.0758152 0.874471
-0.0754151 0.87563
-0.075015 0.876786
-0.0746149 0.877939
-0.0742148 0.879089
-0.0738148 0.880235
-0.0734147 0.881378
-0.0730146 0.882518
-0.0726145 0.883654
-0.0722144 0.884787
-0.0718144 0.885917
-0.0714143 0.887043
-0.0710142 0.888165
-0.0706141 0.889284
-0.070214 0.8904
-0.069814 0.891511
-0.0694139 0.892619
-0.0690138 0.893723
-0.0686137 0.894824
-0.0682136 0.89592
-0.0678136 0.897013
-0.0674135 0.898102
-0.0670134 0.899187
-0.0666133 0.900268
-0.0662132 0.901345
-0.0658132 0.902418
-0.0654131 0.903487
-0.065013 0.904552
-0.0646129 0.905613
-0.0642128 0.906669
-0.0638128 0.907722
-0.0634127 0.90877
-0.0630126 0.909813
-0.0626125 0.910853
-0.0622124 0.911888
-0.0618124 0.912918
-0.0614123 0.913944
-0.0610122 0.914966
-0.0606121 0.915983
-0.060212 0.916996
-0.059812 0.918004
-0.0594119 0.919007
-0.0590118 0.920006
-0.0586117 0.920999
-0.0582116 0.921989
-0.0578116 0.922973
-0.0574115 0.923952
-0.0570114 0.924927
-0.0566113 0.925897
-0.0562112 0.926862
-0.0558112 0.927821
-0.0554111 0.928776
-0.055011 0.929726
-0.0546109 0.93067
-0.0542108 0.93161
-0.0538108 0.932544
-0.0534107 0.933473
-0.0530106 0.934397
-0.0526105 0.935316
-0.0522104 0.936229
-0.0518104 0.937137
-0.0514103 0.938039
-0.0510102 0.938936
-0.0506101 0.939828
-0.05021 0.940714
-0.04981 0.941594
-0.0494099 0.942469
-0.0490098 0.943338
-0.0486097 0.944202
-0.0482096 0.94506
-0.0478096 0.945912
-0.0474095 0.946758
-0.0470094 0.947599
-0.0466093 0.948434
-0.0462092 0.949264
-0.0458092 0.950087
-0.0454091 0.950905
-0.045009 0.951716
-0.0446089 0.952522
-0.0442088 0.953322
-0.0438088 0.954117
-0.0434087 0.954905
-0.0430086 0.955687
-0.0426085 0.956463
-0.0422084 0.957234
-0.0418084 0.957998
-0.0414083 0.958756
-0.0410082 0.959508
-0.0406081 0.960254
-0.040208 0.960994
-0.039808 0.961727
-0.0394079 0.962455
-0.0390078 0.963176
-0.0386077 0.963891
-0.0382076 0.9646
-0.0378076 0.965303
-0.0374075 0.965999
-0.0370074 0.966689
-0.0366073 0.967372
-0.0362072 0.96805
-0.0358072 0.968721
-0.0354071 0.969385
-0.035007 0.970043
-0.0346069 0.970695
-0.0342068 0.97134
-0.0338068 0.971978
-0.0334067 0.97261
-0.0330066 0.973236
-0.0326065 0.973855
-0.0322064 0.974467
-0.0318064 0.975073
-0.0314063 0.975672
-0.0310062 0.976264
-0.0306061 0.97685
-0.030206 0.977429
-0.029806 0.978001
-0.0294059 0.978567
-0.0290058 0.979125
-0.0286057 0.979677
-0.0282056 0.980222
-0.0278056 0.98076
-0.0274055 0.981292
-0.0270054 0.981816
-0.0266053 0.982334
-0.0262052 0.982844
-0.0258052 0.983348
-0.0254051 0.983844
-0.025005 0.984334
-0.0246049 0.984816
-0.0242048 0.985292
-0.0238048 0.98576
-0.0234047 0.986222
-0.0230046 0.986676
-0.0226045 0.987123
-0.0222044 0.987562
-0.0218044 0.987995
-0.0214043 0.98842
-0.0210042 0.988838
-0.0206041 0.989249
-0.020204 0.989653
-0.019804 0.990049
-0.0194039 0.990438
-0.0190038 0.990819
-0.0186037 0.991193
-0.0182036 0.99156
-0.0178036 0.991919
-0.0174035 0.992271
-0.0170034 0.992615
-0.0166033 0.992951
-0.0162032 0.993281
-0.0158032 0.993602
-0.0154031 0.993916
-0.015003 0.994223
-0.0146029 0.994522
-0.0142028 0.994813
-0.0138028 0.995096
-0.0134027 0.995372
-0.0130026 0.99564
-0.0126025 0.9959
-0.0122024 0.996153
-0.0118024 0.996398
-0.0114023 0.996634
-0.0110022 0.996864
-0.0106021 0.997085
-0.010202 0.997298
-0.00980196 0.997503
-0.00940188 0.997701
-0.0090018 0.99789
-0.00860172 0.998072
-0.00820164 0.998246
-0.00780156 0.998411
-0.00740148 0.998569
-0.0070014 0.998718
-0.00660132 0.998859
-0.00620124 0.998992
-0.00580116 0.999117
-0.00540108 0.999234
-0.005001 0.999343
-0.00460092 0.999443
-0.00420084 0.999535
-0.00380076 0.999619
-0.00340068 0.999695
-0.0030006 0.999762
-0.00260052 0.999821
-0.00220044 0.999872
-0.00180036 0.999914
-0.00140028 0.999948
-0.0010002 0.999973
-0.00060012 0.99999
-0.00020004 0.999999
0.00020004 0.999999
0.00060012 0.99999
0.0010002 0.999973
0.00140028 0.999948
0.00180036 0.999914
0.00220044 0.999872
0.00260052 0.999821
0.0030006 0.999762
0.00340068 0.999695
0.00380076 0.999619
0.00420084 0.999535
0.00460092 0.999443
0.005001 0.999343
0.00540108 0.999234
0.00580116 0.999117
0.00620124 0.998992
0.00660132 0.998859
0.0070014 0.998718
0.00740148 0.998569
0.00780156 0.998411
0.00820164 0.998246
0.00860172 0.998072
0.0090018 0.99789
0.00940188 0.997701
0.00980196 0.997503
0.010202 0.997298
0.0106021 0.997085
0.0110022 0.996864
0.0114023 0.996634
0.0118024 0.996398
0.0122024 0.996153
0.0126025 0.9959
0.0130026 0.99564
0.0134027 0.995372
0.0138028 0.995096
0.0142028 0.994813
0.0146029 0.994522
0.015003 0.994223
0.0154031 0.993916
0.0158032 0.993602
0.0162032 0.993281
0.0166033 0.992951
0.0170034 0.992615
0.0174035 0.992271
0.0178036 0.991919
0.0182036 0.99156
0.0186037 0.991193
0.0190038 0.990819
0.0194039 0.990438
0.019804 0.990049
0.020204 0.989653
0.0206041 0.989249
0.0210042 0.988838
0.0214043 0.98842
0.0218044 0.987995
0.0222044 0.987562
0.0226045 0.987123
0.0230046 0.986676
0.0234047 0.986222
0.0238048 0.98576
0.0242048 0.985292
0.0246049 0.984816
0.025005 0.984334
0.0254051 0.983844
0.0258052 0.983348
0.0262052 0.982844
0.0266053 0.982334
0.0270054 0.981816
0.0274055 0.981292
0.0278056 0.98076
0.0282056 0.980222
0.0286057 0.979677
0.0290058 0.979125
0.0294059 0.978567
0.029806 0.978001
0.030206 0.977429
0.0306061 0.97685
0.0310062 0.976264
0.0314063 0.975672
0.0318064 0.975073
0.0322064 0.974467
0.0326065 0.973855
0.0330066 0.973236
0.0334067 0.97261
0.0338068 0.971978
0.0342068 0.97134
0.0346069 0.970695
0.035007 0.970043
0.0354071 0.969385
0.0358072 0.968721
0.0362072 0.96805
0.0366073 0.967372
0.0370074 0.966689
0.0374075 0.965999
0.0378076 0.965303
0.0382076 0.9646
0.0386077 0.963891
0.0390078 0.963176
0.0394079 0.962455
0.039808 0.961727
0.040208 0.960994
0.0406081 0.960254
0.0410082 0.959508
0.0414083 0.958756
0.0418084 0.957998
0.0422084 0.957234
0.0426085 0.956463
0.0430086 0.955687
0.0434087 0.954905
0.0438088 0.954117
0.0442088 0.953322
0.0446089 0.952522
0.045009 0.951716
0.0454091 0.950905
0.0458092 0.950087
0.0462092 0.949264
0.0466093 0.948434
0.0470094 0.947599
0.0474095 0.946758
0.0478096 0.945912
0.0482096 0.94506
0.0486097 0.944202
0.0490098 0.943338
0.0494099 0.942469
0.04981 0.941594
0.05021 0.940714
0.0506101 0.939828
0.0510102 0.938936
0.0514103 0.938039
0.0518104 0.937137
0.0522104 0.936229
0.0526105 0.935316
0.0530106 0.934397
0.0534107 0.933473
0.0538108 0.932544
0.0542108 0.93161
0.0546109 0.93067
0.055011 0.929726
0.0554111 0.928776
0.0558112 0.927821
0.0562112 0.926862
0.0566113 0.925897
0.0570114 0.924927
0.0574115 0.923952
0.0578116 0.922973
0.0582116 0.921989
0.0586117 0.920999
0.0590118 0.920006
0.0594119 0.919007
0.059812 0.918004
0.060212 0.916996
0.0606121 0.915983
0.0610122 0.914966
0.0614123 0.913944
0.0618124 0.912918
0.0622124 0.911888
0.0626125 0.910853
0.0630126 0.909813
0.0634127 0.90877
0.0638128 0.907722
0.0642128 0.906669
0.0646129 0.905613
0.065013 0.904552
0.0654131 0.903487
0.0658132 0.902418
0.0662132 0.901345
0.0666133 0.900268
0.0670134 0.899187
0.0674135 0.898102
0.0678136 0.897013
0.0682136 0.89592
0.0686137 0.894824
0.0690138 0.893723
0.0694139 0.892619
0.069814 0.891511
0.070214 0.8904
0.0706141 0.889284
0.0710142 0.888165
0.0714143 0.887043
0.0718144 0.885917
0.0722144 0.884787
0.0726145 0.883654
0.0730146 0.882518
0.0734147 0.881378
0.0738148 0.880235
0.0742148 0.879089
0.0746149 0.877939
0.075015 0.876786
0.0754151 0.87563
0.0758152 0.874471
0.0762152 0.873308
0.0766153 0.872143
0.0770154 0.870974
0.0774155 0.869803
0.0778156 0.868628
0.0782156 0.867451
0.0786157 0.86627
0.0790158 0.865087
0.0794159 0.863901
0.079816 0.862712
0.080216 0.861521
0.0806161 0.860327
0.0810162 0.85913
0.0814163 0.85793
0.0818164 0.856728
0.0822164 0.855523
0.0826165 0.854316
0.0830166 0.853107
0.0834167 0.851895
0.0838168 0.85068
0.0842168 0.849463
0.0846169 0.848244
0.085017 0.847023
0.0854171 0.845799
0.0858172 0.844573
0.0862172 0.843345
0.0866173 0.842115
0.0870174 0.840883
0.0874175 0.839649
0.0878176 0.838412
0.0882176 0.837174
0.0886177 0.835934
0.0890178 0.834692
0.0894179 0.833448
0.089818 0.832202
0.090218 0.830954
0.0906181 0.829705
0.0910182 0.828454
0.0914183 0.827201
0.0918184 0.825947
0.0922184 0.824691
0.0926185 0.823434
0.0930186 0.822175
0.0934187 0.820914
0.0938188 0.819652
0.0942188 0.818389
0.0946189 0.817124
0.095019 0.815858
0.0954191 0.814591
0.0958192 0.813322
0.0962192 0.812052
0.0966193 0.810781
0.0970194 0.809509
0.0974195 0.808236
0.0978196 0.806962
0.0982196 0.805686
0.0986197 0.80441
0.0990198 0.803133
0.0994199 0.801855
0.09982 0.800576
0.10022 0.799296
0.10062 0.798015
0.10102 0.796734
0.10142 0.795452
0.10182 0.794169
0.10222 0.792885
0.102621 0.791601
0.103021 0.790316
0.103421 0.78903
0.103821 0.787744
0.104221 0.786457
0.104621 0.785169
0.105021 0.783881
0.105421 0.782592
0.105821 0.781303
0.106221 0.780013
0.106621 0.778722
0.107021 0.777431
0.107421 0.77614
0.107822 0.774848
0.108222 0.773556
0.108622 0.772263
0.109022 0.77097
0.109422 0.769677
0.109822 0.768383
0.110222 0.767089
0.110622 0.765794
0.111022 0.7645
0.111422 0.763205
0.111822 0.761909
0.112222 0.760614
0.112623 0.759318
0.113023 0.758022
0.113423 0.756726
0.113823 0.75543
0.114223 0.754133
0.114623 0.752836
0.115023 0.75154
0.115423 0.750243
0.115823 0.748946
0.116223 0.747649
0.116623 0.746352
0.117023 0.745055
0.117423 0.743758
0.117824 0.742462
0.118224 0.741165
0.118624 0.739868
0.119024 0.738571
0.119424 0.737275
0.119824 0.735978
0.120224 0.734682
0.120624 0.733386
0.121024 0.73209
0.121424 0.730794
0.121824 0.729498
0.122224 0.728203
0.122625 0.726908
0.123025 0.725613
0.123425 0.724319
0.123825 0.723025
0.124225 0.721731
0.124625 0.720438
0.125025 0.719144
0.125425 0.717852
0.125825 0.71656
0.126225 0.715268
0.126625 0.713976
0.127025 0.712686
0.127425 0.711395
0.127826 0.710105
0.128226 0.708816
0.128626 0.707527
0.129026 0.706239
0.129426 0.704951
0.129826 0.703664
0.130226 0.702378
0.130626 0.701092
0.131026 0.699807
0.131426 0.698523
0.131826 0.697239
0.132226 0.695956
0.132627 0.694674
0.133027 0.693393
0.133427 0.692112
0.133827 0.690832
0.134227 0.689553
0.134627 0.688275
0.135027 0.686998
0.135427 0.685721
0.135827 0.684446
0.136227 0.683171
0.136627 0.681898
0.137027 0.680625
0.137427 0.679353
0.137828 0.678083
0.138228 0.676813
0.138628 0.675544
0.139028 0.674277
0.139428 0.67301
0.139828 0.671745
0.140228 0.670481
0.140628 0.669217
0.141028 0.667955
0.141428 0.666695
0.141828 0.665435
0.142228 0.664177
0.142629 0.662919
0.143029 0.661664
0.143429 0.660409
0.143829 0.659155
0.144229 0.657903
0.144629 0.656653
0.145029 0.655403
0.145429 0.654155
0.145829 0.652909
0.146229 0.651663
0.146629 0.65042
0.147029 0.649177
0.147429 0.647936
0.14783 0.646697
0.14823 0.645459
0.14863 0.644223
0.14903 0.642988
0.14943 0.641755
0.14983 0.640523
0.15023 0.639293
0.15063 0.638064
0.15103 0.636838
0.15143 0.635612
0.15183 0.634389
0.15223 0.633167
0.152631 0.631946
0.153031 0.630728
0.153431 0.629511
0.153831 0.628295
0.154231 0.627081
0.154631 0.625869
0.155031 0.624659
0.155431 0.62345
0.155831 0.622243
0.156231 0.621037
0.156631 0.619833
0.157031 0.618631
0.157431 0.61743
0.157832 0.616232
0.158232 0.615034
0.158632 0.613839
0.159032 0.612645
0.159432 0.611453
0.159832 0.610263
0.160232 0.609074
0.160632 0.607887
0.161032 0.606702
0.161432 0.605518
0.161832 0.604336
0.162232 0.603156
0.162633 0.601978
0.163033 0.600801
0.163433 0.599626
0.163833 0.598453
0.164233 0.597281
0.164633 0.596111
0.165033 0.594943
0.165433 0.593777
0.165833 0.592612
0.166233 0.59145
0.166633 0.590288
0.167033 0.589129
0.167433 0.587972
0.167834 0.586816
0.168234 0.585662
0.168634 0.58451
0.169034 0.583359
0.169434 0.582211
0.169834 0.581064
0.170234 0.579919
0.170634 0.578775
0.171034 0.577634
0.171434 0.576494
0.171834 0.575356
0.172234 0.57422
0.172635 0.573086
0.173035 0.571954
0.173435 0.570823
0.173835 0.569694
0.174235 0.568567
0.174635 0.567442
0.175035 0.566319
0.175435 0.565197
0.175835 0.564077
0.176235 0.56296
0.176635 0.561844
0.177035 0.560729
0.177435 0.559617
0.177836 0.558507
0.178236 0.557398
0.178636 0.556292
0.179036 0.555187
0.179436 0.554084
0.179836 0.552983
0.180236 0.551884
0.180636 0.550786
0.181036 0.549691
0.181436 0.548597
0.181836 0.547506
0.182236 0.546416
0.182637 0.545328
0.183037 0.544242
0.183437 0.543158
0.183837 0.542076
0.184237 0.540996
0.184637 0.539918
0.185037 0.538841
0.185437 0.537767
0.185837 0.536694
0.186237 0.535624
0.186637 0.534555
0.187037 0.533488
0.187437 0.532424
0.187838 0.531361
0.188238 0.5303
0.188638 0.529241
0.189038 0.528184
0.189438 0.527129
0.189838 0.526076
0.190238 0.525025
0.190638 0.523976
0.191038 0.522929
0.191438 0.521884
0.191838 0.520841
0.192238 0.5198
0.192639 0.51876
0.193039 0.517723
0.193439 0.516688
0.193839 0.515655
0.194239 0.514624
0.194639 0.513595
0.195039 0.512568
0.195439 0.511543
0.195839 0.510519
0.196239 0.509498
0.196639 0.508479
0.197039 0.507462
0.197439 0.506447
0.19784 0.505434
0.19824 0.504424
0.19864 0.503415
0.19904 0.502408
0.19944 0.501403
0.19984 0.5004
0.20024 0.4994
0.20064 0.498401
0.20104 0.497405
0.20144 0.49641
0.20184 0.495418
0.20224 0.494428
0.202641 0.493439
0.203041 0.492453
0.203441 0.491469
0.203841 0.490487
0.204241 0.489507
0.204641 0.488528
0.205041 0.487552
0.205441 0.486578
0.205841 0.485606
0.206241 0.484636
0.206641 0.483668
0.207041 0.482702
0.207441 0.481739
0.207842 0.480777
0.208242 0.479817
0.208642 0.478859
0.209042 0.477903
0.209442 0.476949
0.209842 0.475997
0.210242 0.475048
0.210642 0.4741
0.211042 0.473154
0.211442 0.47221
0.211842 0.471268
0.212242 0.470328
0.212643 0.46939
0.213043 0.468455
0.213443 0.467521
0.213843 0.466589
0.214243 0.465659
0.214643 0.464731
0.215043 0.463805
0.215443 0.462881
0.215843 0.461959
0.216243 0.461039
0.216643 0.46012
0.217043 0.459204
0.217443 0.45829
0.217844 0.457378
0.218244 0.456468
0.218644 0.455559
0.219044 0.454653
0.219444 0.453748
0.219844 0.452846
0.220244 0.451945
0.220644 0.451047
0.221044 0.45015
0.221444 0.449255
0.221844 0.448363
0.222244 0.447472
0.222645 0.446583
0.223045 0.445696
0.223445 0.444811
0.223845 0.443928
0.224245 0.443046
0.224645 0.442167
0.225045 0.44129
0.225445 0.440414
0.225845 0.43954
0.226245 0.438669
0.226645 0.437799
0.227045 0.436931
0.227445 0.436065
0.227846 0.435201
0.228246 0.434339
0.228646 0.433479
0.229046 0.43262
0.229446 0.431764
0.229846 0.430909
0.230246 0.430056
0.230646 0.429205
0.231046 0.428356
0.231446 0.427509
0.231846 0.426664
0.232246 0.425821
0.232647 0.424979
0.233047 0.42414
0.233447 0.423302
0.233847 0.422466
0.234247 0.421632
0.234647 0.4208
0.235047 0.419969
0.235447 0.419141
0.235847 0.418314
0.236247 0.41749
0.236647 0.416667
0.237047 0.415846
0.237447 0.415026
0.237848 0.414209
0.238248 0.413393
0.238648 0.41258
0.239048 0.411768
0.239448 0.410958
0.239848 0.410149
0.240248 0.409343
0.240648 0.408538
0.241048 0.407736
0.241448 0.406935
0.241848 0.406135
0.242248 0.405338
0.242649 0.404543
0.243049 0.403749
0.243449 0.402957
0.243849 0.402167
0.244249 0.401378
0.244649 0.400592
0.245049 0.399807
0.245449 0.399024
0.245849 0.398243
0.246249 0.397464
0.246649 0.396686
0.247049 0.39591
0.247449 0.395136
0.24785 0.394364
0.24825 0.393594
0.24865 0.392825
0.24905 0.392058
0.24945 0.391293
0.24985 0.39053
0.25025 0.389768
0.25065 0.389008
0.25105 0.38825
0.25145 0.387494
0.25185 0.386739
0.25225 0.385986
0.252651 0.385235
0.253051 0.384486
0.253451 0.383738
0.253851 0.382993
0.254251 0.382248
0.254651 0.381506
0.255051 0.380765
0.255451 0.380026
0.255851 0.379289
0.256251 0.378554
0.256651 0.37782
0.257051 0.377088
0.257451 0.376357
0.257852 0.375629
0.258252 0.374902
0.258652 0.374176
0.259052 0.373453
0.259452 0.372731
0.259852 0.37201
0.260252 0.371292
0.260652 0.370575
0.261052 0.36986
0.261452 0.369146
0.261852 0.368434
0.262252 0.367724
0.262653 0.367015
0.263053 0.366308
0.263453 0.365603
0.263853 0.364899
0.264253 0.364197
0.264653 0.363497
0.265053 0.362798
0.265453 0.362101
0.265853 0.361406
0.266253 0.360712
0.266653 0.36002
0.267053 0.359329
0.267453 0.35864
0.267854 0.357953
0.268254 0.357267
0.268654 0.356583
0.269054 0.355901
0.269454 0.35522
0.269854 0.35454
0.270254 0.353863
0.270654 0.353187
0.271054 0.352512
0.271454 0.351839
0.271854 0.351168
0.272254 0.350498
0.272655 0.34983
0.273055 0.349163
0.273455 0.348498
0.273855 0.347834
0.274255 0.347172
0.274655 0.346512
0.275055 0.345853
0.275455 0.345196
0.275855 0.34454
0.276255 0.343886
0.276655 0.343233
0.277055 0.342582
0.277455 0.341932
0.277856 0.341284
0.278256 0.340637
0.278656 0.339992
0.279056 0.339349
0.279456 0.338707
0.279856 0.338066
0.280256 0.337427
0.280656 0.33679
0.281056 0.336154
0.281456 0.335519
0.281856 0.334886
0.282256 0.334255
0.282657 0.333625
0.283057 0.332996
0.283457 0.332369
0.283857 0.331744
0.284257 0.331119
0.284657 0.330497
0.285057 0.329876
0.285457 0.329256
0.285857 0.328638
0.286257 0.328021
0.286657 0.327405
0.287057 0.326792
0.287457 0.326179
0.287858 0.325568
0.288258 0.324958
0.288658 0.32435
0.289058 0.323744
0.289458 0.323138
0.289858 0.322534
0.290258 0.321932
0.290658 0.321331
0.291058 0.320731
0.291458 0.320133
0.291858 0.319536
0.292258 0.318941
0.292659 0.318347
0.293059 0.317755
0.293459 0.317163
0.293859 0.316574
0.294259 0.315985
0.294659 0.315398
0.295059 0.314812
0.295459 0.314228
0.295859 0.313645
0.296259 0.313064
0.296659 0.312484
0.297059 0.311905
0.297459 0.311327
0.29786 0.310751
0.29826 0.310177
0.29866 0.309603
0.29906 0.309031
0.29946 0.308461
0.29986 0.307891
0.30026 0.307323
0.30066 0.306757
0.30106 0.306191
0.30146 0.305627
0.30186 0.305065
0.30226 0.304503
0.302661 0.303943
0.303061 0.303384
0.303461 0.302827
0.303861 0.302271
0.304261 0.301716
0.304661 0.301163
0.305061 0.30061
0.305461 0.300059
0.305861 0.29951
0.306261 0.298962
0.306661 0.298414
0.307061 0.297869
0.307461 0.297324
0.307862 0.296781
0.308262 0.296239
0.308662 0.295699
0.309062 0.295159
0.309462 0.294621
0.309862 0.294084
0.310262 0.293549
0.310662 0.293014
0.311062 0.292481
0.311462 0.29195
0.311862 0.291419
0.312262 0.29089
0.312663 0.290362
0.313063 0.289835
0.313463 0.289309
0.313863 0.288785
0.314263 0.288262
0.314663 0.28774
0.315063 0.287219
0.315463 0.2867
0.315863 0.286182
0.316263 0.285665
0.316663 0.285149
0.317063 0.284635
0.317463 0.284121
0.317864 0.283609
0.318264 0.283098
0.318664 0.282589
0.319064 0.28208
0.319464 0.281573
0.319864 0.281067
0.320264 0.280562
0.320664 0.280058
0.321064 0.279555
0.321464 0.279054
0.321864 0.278554
0.322264 0.278055
0.322665 0.277557
0.323065 0.27706
0.323465 0.276565
0.323865 0.27607
0.324265 0.275577
0.324665 0.275085
0.325065 0.274594
0.325465 0.274104
0.325865 0.273616
0.326265 0.273128
0.326665 0.272642
0.327065 0.272157
0.327465 0.271673
0.327866 0.27119
0.328266 0.270708
0.328666 0.270228
0.329066 0.269748
0.329466 0.26927
0.329866 0.268792
0.330266 0.268316
0.330666 0.267841
0.331066 0.267367
0.331466 0.266894
0.331866 0.266423
0.332266 0.265952
0.332667 0.265483
0.333067 0.265014
0.333467 0.264547
0.333867 0.264081
0.334267 0.263615
0.334667 0.263151
0.335067 0.262688
0.335467 0.262227
0.335867 0.261766
0.336267 0.261306
0.336667 0.260847
0.337067 0.26039
0.337467 0.259933
0.337868 0.259478
0.338268 0.259023
0.338668 0.25857
0.339068 0.258118
0.339468 0.257666
0.339868 0.257216
0.340268 0.256767
0.340668 0.256319
0.341068 0.255872
0.341468 0.255425
0.341868 0.25498
0.342268 0.254536
0.342669 0.254093
0.343069 0.253651
0.343469 0.253211
0.343869 0.252771
0.344269 0.252332
0.344669 0.251894
0.345069 0.251457
0.345469 0.251021
0.345869 0.250586
0.346269 0.250152
0.346669 0.249719
0.347069 0.249287
0.347469 0.248857
0.34787 0.248427
0.34827 0.247998
0.34867 0.24757
0.34907 0.247143
0.34947 0.246717
0.34987 0.246292
0.35027 0.245868
0.35067 0.245445
0.35107 0.245023
0.35147 0.244601
0.35187 0.244181
0.35227 0.243762
0.352671 0.243344
0.353071 0.242926
0.353471 0.24251
0.353871 0.242095
0.354271 0.24168
0.354671 0.241267
0.355071 0.240854
0.355471 0.240442
0.355871 0.240032
0.356271 0.239622
0.356671 0.239213
0.357071 0.238805
0.357471 0.238398
0.357872 0.237992
0.358272 0.237587
0.358672 0.237183
0.359072 0.23678
0.359472 0.236377
0.359872 0.235976
0.360272 0.235575
0.360672 0.235176
0.361072 0.234777
0.361472 0.234379
0.361872 0.233982
0.362272 0.233587
0.362673 0.233191
0.363073 0.232797
0.363473 0.232404
0.363873 0.232012
0.364273 0.23162
0.364673 0.23123
0.365073 0.23084
0.365473 0.230451
0.365873 0.230063
0.366273 0.229676
0.366673 0.22929
0.367073 0.228905
0.367473 0.22852
0.367874 0.228137
0.368274 0.227754
0.368674 0.227372
0.369074 0.226992
0.369474 0.226612
0.369874 0.226232
0.370274 0.225854
0.370674 0.225477
0.371074 0.2251
0.371474 0.224724
0.371874 0.224349
0.372274 0.223975
0.372675 0.223602
0.373075 0.22323
0.373475 0.222858
0.373875 0.222488
0.374275 0.222118
0.374675 0.221749
0.375075 0.221381
0.375475 0.221013
0.375875 0.220647
0.376275 0.220281
0.376675 0.219916
0.377075 0.219552
0.377475 0.219189
0.377876 0.218827
0.378276 0.218465
0.378676 0.218104
0.379076 0.217745
0.379476 0.217385
0.379876 0.217027
0.380276 0.21667
0.380676 0.216313
0.381076 0.215957
0.381476 0.215602
0.381876 0.215248
0.382276 0.214894
0.382677 0.214542
0.383077 0.21419
0.383477 0.213839
0.383877 0.213488
0.384277 0.213139
0.384677 0.21279
0.385077 0.212442
0.385477 0.212095
0.385877 0.211748
0.386277 0.211403
0.386677 0.211058
0.387077 0.210714
0.387477 0.21037
0.387878 0.210028
0.388278 0.209686
0.388678 0.209345
0.389078 0.209005
0.389478 0.208665
0.389878 0.208326
0.390278 0.207988
0.390678 0.207651
0.391078 0.207315
0.391478 0.206979
0.391878 0.206644
0.392278 0.206309
0.392679 0.205976
0.393079 0.205643
0.393479 0.205311
0.393879 0.20498
0.394279 0.204649
0.394679 0.204319
0.395079 0.20399
0.395479 0.203662
0.395879 0.203334
0.396279 0.203007
0.396679 0.202681
0.397079 0.202355
0.397479 0.20203
0.39788 0.201706
0.39828 0.201383
0.39868 0.20106
0.39908 0.200738
0.39948 0.200417
0.39988 0.200096
0.40028 0.199776
0.40068 0.199457
0.40108 0.199138
0.40148 0.198821
0.40188 0.198503
0.40228 0.198187
0.402681 0.197871
0.403081 0.197556
0.403481 0.197242
0.403881 0.196928
0.404281 0.196615
0.404681 0.196303
0.405081 0.195991
0.405481 0.19568
0.405881 0.19537
0.406281 0.19506
0.406681 0.194751
0.407081 0.194443
0.407481 0.194135
0.407882 0.193828
0.408282 0.193522
0.408682 0.193217
0.409082 0.192912
0.409482 0.192607
0.409882 0.192304
0.410282 0.192001
0.410682 0.191699
0.411082 0.191397
0.411482 0.191096
0.411882 0.190796
0.412282 0.190496
0.412683 0.190197
0.413083 0.189898
0.413483 0.189601
0.413883 0.189304
0.414283 0.189007
0.414683 0.188711
0.415083 0.188416
0.415483 0.188122
0.415883 0.187828
0.416283 0.187535
0.416683 0.187242
0.417083 0.18695
0.417483 0.186659
0.417884 0.186368
0.418284 0.186078
0.418684 0.185788
0.419084 0.1855
0.419484 0.185211
0.419884 0.184924
0.420284 0.184637
0.420684 0.18435
0.421084 0.184065
0.421484 0.18378
0.421884 0.183495
0.422284 0.183211
0.422685 0.182928
0.423085 0.182645
0.423485 0.182363
0.423885 0.182082
0.424285 0.181801
0.424685 0.181521
0.425085 0.181241
0.425485 0.180962
0.425885 0.180684
0.426285 0.180406
0.426685 0.180128
0.427085 0.179852
0.427485 0.179576
0.427886 0.1793
0.428286 0.179025
0.428686 0.178751
0.429086 0.178477
0.429486 0.178204
0.429886 0.177932
0.430286 0.17766
0.430686 0.177388
0.431086 0.177118
0.431486 0.176847
0.431886 0.176578
0.432286 0.176309
0.432687 0.17604
0.433087 0.175772
0.433487 0.175505
0.433887 0.175238
0.434287 0.174972
0.434687 0.174706
0.435087 0.174441
0.435487 0.174177
0.435887 0.173913
0.436287 0.17365
0.436687 0.173387
0.437087 0.173124
0.437487 0.172863
0.437888 0.172601
0.438288 0.172341
0.438688 0.172081
0.439088 0.171821
0.439488 0.171562
0.439888 0.171304
0.440288 0.171046
0.440688 0.170789
0.441088 0.170532
0.441488 0.170276
0.441888 0.17002
0.442288 0.169765
0.442689 0.16951
0.443089 0.169256
0.443489 0.169002
0.443889 0.168749
0.444289 0.168497
0.444689 0.168245
0.445089 0.167993
0.445489 0.167742
0.445889 0.167492
0.446289 0.167242
0.446689 0.166992
0.447089 0.166744
0.447489 0.166495
0.44789 0.166247
0.44829 0.166
0.44869 0.165753
0.44909 0.165507
0.44949 0.165261
0.44989 0.165016
0.45029 0.164771
0.45069 0.164527
0.45109 0.164283
0.45149 0.16404
0.45189 0.163797
0.45229 0.163555
0.452691 0.163313
0.453091 0.163072
0.453491 0.162831
0.453891 0.16259
0.454291 0.162351
0.454691 0.162111
0.455091 0.161873
0.455491 0.161634
0.455891 0.161396
0.456291 0.161159
0.456691 0.160922
0.457091 0.160686
0.457491 0.16045
0.457892 0.160214
0.458292 0.15998
0.458692 0.159745
0.459092 0.159511
0.459492 0.159278
0.459892 0.159045
0.460292 0.158812
0.460692 0.15858
0.461092 0.158349
0.461492 0.158117
0.461892 0.157887
0.462292 0.157657
0.462693 0.157427
0.463093 0.157198
0.463493 0.156969
0.463893 0.156741
0.464293 0.156513
0.464693 0.156286
0.465093 0.156059
0.465493 0.155832
0.465893 0.155607
0.466293 0.155381
0.466693 0.155156
0.467093 0.154931
0.467493 0.154707
0.467894 0.154484
0.468294 0.154261
0.468694 0.154038
0.469094 0.153816
0.469494 0.153594
0.469894 0.153372
0.470294 0.153151
0.470694 0.152931
0.471094 0.152711
0.471494 0.152491
0.471894 0.152272
0.472294 0.152054
0.472695 0.151835
0.473095 0.151618
0.473495 0.1514
0.473895 0.151183
0.474295 0.150967
0.474695 0.150751
0.475095 0.150535
0.475495 0.15032
0.475895 0.150105
0.476295 0.149891
0.476695 0.149677
0.477095 0.149464
0.477495 0.149251
0.477896 0.149038
0.478296 0.148826
0.478696 0.148614
0.479096 0.148403
0.479496 0.148192
0.479896 0.147982
0.480296 0.147772
0.480696 0.147562
0.481096 0.147353
0.481496 0.147144
0.481896 0.146936
0.482296 0.146728
0.482697 0.146521
0.483097 0.146314
0.483497 0.146107
0.483897 0.145901
0.484297 0.145695
0.484697 0.14549
0.485097 0.145285
0.485497 0.14508
0.485897 0.144876
0.486297 0.144672
0.486697 0.144469
0.487097 0.144266
0.487497 0.144063
0.487898 0.143861
0.488298 0.143659
0.488698 0.143458
0.489098 0.143257
0.489498 0.143056
0.489898 0.142856
0.490298 0.142656
0.490698 0.142457
0.491098 0.142258
0.491498 0.14206
0.491898 0.141861
0.492298 0.141664
0.492699 0.141466
0.493099 0.141269
0.493499 0.141073
0.493899 0.140876
0.494299 0.140681
0.494699 0.140485
0.495099 0.14029
0.495499 0.140095
0.495899 0.139901
0.496299 0.139707
0.496699 0.139513
0.497099 0.13932
0.497499 0.139128
0.4979 0.138935
0.4983 0.138743
0.4987 0.138551
0.4991 0.13836
0.4995 0.138169
0.4999 0.137979
0.5003 0.137788
0.5007 0.137599
0.5011 0.137409
0.5015 0.13722
0.5019 0.137031
0.5023 0.136843
0.502701 0.136655
0.503101 0.136467
0.503501 0.13628
0.503901 0.136093
0.504301 0.135907
0.504701 0.135721
0.505101 0.135535
0.505501 0.135349
0.505901 0.135164
0.506301 0.134979
0.506701 0.134795
0.507101 0.134611
0.507502 0.134427
0.507902 0.134244
0.508302 0.134061
0.508702 0.133879
0.509102 0.133696
0.509502 0.133514
0.509902 0.133333
0.510302 0.133152
0.510702 0.132971
0.511102 0.13279
0.511502 0.13261
0.511902 0.13243
0.512302 0.132251
0.512703 0.132072
0.513103 0.131893
0.513503 0.131715
0.513903 0.131537
0.514303 0.131359
0.514703 0.131182
0.515103 0.131004
0.515503 0.130828
0.515903 0.130651
0.516303 0.130475
0.516703 0.1303
0.517103 0.130124
0.517504 0.129949
0.517904 0.129775
0.518304 0.1296
0.518704 0.129426
0.519104 0.129253
0.519504 0.129079
0.519904 0.128906
0.520304 0.128734
0.520704 0.128561
0.521104 0.128389
0.521504 0.128218
0.521904 0.128046
0.522304 0.127875
0.522705 0.127704
0.523105 0.127534
0.523505 0.127364
0.523905 0.127194
0.524305 0.127025
0.524705 0.126856
0.525105 0.126687
0.525505 0.126519
0.525905 0.126351
0.526305 0.126183
0.526705 0.126015
0.527105 0.125848
0.527506 0.125681
0.527906 0.125515
0.528306 0.125349
0.528706 0.125183
0.529106 0.125017
0.529506 0.124852
0.529906 0.124687
0.530306 0.124522
0.530706 0.124358
0.531106 0.124194
0.531506 0.12403
0.531906 0.123867
0.532306 0.123704
0.532707 0.123541
0.533107 0.123379
0.533507 0.123216
0.533907 0.123054
0.534307 0.122893
0.534707 0.122732
0.535107 0.122571
0.535507 0.12241
0.535907 0.12225
0.536307 0.12209
0.536707 0.12193
0.537107 0.121771
0.537508 0.121611
0.537908 0.121453
0.538308 0.121294
0.538708 0.121136
0.539108 0.120978
0.539508 0.12082
0.539908 0.120663
0.540308 0.120506
0.540708 0.120349
0.541108 0.120192
0.541508 0.120036
0.541908 0.11988
0.542308 0.119725
0.542709 0.119569
0.543109 0.119414
0.543509 0.11926
0.543909 0.119105
0.544309 0.118951
0.544709 0.118797
0.545109 0.118643
0.545509 0.11849
0.545909 0.118337
0.546309 0.118184
0.546709 0.118032
0.547109 0.11788
0.54751 0.117728
0.54791 0.117576
0.54831 0.117425
0.54871 0.117274
0.54911 0.117123
0.54951 0.116972
0.54991 0.116822
0.55031 0.116672
0.55071 0.116522
0.55111 0.116373
0.55151 0.116224
0.55191 0.116075
0.55231 0.115926
0.552711 0.115778
0.553111 0.11563
0.553511 0.115482
0.553911 0.115335
0.554311 0.115187
0.554711 0.11504
0.555111 0.114894
0.555511 0.114747
0.555911 0.114601
0.556311 0.114455
0.556711 0.114309
0.557111 0.114164
0.557512 0.114019
0.557912 0.113874
0.558312 0.113729
0.558712 0.113585
0.559112 0.113441
0.559512 0.113297
0.559912 0.113153
0.560312 0.11301
0.560712 0.112867
0.561112 0.112724
0.561512 0.112582
0.561912 0.11244
0.562312 0.112298
0.562713 0.112156
0.563113 0.112014
0.563513 0.111873
0.563913 0.111732
0.564313 0.111591
0.564713 0.111451
0.565113 0.111311
0.565513 0.111171
0.565913 0.111031
0.566313 0.110892
0.566713 0.110752
0.567113 0.110613
0.567514 0.110475
0.567914 0.110336
0.568314 0.110198
0.568714 0.11006
0.569114 0.109922
0.569514 0.109785
0.569914 0.109648
0.570314 0.109511
0.570714 0.109374
0.571114 0.109238
0.571514 0.109101
0.571914 0.108965
0.572314 0.10883
0.572715 0.108694
0.573115 0.108559
0.573515 0.108424
0.573915 0.108289
0.574315 0.108155
0.574715 0.10802
0.575115 0.107886
0.575515 0.107753
0.575915 0.107619
0.576315 0.107486
0.576715 0.107353
0.577115 0.10722
0.577516 0.107087
0.577916 0.106955
0.578316 0.106823
0.578716 0.106691
0.579116 0.106559
0.579516 0.106428
0.579916 0.106297
0.580316 0.106166
0.580716 0.106035
0.581116 0.105904
0.581516 0.105774
0.581916 0.105644
0.582316 0.105514
0.582717 0.105385
0.583117 0.105255
0.583517 0.105126
0.583917 0.104998
0.584317 0.104869
0.584717 0.10474
0.585117 0.104612
0.585517 0.104484
0.585917 0.104357
0.586317 0.104229
0.586717 0.104102
0.587117 0.103975
0.587518 0.103848
0.587918 0.103721
0.588318 0.103595
0.588718 0.103469
0.589118 0.103343
0.589518 0.103217
0.589918 0.103092
0.590318 0.102966
0.590718 0.102841
0.591118 0.102716
0.591518 0.102592
0.591918 0.102467
0.592318 0.102343
0.592719 0.102219
0.593119 0.102095
0.593519 0.101972
0.593919 0.101848
0.594319 0.101725
0.594719 0.101602
0.595119 0.10148
0.595519 0.101357
0.595919 0.101235
0.596319 0.101113
0.596719 0.100991
0.597119 0.10087
0.59752 0.100748
0.59792 0.100627
0.59832 0.100506
0.59872 0.100385
0.59912 0.100265
0.59952 0.100144
0.59992 0.100024
0.60032 0.0999041
0.60072 0.0997843
0.60112 0.0996648
0.60152 0.0995454
0.60192 0.0994263
0.60232 0.0993073
0.602721 0.0991886
0.603121 0.0990701
0.603521 0.0989518
0.603921 0.0988337
0.604321 0.0987158
0.604721 0.098598
0.605121 0.0984805
0.605521 0.0983632
0.605921 0.0982461
0.606321 0.0981292
0.606721 0.0980125
0.607121 0.097896
0.607522 0.0977797
0.607922 0.0976636
0.608322 0.0975477
0.608722 0.097432
0.609122 0.0973165
0.609522 0.0972012
0.609922 0.097086
0.610322 0.0969711
0.610722 0.0968564
0.611122 0.0967419
0.611522 0.0966275
0.611922 0.0965134
0.612322 0.0963995
0.612723 0.0962857
0.613123 0.0961722
0.613523 0.0960588
0.613923 0.0959456
0.614323 0.0958327
0.614723 0.0957199
0.615123 0.0956073
0.615523 0.0954949
0.615923 0.0953827
0.616323 0.0952707
0.616723 0.0951589
0.617123 0.0950472
0.617524 0.0949358
0.617924 0.0948245
0.618324 0.0947135
0.618724 0.0946026
0.619124 0.0944919
0.619524 0.0943814
0.619924 0.0942711
0.620324 0.094161
0.620724 0.094051
0.621124 0.0939413
0.621524 0.0938317
0.621924 0.0937223
0.622324 0.0936131
0.622725 0.0935041
0.623125 0.0933953
0.623525 0.0932867
0.623925 0.0931782
0.624325 0.0930699
0.624725 0.0929618
0.625125 0.0928539
0.625525 0.0927462
0.625925 0.0926386
0.626325 0.0925313
0.626725 0.0924241
0.627125 0.0923171
0.627526 0.0922103
0.627926 0.0921036
0.628326 0.0919972
0.628726 0.0918909
0.629126 0.0917848
0.629526 0.0916788
0.629926 0.0915731
0.630326 0.0914675
0.630726 0.0913621
0.631126 0.0912569
0.631526 0.0911518
0.631926 0.091047
0.632326 0.0909423
0.632727 0.0908378
0.633127 0.0907334
0.633527 0.0906293
0.633927 0.0905253
0.634327 0.0904214
0.634727 0.0903178
0.635127 0.0902143
0.635527 0.090111
0.635927 0.0900079
0.636327 0.0899049
0.636727 0.0898021
0.637127 0.0896995
0.637528 0.0895971
0.637928 0.0894948
0.638328 0.0893927
0.638728 0.0892907
0.639128 0.089189
0.639528 0.0890874
0.639928 0.0889859
0.640328 0.0888847
0.640728 0.0887836
0.641128 0.0886826
0.641528 0.0885819
0.641928 0.0884813
0.642328 0.0883808
0.642729 0.0882805
0.643129 0.0881804
0.643529 0.0880805
0.643929 0.0879807
0.644329 0.0878811
0.644729 0.0877817
0.645129 0.0876824
0.645529 0.0875833
0.645929 0.0874843
0.646329 0.0873855
0.646729 0.0872869
0.647129 0.0871884
0.64753 0.0870901
0.64793 0.0869919
0.64833 0.0868939
0.64873 0.0867961
0.64913 0.0866984
0.64953 0.0866009
0.64993 0.0865035
0.65033 0.0864063
0.65073 0.0863093
0.65113 0.0862124
0.65153 0.0861156
0.65193 0.0860191
0.65233 0.0859226
0.652731 0.0858264
0.653131 0.0857303
0.653531 0.0856343
0.653931 0.0855385
0.654331 0.0854429
0.654731 0.0853474
0.655131 0.0852521
0.655531 0.0851569
0.655931 0.0850619
0.656331 0.084967
0.656731 0.0848723
0.657131 0.0847777
0.657532 0.0846833
0.657932 0.084589
0.658332 0.0844949
0.658732 0.084401
0.659132 0.0843072
0.659532 0.0842135
0.659932 0.08412
0.660332 0.0840267
0.660732 0.0839335
0.661132 0.0838404
0.661532 0.0837475
0.661932 0.0836548
0.662332 0.0835622
0.662733 0.0834697
0.663133 0.0833774
0.663533 0.0832853
0.663933 0.0831933
0.664333 0.0831014
0.664733 0.0830097
0.665133 0.0829181
0.665533 0.0828267
0.665933 0.0827354
0.666333 0.0826443
0.666733 0.0825533
0.667133 0.0824625
0.667534 0.0823718
0.667934 0.0822813
0.668334 0.0821909
0.668734 0.0821006
0.669134 0.0820105
0.669534 0.0819206
0.669934 0.0818308
0.670334 0.0817411
0.670734 0.0816515
0.671134 0.0815622
0.671534 0.0814729
0.671934 0.0813838
0.672334 0.0812948
0.672735 0.081206
0.673135 0.0811174
0.673535 0.0810288
0.673935 0.0809404
0.674335 0.0808522
0.674735 0.0807641
0.675135 0.0806761
0.675535 0.0805882
0.675935 0.0805006
0.676335 0.080413
0.676735 0.0803256
0.677135 0.0802383
0.677536 0.0801512
0.677936 0.0800642
0.678336 0.0799773
0.678736 0.0798906
0.679136 0.079804
0.679536 0.0797175
0.679936 0.0796312
0.680336 0.0795451
0.680736 0.079459
0.681136 0.0793731
0.681536 0.0792873
0.681936 0.0792017
0.682336 0.0791162
0.682737 0.0790308
0.683137 0.0789456
0.683537 0.0788605
0.683937 0.0787756
0.684337 0.0786907
0.684737 0.078606
0.685137 0.0785215
0.685537 0.078437
0.685937 0.0783527
0.686337 0.0782686
0.686737 0.0781846
0.687137 0.0781007
0.687538 0.0780169
0.687938 0.0779332
0.688338 0.0778497
0.688738 0.0777664
0.689138 0.0776831
0.689538 0.0776
0.689938 0.077517
0.690338 0.0774342
0.690738 0.0773514
0.691138 0.0772688
0.691538 0.0771864
0.691938 0.077104
0.692338 0.0770218
0.692739 0.0769397
0.693139 0.0768578
0.693539 0.0767759
0.693939 0.0766942
0.694339 0.0766126
0.694739 0.0765312
0.695139 0.0764499
0.695539 0.0763687
0.695939 0.0762876
0.696339 0.0762066
0.696739 0.0761258
0.697139 0.0760451
0.69754 0.0759645
0.69794 0.0758841
0.69834 0.0758037
0.69874 0.0757235
0.69914 0.0756435
0.69954 0.0755635
0.69994 0.0754837
0.70034 0.0754039
0.70074 0.0753244
0.70114 0.0752449
0.70154 0.0751655
0.70194 0.0750863
0.70234 0.0750072
0.702741 0.0749282
0.703141 0.0748493
0.703541 0.0747706
0.703941 0.074692
0.704341 0.0746135
0.704741 0.0745351
0.705141 0.0744568
0.705541 0.0743787
0.705941 0.0743007
0.706341 0.0742227
0.706741 0.074145
0.707141 0.0740673
0.707542 0.0739897
0.707942 0.0739123
0.708342 0.073835
0.708742 0.0737578
0.709142 0.0736807
0.709542 0.0736038
0.709942 0.0735269
0.710342 0.0734502
0.710742 0.0733736
0.711142 0.0732971
0.711542 0.0732207
0.711942 0.0731444
0.712342 0.0730683
0.712743 0.0729923
0.713143 0.0729164
0.713543 0.0728406
0.713943 0.0727649
0.714343 0.0726893
0.714743 0.0726139
0.715143 0.0725385
0.715543 0.0724633
0.715943 0.0723882
0.716343 0.0723132
0.716743 0.0722383
0.717143 0.0721635
0.717544 0.0720889
0.717944 0.0720143
0.718344 0.0719399
0.718744 0.0718656
0.719144 0.0717914
0.719544 0.0717173
0.719944 0.0716433
0.720344 0.0715694
0.720744 0.0714957
0.721144 0.071422
0.721544 0.0713485
0.721944 0.071275
0.722344 0.0712017
0.722745 0.0711285
0.723145 0.0710554
0.723545 0.0709825
0.723945 0.0709096
0.724345 0.0708368
0.724745 0.0707642
0.725145 0.0706916
0.725545 0.0706192
0.725945 0.0705468
0.726345 0.0704746
0.726745 0.0704025
0.727145 0.0703305
0.727546 0.0702586
0.727946 0.0701868
0.728346 0.0701152
0.728746 0.0700436
0.729146 0.0699721
0.729546 0.0699008
0.729946 0.0698295
0.730346 0.0697584
0.730746 0.0696873
0.731146 0.0696164
0.731546 0.0695456
0.731946 0.0694748
0.732346 0.0694042
0.732747 0.0693337
0.733147 0.0692633
0.733547 0.069193
0.733947 0.0691228
0.734347 0.0690527
0.734747 0.0689827
0.735147 0.0689128
0.735547 0.0688431
0.735947 0.0687734
0.736347 0.0687038
0.736747 0.0686343
0.737147 0.068565
0.737548 0.0684957
0.737948 0.0684265
0.738348 0.0683575
0.738748 0.0682885
0.739148 0.0682197
0.739548 0.0681509
0.739948 0.0680823
0.740348 0.0680137
0.740748 0.0679453
0.741148 0.0678769
0.741548 0.0678087
0.741948 0.0677405
0.742348 0.0676725
0.742749 0.0676045
0.743149 0.0675367
0.743549 0.0674689
0.743949 0.0674013
0.744349 0.0673337
0.744749 0.0672663
0.745149 0.0671989
0.745549 0.0671317
0.745949 0.0670645
0.746349 0.0669975
0.746749 0.0669305
0.747149 0.0668636
0.74755 0.0667969
0.74795 0.0667302
0.74835 0.0666636
0.74875 0.0665972
0.74915 0.0665308
0.74955 0.0664645
0.74995 0.0663983
0.75035 0.0663322
0.75075 0.0662662
0.75115 0.0662003
0.75155 0.0661345
0.75195 0.0660688
0.75235 0.0660032
0.752751 0.0659377
0.753151 0.0658723
0.753551 0.0658069
0.753951 0.0657417
0.754351 0.0656766
0.754751 0.0656115
0.755151 0.0655466
0.755551 0.0654817
0.755951 0.065417
0.756351 0.0653523
0.756751 0.0652877
0.757151 0.0652232
0.757552 0.0651588
0.757952 0.0650946
0.758352 0.0650303
0.758752 0.0649662
0.759152 0.0649022
0.759552 0.0648383
0.759952 0.0647745
0.760352 0.0647107
0.760752 0.0646471
0.761152 0.0645835
0.761552 0.06452
0.761952 0.0644567
0.762352 0.0643934
0.762753 0.0643302
0.763153 0.0642671
0.763553 0.0642041
0.763953 0.0641412
0.764353 0.0640783
0.764753 0.0640156
0.765153 0.0639529
0.765553 0.0638904
0.765953 0.0638279
0.766353 0.0637655
0.766753 0.0637032
0.767153 0.063641
0.767554 0.0635789
0.767954 0.0635169
0.768354 0.063455
0.768754 0.0633931
0.769154 0.0633314
0.769554 0.0632697
0.769954 0.0632081
0.770354 0.0631466
0.770754 0.0630852
0.771154 0.0630239
0.771554 0.0629627
0.771954 0.0629015
0.772354 0.0628405
0.772755 0.0627795
0.773155 0.0627186
0.773555 0.0626578
0.773955 0.0625971
0.774355 0.0625365
0.774755 0.0624759
0.775155 0.0624155
0.775555 0.0623551
0.775955 0.0622949
0.776355 0.0622347
0.776755 0.0621746
0.777155 0.0621145
0.777556 0.0620546
0.777956 0.0619947
0.778356 0.061935
0.778756 0.0618753
0.779156 0.0618157
0.779556 0.0617562
0.779956 0.0616968
0.780356 0.0616374
0.780756 0.0615781
0.781156 0.061519
0.781556 0.0614599
0.781956 0.0614009
0.782356 0.0613419
0.782757 0.0612831
0.783157 0.0612243
0.783557 0.0611656
0.783957 0.0611071
0.784357 0.0610485
0.784757 0.0609901
0.785157 0.0609318
0.785557 0.0608735
0.785957 0.0608153
0.786357 0.0607572
0.786757 0.0606992
0.787157 0.0606412
0.787558 0.0605834
0.787958 0.0605256
0.788358 0.0604679
0.788758 0.0604103
0.789158 0.0603527
0.789558 0.0602953
0.789958 0.0602379
0.790358 0.0601806
0.790758 0.0601234
0.791158 0.0600663
0.791558 0.0600092
0.791958 0.0599522
0.792358 0.0598953
0.792759 0.0598385
0.793159 0.0597818
0.793559 0.0597251
0.793959 0.0596685
0.794359 0.059612
0.794759 0.0595556
0.795159 0.0594992
0.795559 0.059443
0.795959 0.0593868
0.796359 0.0593306
0.796759 0.0592746
0.797159 0.0592186
0.79756 0.0591628
0.79796 0.059107
0.79836 0.0590512
0.79876 0.0589956
0.79916 0.05894
0.79956 0.0588845
0.79996 0.0588291
0.80036 0.0587737
0.80076 0.0587184
0.80116 0.0586633
0.80156 0.0586081
0.80196 0.0585531
0.80236 0.0584981
0.802761 0.0584432
0.803161 0.0583884
0.803561 0.0583337
0.803961 0.058279
0.804361 0.0582244
0.804761 0.0581699
0.805161 0.0581154
0.805561 0.0580611
0.805961 0.0580068
0.806361 0.0579525
0.806761 0.0578984
0.807161 0.0578443
0.807562 0.0577903
0.807962 0.0577364
0.808362 0.0576825
0.808762 0.0576288
0.809162 0.0575751
0.809562 0.0575214
0.809962 0.0574679
0.810362 0.0574144
0.810762 0.057361
0.811162 0.0573076
0.811562 0.0572544
0.811962 0.0572012
0.812362 0.0571481
0.812763 0.057095
0.813163 0.057042
0.813563 0.0569891
0.813963 0.0569363
0.814363 0.0568835
0.814763 0.0568309
0.815163 0.0567782
0.815563 0.0567257
0.815963 0.0566732
0.816363 0.0566208
0.816763 0.0565685
0.817163 0.0565162
0.817564 0.056464
0.817964 0.0564119
0.818364 0.0563599
0.818764 0.0563079
0.819164 0.056256
0.819564 0.0562042
0.819964 0.0561524
0.820364 0.0561007
0.820764 0.0560491
0.821164 0.0559975
0.821564 0.0559461
0.821964 0.0558946
0.822364 0.0558433
0.822765 0.055792
0.823165 0.0557408
0.823565 0.0556897
0.823965 0.0556386
0.824365 0.0555876
0.824765 0.0555367
0.825165 0.0554858
0.825565 0.0554351
0.825965 0.0553843
0.826365 0.0553337
0.826765 0.0552831
0.827165 0.0552326
0.827566 0.0551821
0.827966 0.0551318
0.828366 0.0550815
0.828766 0.0550312
0.829166 0.054981
0.829566 0.0549309
0.829966 0.0548809
0.830366 0.0548309
0.830766 0.054781
0.831166 0.0547312
0.831566 0.0546814
0.831966 0.0546317
0.832366 0.0545821
0.832767 0.0545325
0.833167 0.054483
0.833567 0.0544336
0.833967 0.0543842
0.834367 0.0543349
0.834767 0.0542856
0.835167 0.0542365
0.835567 0.0541874
0.835967 0.0541383
0.836367 0.0540893
0.836767 0.0540404
0.837167 0.0539916
0.837568 0.0539428
0.837968 0.0538941
0.838368 0.0538455
0.838768 0.0537969
0.839168 0.0537484
0.839568 0.0536999
0.839968 0.0536515
0.840368 0.0536032
0.840768 0.0535549
0.841168 0.0535067
0.841568 0.0534586
0.841968 0.0534106
0.842368 0.0533625
0.842769 0.0533146
0.843169 0.0532667
0.843569 0.0532189
0.843969 0.0531712
0.844369 0.0531235
0.844769 0.0530759
0.845169 0.0530283
0.845569 0.0529808
0.845969 0.0529334
0.846369 0.052886
0.846769 0.0528387
0.847169 0.0527915
0.84757 0.0527443
0.84797 0.0526972
0.84837 0.0526501
0.84877 0.0526031
0.84917 0.0525562
0.84957 0.0525093
0.84997 0.0524625
0.85037 0.0524158
0.85077 0.0523691
0.85117 0.0523225
0.85157 0.0522759
0.85197 0.0522294
0.85237 0.052183
0.852771 0.0521366
0.853171 0.0520903
0.853571 0.052044
0.853971 0.0519978
0.854371 0.0519517
0.854771 0.0519056
0.855171 0.0518596
0.855571 0.0518137
0.855971 0.0517678
0.856371 0.0517219
0.856771 0.0516762
0.857171 0.0516304
0.857572 0.0515848
0.857972 0.0515392
0.858372 0.0514937
0.858772 0.0514482
0.859172 0.0514028
0.859572 0.0513574
0.859972 0.0513121
0.860372 0.0512669
0.860772 0.0512217
0.861172 0.0511766
0.861572 0.0511315
0.861972 0.0510865
0.862372 0.0510416
0.862773 0.0509967
0.863173 0.0509518
0.863573 0.0509071
0.863973 0.0508623
0.864373 0.0508177
0.864773 0.0507731
0.865173 0.0507286
0.865573 0.0506841
0.865973 0.0506396
0.866373 0.0505953
0.866773 0.050551
0.867173 0.0505067
0.867574 0.0504625
0.867974 0.0504184
0.868374 0.0503743
0.868774 0.0503303
0.869174 0.0502863
0.869574 0.0502424
0.869974 0.0501985
0.870374 0.0501547
0.870774 0.050111
0.871174 0.0500673
0.871574 0.0500236
0.871974 0.04998
0.872374 0.0499365
0.872775 0.049893
0.873175 0.0498496
0.873575 0.0498063
0.873975 0.049763
0.874375 0.0497197
0.874775 0.0496765
0.875175 0.0496334
0.875575 0.0495903
0.875975 0.0495473
0.876375 0.0495043
0.876775 0.0494614
0.877175 0.0494185
0.877576 0.0493757
0.877976 0.0493329
0.878376 0.0492902
0.878776 0.0492476
0.879176 0.049205
0.879576 0.0491624
0.879976 0.0491199
0.880376 0.0490775
0.880776 0.0490351
0.881176 0.0489928
0.881576 0.0489505
0.881976 0.0489083
0.882376 0.0488661
0.882777 0.048824
0.883177 0.0487819
0.883577 0.0487399
0.883977 0.0486979
0.884377 0.048656
0.884777 0.0486141
0.885177 0.0485723
0.885577 0.0485306
0.885977 0.0484889
0.886377 0.0484472
0.886777 0.0484056
0.887177 0.0483641
0.887578 0.0483226
0.887978 0.0482811
0.888378 0.0482397
0.888778 0.0481984
0.889178 0.0481571
0.889578 0.0481158
0.889978 0.0480746
0.890378 0.0480335
0.890778 0.0479924
0.891178 0.0479513
0.891578 0.0479103
0.891978 0.0478694
0.892378 0.0478285
0.892779 0.0477877
0.893179 0.0477469
0.893579 0.0477061
0.893979 0.0476654
0.894379 0.0476248
0.894779 0.0475842
0.895179 0.0475436
0.895579 0.0475031
0.895979 0.0474627
0.896379 0.0474223
0.896779 0.0473819
0.897179 0.0473416
0.89758 0.0473014
0.89798 0.0472611
0.89838 0.047221
0.89878 0.0471809
0.89918 0.0471408
0.89958 0.0471008
0.89998 0.0470608
0.90038 0.0470209
0.90078 0.046981
0.90118 0.0469412
0.90158 0.0469014
0.90198 0.0468617
0.90238 0.046822
0.902781 0.0467824
0.903181 0.0467428
0.903581 0.0467032
0.903981 0.0466637
0.904381 0.0466243
0.904781 0.0465849
0.905181 0.0465455
0.905581 0.0465062
0.905981 0.046467
0.906381 0.0464278
0.906781 0.0463886
0.907181 0.0463495
0.907582 0.0463104
0.907982 0.0462714
0.908382 0.0462324
0.908782 0.0461935
0.909182 0.0461547
0.909582 0.0461158
0.909982 0.046077
0.910382 0.0460383
0.910782 0.0459996
0.911182 0.045961
0.911582 0.0459224
0.911982 0.0458839
0.912382 0.0458454
0.912783 0.0458069
0.913183 0.0457685
0.913583 0.0457302
0.913983 0.0456919
0.914383 0.0456536
0.914783 0.0456154
0.915183 0.0455773
0.915583 0.0455392
0.915983 0.0455011
0.916383 0.0454631
0.916783 0.0454251
0.917183 0.0453872
0.917584 0.0453493
0.917984 0.0453115
0.918384 0.0452737
0.918784 0.045236
0.919184 0.0451983
0.919584 0.0451607
0.919984 0.0451231
0.920384 0.0450856
0.920784 0.0450481
0.921184 0.0450106
0.921584 0.0449732
0.921984 0.0449359
0.922384 0.0448986
0.922785 0.0448613
0.923185 0.0448241
0.923585 0.044787
0.923985 0.0447499
0.924385 0.0447128
0.924785 0.0446758
0.925185 0.0446389
0.925585 0.0446019
0.925985 0.0445651
0.926385 0.0445283
0.926785 0.0444915
0.927185 0.0444548
0.927586 0.0444181
0.927986 0.0443815
0.928386 0.0443449
0.928786 0.0443084
0.929186 0.0442719
0.929586 0.0442354
0.929986 0.0441991
0.930386 0.0441627
0.930786 0.0441264
0.931186 0.0440902
0.931586 0.044054
0.931986 0.0440179
0.932386 0.0439818
0.932787 0.0439457
0.933187 0.0439097
0.933587 0.0438738
0.933987 0.0438378
0.934387 0.043802
0.934787 0.0437662
0.935187 0.0437304
0.935587 0.0436947
0.935987 0.043659
0.936387 0.0436234
0.936787 0.0435879
0.937187 0.0435523
0.937588 0.0435169
0.937988 0.0434814
0.938388 0.0434461
0.938788 0.0434107
0.939188 0.0433755
0.939588 0.0433402
0.939988 0.0433051
0.940388 0.0432699
0.940788 0.0432348
0.941188 0.0431998
0.941588 0.0431648
0.941988 0.0431299
0.942388 0.043095
0.942789 0.0430601
0.943189 0.0430253
0.943589 0.0429906
0.943989 0.0429559
0.944389 0.0429212
0.944789 0.0428866
0.945189 0.0428521
0.945589 0.0428176
0.945989 0.0427831
0.946389 0.0427487
0.946789 0.0427143
0.947189 0.04268
0.94759 0.0426457
0.94799 0.0426115
0.94839 0.0425774
0.94879 0.0425432
0.94919 0.0425092
0.94959 0.0424751
0.94999 0.0424412
0.95039 0.0424072
0.95079 0.0423734
0.95119 0.0423395
0.95159 0.0423057
0.95199 0.042272
0.95239 0.0422383
0.952791 0.0422047
0.953191 0.0421711
0.953591 0.0421375
0.953991 0.042104
0.954391 0.0420705
0.954791 0.0420371
0.955191 0.0420038
0.955591 0.0419704
0.955991 0.0419371
0.956391 0.0419039
0.956791 0.0418707
0.957191 0.0418375
0.957592 0.0418044
0.957992 0.0417713
0.958392 0.0417383
0.958792 0.0417053
0.959192 0.0416724
0.959592 0.0416395
0.959992 0.0416066
0.960392 0.0415738
0.960792 0.041541
0.961192 0.0415082
0.961592 0.0414755
0.961992 0.0414428
0.962392 0.0414102
0.962793 0.0413776
0.963193 0.041345
0.963593 0.0413125
0.963993 0.04128
0.964393 0.0412475
0.964793 0.0412151
0.965193 0.0411827
0.965593 0.0411504
0.965993 0.0411181
0.966393 0.0410858
0.966793 0.0410536
0.967193 0.0410213
0.967594 0.0409892
0.967994 0.040957
0.968394 0.0409249
0.968794 0.0408928
0.969194 0.0408608
0.969594 0.0408288
0.969994 0.0407968
0.970394 0.0407648
0.970794 0.0407329
0.971194 0.040701
0.971594 0.0406692
0.971994 0.0406373
0.972394 0.0406055
0.972795 0.0405737
0.973195 0.040542
0.973595 0.0405103
0.973995 0.0404786
0.974395 0.0404469
0.974795 0.0404153
0.975195 0.0403837
0.975595 0.0403521
0.975995 0.0403205
0.976395 0.040289
0.976795 0.0402575
0.977195 0.040226
0.977596 0.0401946
0.977996 0.0401631
0.978396 0.0401317
0.978796 0.0401003
0.979196 0.040069
0.979596 0.0400376
0.979996 0.0400063
0.980396 0.039975
0.980796 0.0399437
0.981196 0.0399125
0.981596 0.0398813
0.981996 0.0398501
0.982396 0.0398189
0.982797 0.0397877
0.983197 0.0397565
0.983597 0.0397254
0.983997 0.0396943
0.984397 0.0396632
0.984797 0.0396321
0.985197 0.0396011
0.985597 0.0395701
0.985997 0.039539
0.986397 0.039508
0.986797 0.039477
0.987197 0.0394461
0.987598 0.0394151
0.987998 0.0393842
0.988398 0.0393533
0.988798 0.0393224
0.989198 0.0392915
0.989598 0.0392606
0.989998 0.0392297
0.990398 0.0391989
0.990798 0.039168
0.991198 0.0391372
0.991598 0.0391064
0.991998 0.0390756
0.992398 0.0390448
0.992799 0.039014
0.993199 0.0389832
0.993599 0.0389525
0.993999 0.0389217
0.994399 0.038891
0.994799 0.0388603
0.995199 0.0388296
0.995599 0.0387988
0.995999 0.0387681
0.996399 0.0387375
0.996799 0.0387068
0.997199 0.0386761
0.9976 0.0386454
0.998 0.0386148
0.9984 0.0385841
0.9988 0.0385535
0.9992 0.0385228
0.9996 0.0384922
