-1 0.0384615
-0.9996 0.038492
-0.9992 0.0385223
-0.9988 0.0385522
-0.9984 0.0385819
-0.998 0.0386113
-0.9976 0.0386404
-0.997199 0.0386693
-0.996799 0.0386979
-0.996399 0.0387263
-0.995999 0.0387543
-0.995599 0.0387821
-0.995199 0.0388097
-0.994799 0.038837
-0.994399 0.038864
-0.993999 0.0388908
-0.993599 0.0389173
-0.993199 0.0389435
-0.992799 0.0389695
-0.992398 0.0389953
-0.991998 0.0390208
-0.991598 0.039046
-0.991198 0.039071
-0.990798 0.0390957
-0.990398 0.0391202
-0.989998 0.0391444
-0.989598 0.0391684
-0.989198 0.0391921
-0.988798 0.0392156
-0.988398 0.0392388
-0.987998 0.0392618
-0.987598 0.0392846
-0.987197 0.0393071
-0.986797 0.0393293
-0.986397 0.0393514
-0.985997 0.0393732
-0.985597 0.0393947
-0.985197 0.039416
-0.984797 0.0394371
-0.984397 0.0394579
-0.983997 0.0394785
-0.983597 0.0394989
-0.983197 0.039519
-0.982797 0.039539
-0.982396 0.0395586
-0.981996 0.0395781
-0.981596 0.0395973
-0.981196 0.0396163
-0.980796 0.039635
-0.980396 0.0396536
-0.979996 0.0396719
-0.979596 0.03969
-0.979196 0.0397079
-0.978796 0.0397255
-0.978396 0.0397429
-0.977996 0.0397601
-0.977596 0.0397771
-0.977195 0.0397939
-0.976795 0.0398105
-0.976395 0.0398268
-0.975995 0.0398429
-0.975595 0.0398588
-0.975195 0.0398745
-0.974795 0.03989
-0.974395 0.0399053
-0.973995 0.0399204
-0.973595 0.0399352
-0.973195 0.0399499
-0.972795 0.0399643
-0.972394 0.0399786
-0.971994 0.0399926
-0.971594 0.0400065
-0.971194 0.0400201
-0.970794 0.0400335
-0.970394 0.0400468
-0.969994 0.0400598
-0.969594 0.0400726
-0.969194 0.0400853
-0.968794 0.0400977
-0.968394 0.0401099
-0.967994 0.040122
-0.967594 0.0401339
-0.967193 0.0401455
-0.966793 0.040157
-0.966393 0.0401683
-0.965993 0.0401794
-0.965593 0.0401903
-0.965193 0.040201
-0.964793 0.0402115
-0.964393 0.0402219
-0.963993 0.0402321
-0.963593 0.040242
-0.963193 0.0402518
-0.962793 0.0402615
-0.962392 0.0402709
-0.961992 0.0402801
-0.961592 0.0402892
-0.961192 0.0402981
-0.960792 0.0403069
-0.960392 0.0403154
-0.959992 0.0403238
-0.959592 0.040332
-0.959192 0.04034
-0.958792 0.0403479
-0.958392 0.0403556
-0.957992 0.0403631
-0.957592 0.0403705
-0.957191 0.0403777
-0.956791 0.0403847
-0.956391 0.0403915
-0.955991 0.0403982
-0.955591 0.0404048
-0.955191 0.0404111
-0.954791 0.0404173
-0.954391 0.0404234
-0.953991 0.0404293
-0.953591 0.040435
-0.953191 0.0404406
-0.952791 0.040446
-0.95239 0.0404513
-0.95199 0.0404564
-0.95159 0.0404613
-0.95119 0.0404661
-0.95079 0.0404708
-0.95039 0.0404753
-0.94999 0.0404796
-0.94959 0.0404839
-0.94919 0.0404879
-0.94879 0.0404918
-0.94839 0.0404956
-0.94799 0.0404992
-0.94759 0.0405027
-0.947189 0.040506
-0.946789 0.0405093
-0.946389 0.0405123
-0.945989 0.0405152
-0.945589 0.040518
-0.945189 0.0405207
-0.944789 0.0405232
-0.944389 0.0405256
-0.943989 0.0405278
-0.943589 0.0405299
-0.943189 0.0405319
-0.942789 0.0405337
-0.942388 0.0405354
-0.941988 0.040537
-0.941588 0.0405385
-0.941188 0.0405398
-0.940788 0.040541
-0.940388 0.0405421
-0.939988 0.0405431
-0.939588 0.0405439
-0.939188 0.0405446
-0.938788 0.0405452
-0.938388 0.0405457
-0.937988 0.0405461
-0.937588 0.0405463
-0.937187 0.0405464
-0.936787 0.0405464
-0.936387 0.0405463
-0.935987 0.0405461
-0.935587 0.0405458
-0.935187 0.0405453
-0.934787 0.0405448
-0.934387 0.0405441
-0.933987 0.0405433
-0.933587 0.0405425
-0.933187 0.0405415
-0.932787 0.0405404
-0.932386 0.0405392
-0.931986 0.0405379
-0.931586 0.0405365
-0.931186 0.040535
-0.930786 0.0405334
-0.930386 0.0405316
-0.929986 0.0405298
-0.929586 0.0405279
-0.929186 0.0405259
-0.928786 0.0405238
-0.928386 0.0405217
-0.927986 0.0405194
-0.927586 0.040517
-0.927185 0.0405145
-0.926785 0.040512
-0.926385 0.0405093
-0.925985 0.0405066
-0.925585 0.0405038
-0.925185 0.0405009
-0.924785 0.0404979
-0.924385 0.0404948
-0.923985 0.0404916
-0.923585 0.0404884
-0.923185 0.0404851
-0.922785 0.0404817
-0.922384 0.0404782
-0.921984 0.0404746
-0.921584 0.040471
-0.921184 0.0404672
-0.920784 0.0404635
-0.920384 0.0404596
-0.919984 0.0404556
-0.919584 0.0404516
-0.919184 0.0404476
-0.918784 0.0404434
-0.918384 0.0404392
-0.917984 0.0404349
-0.917584 0.0404305
-0.917183 0.0404261
-0.916783 0.0404216
-0.916383 0.040417
-0.915983 0.0404124
-0.915583 0.0404077
-0.915183 0.040403
-0.914783 0.0403982
-0.914383 0.0403933
-0.913983 0.0403884
-0.913583 0.0403834
-0.913183 0.0403784
-0.912783 0.0403733
-0.912382 0.0403682
-0.911982 0.040363
-0.911582 0.0403577
-0.911182 0.0403524
-0.910782 0.0403471
-0.910382 0.0403417
-0.909982 0.0403362
-0.909582 0.0403307
-0.909182 0.0403252
-0.908782 0.0403196
-0.908382 0.040314
-0.907982 0.0403083
-0.907582 0.0403026
-0.907181 0.0402968
-0.906781 0.040291
-0.906381 0.0402852
-0.905981 0.0402793
-0.905581 0.0402734
-0.905181 0.0402675
-0.904781 0.0402615
-0.904381 0.0402555
-0.903981 0.0402494
-0.903581 0.0402434
-0.903181 0.0402372
-0.902781 0.0402311
-0.90238 0.0402249
-0.90198 0.0402187
-0.90158 0.0402125
-0.90118 0.0402063
-0.90078 0.0402
-0.90038 0.0401937
-0.89998 0.0401873
-0.89958 0.040181
-0.89918 0.0401746
-0.89878 0.0401682
-0.89838 0.0401618
-0.89798 0.0401554
-0.89758 0.040149
-0.897179 0.0401425
-0.896779 0.040136
-0.896379 0.0401296
-0.895979 0.0401231
-0.895579 0.0401166
-0.895179 0.04011
-0.894779 0.0401035
-0.894379 0.040097
-0.893979 0.0400904
-0.893579 0.0400839
-0.893179 0.0400773
-0.892779 0.0400707
-0.892378 0.0400642
-0.891978 0.0400576
-0.891578 0.040051
-0.891178 0.0400444
-0.890778 0.0400379
-0.890378 0.0400313
-0.889978 0.0400247
-0.889578 0.0400181
-0.889178 0.0400116
-0.888778 0.040005
-0.888378 0.0399985
-0.887978 0.0399919
-0.887578 0.0399854
-0.887177 0.0399789
-0.886777 0.0399723
-0.886377 0.0399658
-0.885977 0.0399593
-0.885577 0.0399529
-0.885177 0.0399464
-0.884777 0.0399399
-0.884377 0.0399335
-0.883977 0.0399271
-0.883577 0.0399207
-0.883177 0.0399143
-0.882777 0.0399079
-0.882376 0.0399016
-0.881976 0.0398953
-0.881576 0.039889
-0.881176 0.0398827
-0.880776 0.0398765
-0.880376 0.0398703
-0.879976 0.0398641
-0.879576 0.0398579
-0.879176 0.0398518
-0.878776 0.0398457
-0.878376 0.0398396
-0.877976 0.0398336
-0.877576 0.0398276
-0.877175 0.0398216
-0.876775 0.0398156
-0.876375 0.0398097
-0.875975 0.0398039
-0.875575 0.0397981
-0.875175 0.0397923
-0.874775 0.0397865
-0.874375 0.0397808
-0.873975 0.0397752
-0.873575 0.0397696
-0.873175 0.039764
-0.872775 0.0397585
-0.872374 0.039753
-0.871974 0.0397475
-0.871574 0.0397422
-0.871174 0.0397368
-0.870774 0.0397315
-0.870374 0.0397263
-0.869974 0.0397211
-0.869574 0.039716
-0.869174 0.0397109
-0.868774 0.0397059
-0.868374 0.039701
-0.867974 0.0396961
-0.867574 0.0396912
-0.867173 0.0396864
-0.866773 0.0396817
-0.866373 0.039677
-0.865973 0.0396725
-0.865573 0.0396679
-0.865173 0.0396634
-0.864773 0.039659
-0.864373 0.0396547
-0.863973 0.0396504
-0.863573 0.0396462
-0.863173 0.0396421
-0.862773 0.039638
-0.862372 0.039634
-0.861972 0.0396301
-0.861572 0.0396263
-0.861172 0.0396225
-0.860772 0.0396188
-0.860372 0.0396152
-0.859972 0.0396117
-0.859572 0.0396082
-0.859172 0.0396048
-0.858772 0.0396015
-0.858372 0.0395983
-0.857972 0.0395952
-0.857572 0.0395921
-0.857171 0.0395891
-0.856771 0.0395863
-0.856371 0.0395835
-0.855971 0.0395808
-0.855571 0.0395781
-0.855171 0.0395756
-0.854771 0.0395732
-0.854371 0.0395708
-0.853971 0.0395686
-0.853571 0.0395664
-0.853171 0.0395644
-0.852771 0.0395624
-0.85237 0.0395605
-0.85197 0.0395587
-0.85157 0.0395571
-0.85117 0.0395555
-0.85077 0.039554
-0.85037 0.0395526
-0.84997 0.0395514
-0.84957 0.0395502
-0.84917 0.0395491
-0.84877 0.0395482
-0.84837 0.0395473
-0.84797 0.0395466
-0.84757 0.039546
-0.847169 0.0395455
-0.846769 0.039545
-0.846369 0.0395447
-0.845969 0.0395446
-0.845569 0.0395445
-0.845169 0.0395445
-0.844769 0.0395447
-0.844369 0.039545
-0.843969 0.0395454
-0.843569 0.0395459
-0.843169 0.0395465
-0.842769 0.0395473
-0.842368 0.0395481
-0.841968 0.0395491
-0.841568 0.0395503
-0.841168 0.0395515
-0.840768 0.0395529
-0.840368 0.0395544
-0.839968 0.039556
-0.839568 0.0395578
-0.839168 0.0395597
-0.838768 0.0395617
-0.838368 0.0395638
-0.837968 0.0395661
-0.837568 0.0395685
-0.837167 0.0395711
-0.836767 0.0395738
-0.836367 0.0395766
-0.835967 0.0395796
-0.835567 0.0395827
-0.835167 0.0395859
-0.834767 0.0395893
-0.834367 0.0395928
-0.833967 0.0395965
-0.833567 0.0396003
-0.833167 0.0396043
-0.832767 0.0396084
-0.832366 0.0396126
-0.831966 0.039617
-0.831566 0.0396216
-0.831166 0.0396263
-0.830766 0.0396311
-0.830366 0.0396361
-0.829966 0.0396413
-0.829566 0.0396466
-0.829166 0.0396521
-0.828766 0.0396577
-0.828366 0.0396635
-0.827966 0.0396694
-0.827566 0.0396755
-0.827165 0.0396818
-0.826765 0.0396882
-0.826365 0.0396948
-0.825965 0.0397015
-0.825565 0.0397084
-0.825165 0.0397155
-0.824765 0.0397228
-0.824365 0.0397302
-0.823965 0.0397377
-0.823565 0.0397455
-0.823165 0.0397534
-0.822765 0.0397615
-0.822364 0.0397698
-0.821964 0.0397782
-0.821564 0.0397868
-0.821164 0.0397956
-0.820764 0.0398045
-0.820364 0.0398137
-0.819964 0.039823
-0.819564 0.0398325
-0.819164 0.0398422
-0.818764 0.039852
-0.818364 0.0398621
-0.817964 0.0398723
-0.817564 0.0398827
-0.817163 0.0398933
-0.816763 0.0399041
-0.816363 0.039915
-0.815963 0.0399262
-0.815563 0.0399375
-0.815163 0.0399491
-0.814763 0.0399608
-0.814363 0.0399727
-0.813963 0.0399848
-0.813563 0.0399971
-0.813163 0.0400096
-0.812763 0.0400223
-0.812362 0.0400352
-0.811962 0.0400483
-0.811562 0.0400616
-0.811162 0.0400751
-0.810762 0.0400888
-0.810362 0.0401027
-0.809962 0.0401168
-0.809562 0.0401311
-0.809162 0.0401456
-0.808762 0.0401603
-0.808362 0.0401753
-0.807962 0.0401904
-0.807562 0.0402057
-0.807161 0.0402213
-0.806761 0.0402371
-0.806361 0.040253
-0.805961 0.0402692
-0.805561 0.0402856
-0.805161 0.0403023
-0.804761 0.0403191
-0.804361 0.0403362
-0.803961 0.0403534
-0.803561 0.0403709
-0.803161 0.0403887
-0.802761 0.0404066
-0.80236 0.0404248
-0.80196 0.0404431
-0.80156 0.0404618
-0.80116 0.0404806
-0.80076 0.0404997
-0.80036 0.0405189
-0.79996 0.0405385
-0.79956 0.0405582
-0.79916 0.0405782
-0.79876 0.0405984
-0.79836 0.0406188
-0.79796 0.0406395
-0.79756 0.0406604
-0.797159 0.0406816
-0.796759 0.040703
-0.796359 0.0407246
-0.795959 0.0407465
-0.795559 0.0407686
-0.795159 0.0407909
-0.794759 0.0408135
-0.794359 0.0408363
-0.793959 0.0408594
-0.793559 0.0408827
-0.793159 0.0409063
-0.792759 0.0409301
-0.792358 0.0409541
-0.791958 0.0409784
-0.791558 0.041003
-0.791158 0.0410278
-0.790758 0.0410528
-0.790358 0.0410782
-0.789958 0.0411037
-0.789558 0.0411295
-0.789158 0.0411556
-0.788758 0.0411819
-0.788358 0.0412085
-0.787958 0.0412354
-0.787558 0.0412625
-0.787157 0.0412899
-0.786757 0.0413175
-0.786357 0.0413454
-0.785957 0.0413735
-0.785557 0.041402
-0.785157 0.0414307
-0.784757 0.0414596
-0.784357 0.0414888
-0.783957 0.0415183
-0.783557 0.0415481
-0.783157 0.0415781
-0.782757 0.0416084
-0.782356 0.041639
-0.781956 0.0416699
-0.781556 0.041701
-0.781156 0.0417324
-0.780756 0.0417641
-0.780356 0.0417961
-0.779956 0.0418283
-0.779556 0.0418608
-0.779156 0.0418936
-0.778756 0.0419267
-0.778356 0.0419601
-0.777956 0.0419937
-0.777556 0.0420277
-0.777155 0.0420619
-0.776755 0.0420964
-0.776355 0.0421312
-0.775955 0.0421663
-0.775555 0.0422016
-0.775155 0.0422373
-0.774755 0.0422733
-0.774355 0.0423095
-0.773955 0.0423461
-0.773555 0.0423829
-0.773155 0.04242
-0.772755 0.0424575
-0.772354 0.0424952
-0.771954 0.0425333
-0.771554 0.0425716
-0.771154 0.0426102
-0.770754 0.0426492
-0.770354 0.0426884
-0.769954 0.0427279
-0.769554 0.0427678
-0.769154 0.0428079
-0.768754 0.0428484
-0.768354 0.0428892
-0.767954 0.0429303
-0.767554 0.0429717
-0.767153 0.0430134
-0.766753 0.0430554
-0.766353 0.0430977
-0.765953 0.0431403
-0.765553 0.0431833
-0.765153 0.0432266
-0.764753 0.0432702
-0.764353 0.0433141
-0.763953 0.0433583
-0.763553 0.0434028
-0.763153 0.0434477
-0.762753 0.0434929
-0.762352 0.0435384
-0.761952 0.0435843
-0.761552 0.0436304
-0.761152 0.0436769
-0.760752 0.0437237
-0.760352 0.0437709
-0.759952 0.0438184
-0.759552 0.0438662
-0.759152 0.0439143
-0.758752 0.0439628
-0.758352 0.0440116
-0.757952 0.0440607
-0.757552 0.0441102
-0.757151 0.04416
-0.756751 0.0442102
-0.756351 0.0442607
-0.755951 0.0443115
-0.755551 0.0443627
-0.755151 0.0444142
-0.754751 0.044466
-0.754351 0.0445182
-0.753951 0.0445708
-0.753551 0.0446236
-0.753151 0.0446769
-0.752751 0.0447305
-0.75235 0.0447844
-0.75195 0.0448387
-0.75155 0.0448933
-0.75115 0.0449483
-0.75075 0.0450036
-0.75035 0.0450593
-0.74995 0.0451153
-0.74955 0.0451717
-0.74915 0.0452285
-0.74875 0.0452856
-0.74835 0.0453431
-0.74795 0.0454009
-0.74755 0.0454591
-0.747149 0.0455176
-0.746749 0.0455766
-0.746349 0.0456358
-0.745949 0.0456955
-0.745549 0.0457555
-0.745149 0.0458159
-0.744749 0.0458766
-0.744349 0.0459377
-0.743949 0.0459992
-0.743549 0.046061
-0.743149 0.0461233
-0.742749 0.0461859
-0.742348 0.0462488
-0.741948 0.0463122
-0.741548 0.0463759
-0.741148 0.04644
-0.740748 0.0465045
-0.740348 0.0465693
-0.739948 0.0466346
-0.739548 0.0467002
-0.739148 0.0467662
-0.738748 0.0468325
-0.738348 0.0468993
-0.737948 0.0469665
-0.737548 0.047034
-0.737147 0.0471019
-0.736747 0.0471702
-0.736347 0.0472389
-0.735947 0.047308
-0.735547 0.0473775
-0.735147 0.0474474
-0.734747 0.0475176
-0.734347 0.0475883
-0.733947 0.0476593
-0.733547 0.0477308
-0.733147 0.0478026
-0.732747 0.0478749
-0.732346 0.0479475
-0.731946 0.0480205
-0.731546 0.048094
-0.731146 0.0481678
-0.730746 0.0482421
-0.730346 0.0483167
-0.729946 0.0483918
-0.729546 0.0484672
-0.729146 0.0485431
-0.728746 0.0486194
-0.728346 0.0486961
-0.727946 0.0487732
-0.727546 0.0488507
-0.727145 0.0489286
-0.726745 0.0490069
-0.726345 0.0490857
-0.725945 0.0491648
-0.725545 0.0492444
-0.725145 0.0493244
-0.724745 0.0494048
-0.724345 0.0494856
-0.723945 0.0495669
-0.723545 0.0496486
-0.723145 0.0497307
-0.722745 0.0498132
-0.722344 0.0498961
-0.721944 0.0499795
-0.721544 0.0500633
-0.721144 0.0501475
-0.720744 0.0502321
-0.720344 0.0503172
-0.719944 0.0504027
-0.719544 0.0504887
-0.719144 0.050575
-0.718744 0.0506618
-0.718344 0.0507491
-0.717944 0.0508367
-0.717544 0.0509249
-0.717143 0.0510134
-0.716743 0.0511024
-0.716343 0.0511918
-0.715943 0.0512817
-0.715543 0.051372
-0.715143 0.0514627
-0.714743 0.0515539
-0.714343 0.0516455
-0.713943 0.0517376
-0.713543 0.0518302
-0.713143 0.0519231
-0.712743 0.0520165
-0.712342 0.0521104
-0.711942 0.0522047
-0.711542 0.0522995
-0.711142 0.0523947
-0.710742 0.0524904
-0.710342 0.0525865
-0.709942 0.0526831
-0.709542 0.0527802
-0.709142 0.0528777
-0.708742 0.0529756
-0.708342 0.0530741
-0.707942 0.0531729
-0.707542 0.0532723
-0.707141 0.0533721
-0.706741 0.0534723
-0.706341 0.0535731
-0.705941 0.0536743
-0.705541 0.0537759
-0.705141 0.0538781
-0.704741 0.0539807
-0.704341 0.0540837
-0.703941 0.0541873
-0.703541 0.0542913
-0.703141 0.0543958
-0.702741 0.0545007
-0.70234 0.0546061
-0.70194 0.054712
-0.70154 0.0548184
-0.70114 0.0549253
-0.70074 0.0550326
-0.70034 0.0551404
-0.69994 0.0552487
-0.69954 0.0553575
-0.69914 0.0554668
-0.69874 0.0555765
-0.69834 0.0556868
-0.69794 0.0557975
-0.69754 0.0559087
-0.697139 0.0560204
-0.696739 0.0561325
-0.696339 0.0562452
-0.695939 0.0563584
-0.695539 0.056472
-0.695139 0.0565862
-0.694739 0.0567008
-0.694339 0.0568159
-0.693939 0.0569315
-0.693539 0.0570477
-0.693139 0.0571643
-0.692739 0.0572814
-0.692338 0.057399
-0.691938 0.0575171
-0.691538 0.0576358
-0.691138 0.0577549
-0.690738 0.0578745
-0.690338 0.0579946
-0.689938 0.0581153
-0.689538 0.0582364
-0.689138 0.0583581
-0.688738 0.0584802
-0.688338 0.0586029
-0.687938 0.0587261
-0.687538 0.0588498
-0.687137 0.058974
-0.686737 0.0590987
-0.686337 0.0592239
-0.685937 0.0593497
-0.685537 0.0594759
-0.685137 0.0596027
-0.684737 0.05973
-0.684337 0.0598578
-0.683937 0.0599862
-0.683537 0.0601151
-0.683137 0.0602444
-0.682737 0.0603744
-0.682336 0.0605048
-0.681936 0.0606357
-0.681536 0.0607672
-0.681136 0.0608993
-0.680736 0.0610318
-0.680336 0.0611649
-0.679936 0.0612985
-0.679536 0.0614326
-0.679136 0.0615673
-0.678736 0.0617025
-0.678336 0.0618382
-0.677936 0.0619745
-0.677536 0.0621113
-0.677135 0.0622487
-0.676735 0.0623865
-0.676335 0.062525
-0.675935 0.0626639
-0.675535 0.0628035
-0.675135 0.0629435
-0.674735 0.0630841
-0.674335 0.0632253
-0.673935 0.0633669
-0.673535 0.0635092
-0.673135 0.063652
-0.672735 0.0637953
-0.672334 0.0639392
-0.671934 0.0640836
-0.671534 0.0642286
-0.671134 0.0643741
-0.670734 0.0645202
-0.670334 0.0646669
-0.669934 0.0648141
-0.669534 0.0649618
-0.669134 0.0651102
-0.668734 0.065259
-0.668334 0.0654085
-0.667934 0.0655585
-0.667534 0.065709
-0.667133 0.0658602
-0.666733 0.0660118
-0.666333 0.0661641
-0.665933 0.0663169
-0.665533 0.0664703
-0.665133 0.0666243
-0.664733 0.0667788
-0.664333 0.0669339
-0.663933 0.0670895
-0.663533 0.0672458
-0.663133 0.0674026
-0.662733 0.06756
-0.662332 0.0677179
-0.661932 0.0678765
-0.661532 0.0680356
-0.661132 0.0681953
-0.660732 0.0683555
-0.660332 0.0685164
-0.659932 0.0686778
-0.659532 0.0688398
-0.659132 0.0690024
-0.658732 0.0691656
-0.658332 0.0693294
-0.657932 0.0694937
-0.657532 0.0696587
-0.657131 0.0698242
-0.656731 0.0699903
-0.656331 0.070157
-0.655931 0.0703243
-0.655531 0.0704922
-0.655131 0.0706607
-0.654731 0.0708298
-0.654331 0.0709994
-0.653931 0.0711697
-0.653531 0.0713406
-0.653131 0.071512
-0.652731 0.0716841
-0.65233 0.0718568
-0.65193 0.07203
-0.65153 0.0722039
-0.65113 0.0723784
-0.65073 0.0725534
-0.65033 0.0727291
-0.64993 0.0729054
-0.64953 0.0730823
-0.64913 0.0732598
-0.64873 0.0734379
-0.64833 0.0736166
-0.64793 0.073796
-0.64753 0.0739759
-0.647129 0.0741565
-0.646729 0.0743377
-0.646329 0.0745194
-0.645929 0.0747018
-0.645529 0.0748849
-0.645129 0.0750685
-0.644729 0.0752528
-0.644329 0.0754377
-0.643929 0.0756232
-0.643529 0.0758093
-0.643129 0.075996
-0.642729 0.0761834
-0.642328 0.0763714
-0.641928 0.07656
-0.641528 0.0767493
-0.641128 0.0769392
-0.640728 0.0771297
-0.640328 0.0773208
-0.639928 0.0775126
-0.639528 0.077705
-0.639128 0.077898
-0.638728 0.0780917
-0.638328 0.078286
-0.637928 0.078481
-0.637528 0.0786766
-0.637127 0.0788728
-0.636727 0.0790696
-0.636327 0.0792671
-0.635927 0.0794653
-0.635527 0.0796641
-0.635127 0.0798635
-0.634727 0.0800636
-0.634327 0.0802643
-0.633927 0.0804657
-0.633527 0.0806677
-0.633127 0.0808703
-0.632727 0.0810737
-0.632326 0.0812776
-0.631926 0.0814822
-0.631526 0.0816875
-0.631126 0.0818934
-0.630726 0.0821
-0.630326 0.0823072
-0.629926 0.0825151
-0.629526 0.0827237
-0.629126 0.0829329
-0.628726 0.0831427
-0.628326 0.0833533
-0.627926 0.0835645
-0.627526 0.0837763
-0.627125 0.0839888
-0.626725 0.084202
-0.626325 0.0844158
-0.625925 0.0846304
-0.625525 0.0848455
-0.625125 0.0850614
-0.624725 0.0852779
-0.624325 0.0854951
-0.623925 0.085713
-0.623525 0.0859315
-0.623125 0.0861507
-0.622725 0.0863706
-0.622324 0.0865911
-0.621924 0.0868124
-0.621524 0.0870343
-0.621124 0.0872569
-0.620724 0.0874801
-0.620324 0.0877041
-0.619924 0.0879287
-0.619524 0.088154
-0.619124 0.08838
-0.618724 0.0886067
-0.618324 0.0888341
-0.617924 0.0890622
-0.617524 0.0892909
-0.617123 0.0895203
-0.616723 0.0897505
-0.616323 0.0899813
-0.615923 0.0902128
-0.615523 0.090445
-0.615123 0.0906779
-0.614723 0.0909115
-0.614323 0.0911458
-0.613923 0.0913807
-0.613523 0.0916164
-0.613123 0.0918528
-0.612723 0.0920899
-0.612322 0.0923277
-0.611922 0.0925661
-0.611522 0.0928053
-0.611122 0.0930452
-0.610722 0.0932858
-0.610322 0.0935271
-0.609922 0.0937691
-0.609522 0.0940118
-0.609122 0.0942553
-0.608722 0.0944994
-0.608322 0.0947442
-0.607922 0.0949898
-0.607522 0.0952361
-0.607121 0.0954831
-0.606721 0.0957308
-0.606321 0.0959792
-0.605921 0.0962283
-0.605521 0.0964782
-0.605121 0.0967287
-0.604721 0.09698
-0.604321 0.097232
-0.603921 0.0974848
-0.603521 0.0977382
-0.603121 0.0979924
-0.602721 0.0982473
-0.60232 0.098503
-0.60192 0.0987593
-0.60152 0.0990164
-0.60112 0.0992742
-0.60072 0.0995328
-0.60032 0.099792
-0.59992 0.100052
-0.59952 0.100313
-0.59912 0.100574
-0.59872 0.100836
-0.59832 0.101099
-0.59792 0.101363
-0.59752 0.101627
-0.597119 0.101893
-0.596719 0.102158
-0.596319 0.102425
-0.595919 0.102692
-0.595519 0.10296
-0.595119 0.103229
-0.594719 0.103498
-0.594319 0.103769
-0.593919 0.104039
-0.593519 0.104311
-0.593119 0.104583
-0.592719 0.104856
-0.592318 0.10513
-0.591918 0.105404
-0.591518 0.105679
-0.591118 0.105955
-0.590718 0.106232
-0.590318 0.106509
-0.589918 0.106787
-0.589518 0.107066
-0.589118 0.107345
-0.588718 0.107625
-0.588318 0.107906
-0.587918 0.108187
-0.587518 0.108469
-0.587117 0.108752
-0.586717 0.109035
-0.586317 0.10932
-0.585917 0.109604
-0.585517 0.10989
-0.585117 0.110176
-0.584717 0.110463
-0.584317 0.110751
-0.583917 0.111039
-0.583517 0.111328
-0.583117 0.111617
-0.582717 0.111908
-0.582316 0.112199
-0.581916 0.11249
-0.581516 0.112783
-0.581116 0.113076
-0.580716 0.113369
-0.580316 0.113664
-0.579916 0.113959
-0.579516 0.114254
-0.579116 0.114551
-0.578716 0.114847
-0.578316 0.115145
-0.577916 0.115443
-0.577516 0.115742
-0.577115 0.116042
-0.576715 0.116342
-0.576315 0.116643
-0.575915 0.116945
-0.575515 0.117247
-0.575115 0.11755
-0.574715 0.117853
-0.574315 0.118158
-0.573915 0.118462
-0.573515 0.118768
-0.573115 0.119074
-0.572715 0.119381
-0.572314 0.119688
-0.571914 0.119996
-0.571514 0.120305
-0.571114 0.120614
-0.570714 0.120924
-0.570314 0.121234
-0.569914 0.121546
-0.569514 0.121857
-0.569114 0.12217
-0.568714 0.122483
-0.568314 0.122797
-0.567914 0.123111
-0.567514 0.123426
-0.567113 0.123742
-0.566713 0.124058
-0.566313 0.124375
-0.565913 0.124692
-0.565513 0.12501
-0.565113 0.125329
-0.564713 0.125648
-0.564313 0.125968
-0.563913 0.126288
-0.563513 0.12661
-0.563113 0.126931
-0.562713 0.127254
-0.562312 0.127577
-0.561912 0.1279
-0.561512 0.128224
-0.561112 0.128549
-0.560712 0.128874
-0.560312 0.1292
-0.559912 0.129527
-0.559512 0.129854
-0.559112 0.130182
-0.558712 0.13051
-0.558312 0.130839
-0.557912 0.131169
-0.557512 0.131499
-0.557111 0.131829
-0.556711 0.132161
-0.556311 0.132493
-0.555911 0.132825
-0.555511 0.133158
-0.555111 0.133492
-0.554711 0.133826
-0.554311 0.134161
-0.553911 0.134496
-0.553511 0.134832
-0.553111 0.135169
-0.552711 0.135506
-0.55231 0.135843
-0.55191 0.136182
-0.55151 0.13652
-0.55111 0.13686
-0.55071 0.1372
-0.55031 0.13754
-0.54991 0.137881
-0.54951 0.138223
-0.54911 0.138565
-0.54871 0.138908
-0.54831 0.139251
-0.54791 0.139595
-0.54751 0.139939
-0.547109 0.140284
-0.546709 0.14063
-0.546309 0.140976
-0.545909 0.141323
-0.545509 0.14167
-0.545109 0.142018
-0.544709 0.142366
-0.544309 0.142715
-0.543909 0.143064
-0.543509 0.143414
-0.543109 0.143764
-0.542709 0.144115
-0.542308 0.144467
-0.541908 0.144819
-0.541508 0.145171
-0.541108 0.145525
-0.540708 0.145878
-0.540308 0.146232
-0.539908 0.146587
-0.539508 0.146942
-0.539108 0.147298
-0.538708 0.147655
-0.538308 0.148011
-0.537908 0.148369
-0.537508 0.148727
-0.537107 0.149085
-0.536707 0.149444
-0.536307 0.149803
-0.535907 0.150163
-0.535507 0.150524
-0.535107 0.150885
-0.534707 0.151246
-0.534307 0.151608
-0.533907 0.151971
-0.533507 0.152334
-0.533107 0.152697
-0.532707 0.153061
-0.532306 0.153426
-0.531906 0.153791
-0.531506 0.154156
-0.531106 0.154523
-0.530706 0.154889
-0.530306 0.155256
-0.529906 0.155624
-0.529506 0.155992
-0.529106 0.15636
-0.528706 0.156729
-0.528306 0.157099
-0.527906 0.157469
-0.527506 0.157839
-0.527105 0.15821
-0.526705 0.158582
-0.526305 0.158954
-0.525905 0.159326
-0.525505 0.159699
-0.525105 0.160072
-0.524705 0.160446
-0.524305 0.16082
-0.523905 0.161195
-0.523505 0.161571
-0.523105 0.161946
-0.522705 0.162323
-0.522304 0.162699
-0.521904 0.163076
-0.521504 0.163454
-0.521104 0.163832
-0.520704 0.164211
-0.520304 0.16459
-0.519904 0.164969
-0.519504 0.165349
-0.519104 0.16573
-0.518704 0.166111
-0.518304 0.166492
-0.517904 0.166874
-0.517504 0.167256
-0.517103 0.167639
-0.516703 0.168022
-0.516303 0.168405
-0.515903 0.168789
-0.515503 0.169174
-0.515103 0.169559
-0.514703 0.169944
-0.514303 0.17033
-0.513903 0.170716
-0.513503 0.171103
-0.513103 0.17149
-0.512703 0.171878
-0.512302 0.172266
-0.511902 0.172654
-0.511502 0.173043
-0.511102 0.173432
-0.510702 0.173822
-0.510302 0.174212
-0.509902 0.174603
-0.509502 0.174994
-0.509102 0.175385
-0.508702 0.175777
-0.508302 0.17617
-0.507902 0.176562
-0.507502 0.176955
-0.507101 0.177349
-0.506701 0.177743
-0.506301 0.178137
-0.505901 0.178532
-0.505501 0.178927
-0.505101 0.179323
-0.504701 0.179719
-0.504301 0.180116
-0.503901 0.180512
-0.503501 0.18091
-0.503101 0.181307
-0.502701 0.181706
-0.5023 0.182104
-0.5019 0.182503
-0.5015 0.182902
-0.5011 0.183302
-0.5007 0.183702
-0.5003 0.184102
-0.4999 0.184503
-0.4995 0.184905
-0.4991 0.185306
-0.4987 0.185708
-0.4983 0.186111
-0.4979 0.186513
-0.497499 0.186917
-0.497099 0.18732
-0.496699 0.187724
-0.496299 0.188129
-0.495899 0.188533
-0.495499 0.188938
-0.495099 0.189344
-0.494699 0.18975
-0.494299 0.190156
-0.493899 0.190563
-0.493499 0.19097
-0.493099 0.191377
-0.492699 0.191785
-0.492298 0.192193
-0.491898 0.192601
-0.491498 0.19301
-0.491098 0.193419
-0.490698 0.193829
-0.490298 0.194239
-0.489898 0.194649
-0.489498 0.19506
-0.489098 0.195471
-0.488698 0.195882
-0.488298 0.196294
-0.487898 0.196706
-0.487497 0.197118
-0.487097 0.197531
-0.486697 0.197944
-0.486297 0.198358
-0.485897 0.198771
-0.485497 0.199185
-0.485097 0.1996
-0.484697 0.200015
-0.484297 0.20043
-0.483897 0.200845
-0.483497 0.201261
-0.483097 0.201678
-0.482697 0.202094
-0.482296 0.202511
-0.481896 0.202928
-0.481496 0.203346
-0.481096 0.203764
-0.480696 0.204182
-0.480296 0.2046
-0.479896 0.205019
-0.479496 0.205438
-0.479096 0.205858
-0.478696 0.206277
-0.478296 0.206698
-0.477896 0.207118
-0.477495 0.207539
-0.477095 0.20796
-0.476695 0.208381
-0.476295 0.208803
-0.475895 0.209225
-0.475495 0.209647
-0.475095 0.21007
-0.474695 0.210493
-0.474295 0.210916
-0.473895 0.21134
-0.473495 0.211764
-0.473095 0.212188
-0.472695 0.212612
-0.472294 0.213037
-0.471894 0.213462
-0.471494 0.213888
-0.471094 0.214313
-0.470694 0.214739
-0.470294 0.215165
-0.469894 0.215592
-0.469494 0.216019
-0.469094 0.216446
-0.468694 0.216873
-0.468294 0.217301
-0.467894 0.217729
-0.467493 0.218157
-0.467093 0.218586
-0.466693 0.219015
-0.466293 0.219444
-0.465893 0.219873
-0.465493 0.220303
-0.465093 0.220733
-0.464693 0.221163
-0.464293 0.221594
-0.463893 0.222024
-0.463493 0.222455
-0.463093 0.222887
-0.462693 0.223318
-0.462292 0.22375
-0.461892 0.224182
-0.461492 0.224615
-0.461092 0.225047
-0.460692 0.22548
-0.460292 0.225913
-0.459892 0.226347
-0.459492 0.22678
-0.459092 0.227214
-0.458692 0.227648
-0.458292 0.228083
-0.457892 0.228518
-0.457491 0.228952
-0.457091 0.229388
-0.456691 0.229823
-0.456291 0.230259
-0.455891 0.230695
-0.455491 0.231131
-0.455091 0.231567
-0.454691 0.232004
-0.454291 0.232441
-0.453891 0.232878
-0.453491 0.233315
-0.453091 0.233753
-0.452691 0.234191
-0.45229 0.234629
-0.45189 0.235067
-0.45149 0.235505
-0.45109 0.235944
-0.45069 0.236383
-0.45029 0.236822
-0.44989 0.237262
-0.44949 0.237701
-0.44909 0.238141
-0.44869 0.238581
-0.44829 0.239022
-0.44789 0.239462
-0.447489 0.239903
-0.447089 0.240344
-0.446689 0.240785
-0.446289 0.241226
-0.445889 0.241668
-0.445489 0.24211
-0.445089 0.242552
-0.444689 0.242994
-0.444289 0.243436
-0.443889 0.243879
-0.443489 0.244322
-0.443089 0.244765
-0.442689 0.245208
-0.442288 0.245651
-0.441888 0.246095
-0.441488 0.246539
-0.441088 0.246983
-0.440688 0.247427
-0.440288 0.247871
-0.439888 0.248316
-0.439488 0.248761
-0.439088 0.249206
-0.438688 0.249651
-0.438288 0.250096
-0.437888 0.250542
-0.437487 0.250987
-0.437087 0.251433
-0.436687 0.251879
-0.436287 0.252326
-0.435887 0.252772
-0.435487 0.253219
-0.435087 0.253665
-0.434687 0.254112
-0.434287 0.254559
-0.433887 0.255007
-0.433487 0.255454
-0.433087 0.255902
-0.432687 0.256349
-0.432286 0.256797
-0.431886 0.257245
-0.431486 0.257694
-0.431086 0.258142
-0.430686 0.258591
-0.430286 0.259039
-0.429886 0.259488
-0.429486 0.259937
-0.429086 0.260387
-0.428686 0.260836
-0.428286 0.261285
-0.427886 0.261735
-0.427485 0.262185
-0.427085 0.262635
-0.426685 0.263085
-0.426285 0.263535
-0.425885 0.263985
-0.425485 0.264436
-0.425085 0.264887
-0.424685 0.265337
-0.424285 0.265788
-0.423885 0.266239
-0.423485 0.266691
-0.423085 0.267142
-0.422685 0.267593
-0.422284 0.268045
-0.421884 0.268497
-0.421484 0.268949
-0.421084 0.269401
-0.420684 0.269853
-0.420284 0.270305
-0.419884 0.270757
-0.419484 0.27121
-0.419084 0.271662
-0.418684 0.272115
-0.418284 0.272568
-0.417884 0.273021
-0.417483 0.273474
-0.417083 0.273927
-0.416683 0.27438
-0.416283 0.274834
-0.415883 0.275287
-0.415483 0.275741
-0.415083 0.276194
-0.414683 0.276648
-0.414283 0.277102
-0.413883 0.277556
-0.413483 0.27801
-0.413083 0.278465
-0.412683 0.278919
-0.412282 0.279373
-0.411882 0.279828
-0.411482 0.280282
-0.411082 0.280737
-0.410682 0.281192
-0.410282 0.281647
-0.409882 0.282102
-0.409482 0.282557
-0.409082 0.283012
-0.408682 0.283467
-0.408282 0.283922
-0.407882 0.284378
-0.407481 0.284833
-0.407081 0.285289
-0.406681 0.285744
-0.406281 0.2862
-0.405881 0.286656
-0.405481 0.287112
-0.405081 0.287568
-0.404681 0.288023
-0.404281 0.28848
-0.403881 0.288936
-0.403481 0.289392
-0.403081 0.289848
-0.402681 0.290304
-0.40228 0.290761
-0.40188 0.291217
-0.40148 0.291674
-0.40108 0.29213
-0.40068 0.292587
-0.40028 0.293044
-0.39988 0.2935
-0.39948 0.293957
-0.39908 0.294414
-0.39868 0.294871
-0.39828 0.295328
-0.39788 0.295785
-0.397479 0.296242
-0.397079 0.296699
-0.396679 0.297156
-0.396279 0.297613
-0.395879 0.29807
-0.395479 0.298527
-0.395079 0.298985
-0.394679 0.299442
-0.394279 0.299899
-0.393879 0.300357
-0.393479 0.300814
-0.393079 0.301271
-0.392679 0.301729
-0.392278 0.302186
-0.391878 0.302644
-0.391478 0.303101
-0.391078 0.303559
-0.390678 0.304017
-0.390278 0.304474
-0.389878 0.304932
-0.389478 0.305389
-0.389078 0.305847
-0.388678 0.306305
-0.388278 0.306762
-0.387878 0.30722
-0.387477 0.307678
-0.387077 0.308136
-0.386677 0.308593
-0.386277 0.309051
-0.385877 0.309509
-0.385477 0.309967
-0.385077 0.310424
-0.384677 0.310882
-0.384277 0.31134
-0.383877 0.311798
-0.383477 0.312255
-0.383077 0.312713
-0.382677 0.313171
-0.382276 0.313629
-0.381876 0.314086
-0.381476 0.314544
-0.381076 0.315002
-0.380676 0.31546
-0.380276 0.315917
-0.379876 0.316375
-0.379476 0.316833
-0.379076 0.31729
-0.378676 0.317748
-0.378276 0.318206
-0.377876 0.318663
-0.377475 0.319121
-0.377075 0.319578
-0.376675 0.320036
-0.376275 0.320493
-0.375875 0.320951
-0.375475 0.321408
-0.375075 0.321866
-0.374675 0.322323
-0.374275 0.32278
-0.373875 0.323238
-0.373475 0.323695
-0.373075 0.324152
-0.372675 0.324609
-0.372274 0.325067
-0.371874 0.325524
-0.371474 0.325981
-0.371074 0.326438
-0.370674 0.326895
-0.370274 0.327352
-0.369874 0.327809
-0.369474 0.328265
-0.369074 0.328722
-0.368674 0.329179
-0.368274 0.329636
-0.367874 0.330092
-0.367473 0.330549
-0.367073 0.331005
-0.366673 0.331462
-0.366273 0.331918
-0.365873 0.332375
-0.365473 0.332831
-0.365073 0.333287
-0.364673 0.333743
-0.364273 0.334199
-0.363873 0.334655
-0.363473 0.335111
-0.363073 0.335567
-0.362673 0.336023
-0.362272 0.336479
-0.361872 0.336934
-0.361472 0.33739
-0.361072 0.337845
-0.360672 0.338301
-0.360272 0.338756
-0.359872 0.339211
-0.359472 0.339667
-0.359072 0.340122
-0.358672 0.340577
-0.358272 0.341032
-0.357872 0.341486
-0.357471 0.341941
-0.357071 0.342396
-0.356671 0.34285
-0.356271 0.343305
-0.355871 0.343759
-0.355471 0.344214
-0.355071 0.344668
-0.354671 0.345122
-0.354271 0.345576
-0.353871 0.34603
-0.353471 0.346483
-0.353071 0.346937
-0.352671 0.347391
-0.35227 0.347844
-0.35187 0.348297
-0.35147 0.348751
-0.35107 0.349204
-0.35067 0.349657
-0.35027 0.35011
-0.34987 0.350562
-0.34947 0.351015
-0.34907 0.351467
-0.34867 0.35192
-0.34827 0.352372
-0.34787 0.352824
-0.347469 0.353276
-0.347069 0.353728
-0.346669 0.35418
-0.346269 0.354632
-0.345869 0.355083
-0.345469 0.355535
-0.345069 0.355986
-0.344669 0.356437
-0.344269 0.356888
-0.343869 0.357339
-0.343469 0.35779
-0.343069 0.35824
-0.342669 0.358691
-0.342268 0.359141
-0.341868 0.359591
-0.341468 0.360041
-0.341068 0.360491
-0.340668 0.360941
-0.340268 0.36139
-0.339868 0.36184
-0.339468 0.362289
-0.339068 0.362738
-0.338668 0.363187
-0.338268 0.363636
-0.337868 0.364085
-0.337467 0.364533
-0.337067 0.364981
-0.336667 0.36543
-0.336267 0.365878
-0.335867 0.366325
-0.335467 0.366773
-0.335067 0.367221
-0.334667 0.367668
-0.334267 0.368115
-0.333867 0.368562
-0.333467 0.369009
-0.333067 0.369456
-0.332667 0.369902
-0.332266 0.370349
-0.331866 0.370795
-0.331466 0.371241
-0.331066 0.371686
-0.330666 0.372132
-0.330266 0.372577
-0.329866 0.373023
-0.329466 0.373468
-0.329066 0.373913
-0.328666 0.374357
-0.328266 0.374802
-0.327866 0.375246
-0.327465 0.37569
-0.327065 0.376134
-0.326665 0.376578
-0.326265 0.377021
-0.325865 0.377465
-0.325465 0.377908
-0.325065 0.378351
-0.324665 0.378793
-0.324265 0.379236
-0.323865 0.379678
-0.323465 0.38012
-0.323065 0.380562
-0.322665 0.381004
-0.322264 0.381445
-0.321864 0.381887
-0.321464 0.382328
-0.321064 0.382768
-0.320664 0.383209
-0.320264 0.38365
-0.319864 0.38409
-0.319464 0.38453
-0.319064 0.384969
-0.318664 0.385409
-0.318264 0.385848
-0.317864 0.386287
-0.317463 0.386726
-0.317063 0.387165
-0.316663 0.387603
-0.316263 0.388041
-0.315863 0.388479
-0.315463 0.388917
-0.315063 0.389355
-0.314663 0.389792
-0.314263 0.390229
-0.313863 0.390666
-0.313463 0.391102
-0.313063 0.391538
-0.312663 0.391974
-0.312262 0.39241
-0.311862 0.392846
-0.311462 0.393281
-0.311062 0.393716
-0.310662 0.394151
-0.310262 0.394585
-0.309862 0.39502
-0.309462 0.395454
-0.309062 0.395888
-0.308662 0.396321
-0.308262 0.396754
-0.307862 0.397187
-0.307461 0.39762
-0.307061 0.398053
-0.306661 0.398485
-0.306261 0.398917
-0.305861 0.399349
-0.305461 0.39978
-0.305061 0.400211
-0.304661 0.400642
-0.304261 0.401073
-0.303861 0.401503
-0.303461 0.401933
-0.303061 0.402363
-0.302661 0.402793
-0.30226 0.403222
-0.30186 0.403651
-0.30146 0.404079
-0.30106 0.404508
-0.30066 0.404936
-0.30026 0.405364
-0.29986 0.405791
-0.29946 0.406219
-0.29906 0.406646
-0.29866 0.407072
-0.29826 0.407499
-0.29786 0.407925
-0.297459 0.408351
-0.297059 0.408776
-0.296659 0.409201
-0.296259 0.409626
-0.295859 0.410051
-0.295459 0.410475
-0.295059 0.410899
-0.294659 0.411323
-0.294259 0.411746
-0.293859 0.41217
-0.293459 0.412592
-0.293059 0.413015
-0.292659 0.413437
-0.292258 0.413859
-0.291858 0.414281
-0.291458 0.414702
-0.291058 0.415123
-0.290658 0.415543
-0.290258 0.415964
-0.289858 0.416384
-0.289458 0.416803
-0.289058 0.417223
-0.288658 0.417642
-0.288258 0.41806
-0.287858 0.418479
-0.287457 0.418897
-0.287057 0.419314
-0.286657 0.419732
-0.286257 0.420149
-0.285857 0.420565
-0.285457 0.420982
-0.285057 0.421398
-0.284657 0.421813
-0.284257 0.422229
-0.283857 0.422644
-0.283457 0.423058
-0.283057 0.423473
-0.282657 0.423887
-0.282256 0.4243
-0.281856 0.424714
-0.281456 0.425127
-0.281056 0.425539
-0.280656 0.425951
-0.280256 0.426363
-0.279856 0.426775
-0.279456 0.427186
-0.279056 0.427597
-0.278656 0.428007
-0.278256 0.428417
-0.277856 0.428827
-0.277455 0.429236
-0.277055 0.429646
-0.276655 0.430054
-0.276255 0.430462
-0.275855 0.43087
-0.275455 0.431278
-0.275055 0.431685
-0.274655 0.432092
-0.274255 0.432498
-0.273855 0.432904
-0.273455 0.43331
-0.273055 0.433715
-0.272655 0.43412
-0.272254 0.434525
-0.271854 0.434929
-0.271454 0.435333
-0.271054 0.435736
-0.270654 0.436139
-0.270254 0.436542
-0.269854 0.436944
-0.269454 0.437346
-0.269054 0.437747
-0.268654 0.438148
-0.268254 0.438549
-0.267854 0.438949
-0.267453 0.439349
-0.267053 0.439749
-0.266653 0.440148
-0.266253 0.440547
-0.265853 0.440945
-0.265453 0.441343
-0.265053 0.44174
-0.264653 0.442137
-0.264253 0.442534
-0.263853 0.44293
-0.263453 0.443326
-0.263053 0.443721
-0.262653 0.444116
-0.262252 0.444511
-0.261852 0.444905
-0.261452 0.445299
-0.261052 0.445692
-0.260652 0.446085
-0.260252 0.446478
-0.259852 0.44687
-0.259452 0.447262
-0.259052 0.447653
-0.258652 0.448044
-0.258252 0.448434
-0.257852 0.448824
-0.257451 0.449214
-0.257051 0.449603
-0.256651 0.449991
-0.256251 0.45038
-0.255851 0.450767
-0.255451 0.451155
-0.255051 0.451542
-0.254651 0.451928
-0.254251 0.452314
-0.253851 0.4527
-0.253451 0.453085
-0.253051 0.45347
-0.252651 0.453854
-0.25225 0.454238
-0.25185 0.454621
-0.25145 0.455004
-0.25105 0.455387
-0.25065 0.455769
-0.25025 0.45615
-0.24985 0.456531
-0.24945 0.456912
-0.24905 0.457292
-0.24865 0.457672
-0.24825 0.458051
-0.24785 0.45843
-0.247449 0.458808
-0.247049 0.459186
-0.246649 0.459564
-0.246249 0.45994
-0.245849 0.460317
-0.245449 0.460693
-0.245049 0.461068
-0.244649 0.461444
-0.244249 0.461818
-0.243849 0.462192
-0.243449 0.462566
-0.243049 0.462939
-0.242649 0.463312
-0.242248 0.463684
-0.241848 0.464056
-0.241448 0.464427
-0.241048 0.464797
-0.240648 0.465168
-0.240248 0.465537
-0.239848 0.465907
-0.239448 0.466275
-0.239048 0.466644
-0.238648 0.467012
-0.238248 0.467379
-0.237848 0.467746
-0.237447 0.468112
-0.237047 0.468478
-0.236647 0.468843
-0.236247 0.469208
-0.235847 0.469572
-0.235447 0.469936
-0.235047 0.470299
-0.234647 0.470662
-0.234247 0.471024
-0.233847 0.471386
-0.233447 0.471747
-0.233047 0.472108
-0.232647 0.472468
-0.232246 0.472828
-0.231846 0.473187
-0.231446 0.473546
-0.231046 0.473904
-0.230646 0.474261
-0.230246 0.474619
-0.229846 0.474975
-0.229446 0.475331
-0.229046 0.475687
-0.228646 0.476042
-0.228246 0.476396
-0.227846 0.47675
-0.227445 0.477103
-0.227045 0.477456
-0.226645 0.477809
-0.226245 0.47816
-0.225845 0.478512
-0.225445 0.478862
-0.225045 0.479213
-0.224645 0.479562
-0.224245 0.479911
-0.223845 0.48026
-0.223445 0.480608
-0.223045 0.480955
-0.222645 0.481302
-0.222244 0.481649
-0.221844 0.481994
-0.221444 0.48234
-0.221044 0.482684
-0.220644 0.483029
-0.220244 0.483372
-0.219844 0.483715
-0.219444 0.484058
-0.219044 0.4844
-0.218644 0.484741
-0.218244 0.485082
-0.217844 0.485422
-0.217443 0.485762
-0.217043 0.486101
-0.216643 0.486439
-0.216243 0.486777
-0.215843 0.487115
-0.215443 0.487451
-0.215043 0.487788
-0.214643 0.488123
-0.214243 0.488458
-0.213843 0.488793
-0.213443 0.489127
-0.213043 0.48946
-0.212643 0.489793
-0.212242 0.490125
-0.211842 0.490457
-0.211442 0.490788
-0.211042 0.491118
-0.210642 0.491448
-0.210242 0.491777
-0.209842 0.492106
-0.209442 0.492434
-0.209042 0.492761
-0.208642 0.493088
-0.208242 0.493414
-0.207842 0.49374
-0.207441 0.494065
-0.207041 0.494389
-0.206641 0.494713
-0.206241 0.495037
-0.205841 0.495359
-0.205441 0.495681
-0.205041 0.496003
-0.204641 0.496323
-0.204241 0.496644
-0.203841 0.496963
-0.203441 0.497282
-0.203041 0.497601
-0.202641 0.497918
-0.20224 0.498236
-0.20184 0.498552
-0.20144 0.498868
-0.20104 0.499183
-0.20064 0.499498
-0.20024 0.499812
-0.19984 0.500125
-0.19944 0.500438
-0.19904 0.50075
-0.19864 0.501062
-0.19824 0.501373
-0.19784 0.501683
-0.197439 0.501993
-0.197039 0.502302
-0.196639 0.50261
-0.196239 0.502918
-0.195839 0.503225
-0.195439 0.503531
-0.195039 0.503837
-0.194639 0.504142
-0.194239 0.504447
-0.193839 0.504751
-0.193439 0.505054
-0.193039 0.505357
-0.192639 0.505659
-0.192238 0.505961
-0.191838 0.506262
-0.191438 0.506562
-0.191038 0.506861
-0.190638 0.50716
-0.190238 0.507459
-0.189838 0.507757
-0.189438 0.508054
-0.189038 0.50835
-0.188638 0.508646
-0.188238 0.508941
-0.187838 0.509236
-0.187437 0.50953
-0.187037 0.509823
-0.186637 0.510116
-0.186237 0.510408
-0.185837 0.510699
-0.185437 0.51099
-0.185037 0.51128
-0.184637 0.51157
-0.184237 0.511859
-0.183837 0.512147
-0.183437 0.512435
-0.183037 0.512722
-0.182637 0.513008
-0.182236 0.513294
-0.181836 0.51358
-0.181436 0.513864
-0.181036 0.514148
-0.180636 0.514431
-0.180236 0.514714
-0.179836 0.514996
-0.179436 0.515277
-0.179036 0.515558
-0.178636 0.515838
-0.178236 0.516118
-0.177836 0.516397
-0.177435 0.516675
-0.177035 0.516953
-0.176635 0.51723
-0.176235 0.517506
-0.175835 0.517782
-0.175435 0.518057
-0.175035 0.518332
-0.174635 0.518606
-0.174235 0.518879
-0.173835 0.519152
-0.173435 0.519424
-0.173035 0.519695
-0.172635 0.519966
-0.172234 0.520236
-0.171834 0.520506
-0.171434 0.520775
-0.171034 0.521043
-0.170634 0.52131
-0.170234 0.521577
-0.169834 0.521844
-0.169434 0.52211
-0.169034 0.522375
-0.168634 0.522639
-0.168234 0.522903
-0.167834 0.523166
-0.167433 0.523429
-0.167033 0.523691
-0.166633 0.523952
-0.166233 0.524213
-0.165833 0.524473
-0.165433 0.524733
-0.165033 0.524992
-0.164633 0.52525
-0.164233 0.525507
-0.163833 0.525764
-0.163433 0.526021
-0.163033 0.526277
-0.162633 0.526532
-0.162232 0.526786
-0.161832 0.52704
-0.161432 0.527293
-0.161032 0.527546
-0.160632 0.527798
-0.160232 0.528049
-0.159832 0.5283
-0.159432 0.52855
-0.159032 0.528799
-0.158632 0.529048
-0.158232 0.529296
-0.157832 0.529544
-0.157431 0.529791
-0.157031 0.530037
-0.156631 0.530283
-0.156231 0.530528
-0.155831 0.530773
-0.155431 0.531016
-0.155031 0.53126
-0.154631 0.531502
-0.154231 0.531744
-0.153831 0.531985
-0.153431 0.532226
-0.153031 0.532466
-0.152631 0.532706
-0.15223 0.532944
-0.15183 0.533183
-0.15143 0.53342
-0.15103 0.533657
-0.15063 0.533893
-0.15023 0.534129
-0.14983 0.534364
-0.14943 0.534599
-0.14903 0.534832
-0.14863 0.535066
-0.14823 0.535298
-0.14783 0.53553
-0.147429 0.535761
-0.147029 0.535992
-0.146629 0.536222
-0.146229 0.536451
-0.145829 0.53668
-0.145429 0.536908
-0.145029 0.537136
-0.144629 0.537363
-0.144229 0.537589
-0.143829 0.537815
-0.143429 0.53804
-0.143029 0.538264
-0.142629 0.538488
-0.142228 0.538711
-0.141828 0.538933
-0.141428 0.539155
-0.141028 0.539377
-0.140628 0.539597
-0.140228 0.539817
-0.139828 0.540037
-0.139428 0.540255
-0.139028 0.540474
-0.138628 0.540691
-0.138228 0.540908
-0.137828 0.541124
-0.137427 0.54134
-0.137027 0.541555
-0.136627 0.541769
-0.136227 0.541983
-0.135827 0.542196
-0.135427 0.542408
-0.135027 0.54262
-0.134627 0.542832
-0.134227 0.543042
-0.133827 0.543252
-0.133427 0.543461
-0.133027 0.54367
-0.132627 0.543878
-0.132226 0.544086
-0.131826 0.544293
-0.131426 0.544499
-0.131026 0.544704
-0.130626 0.544909
-0.130226 0.545114
-0.129826 0.545317
-0.129426 0.54552
-0.129026 0.545723
-0.128626 0.545925
-0.128226 0.546126
-0.127826 0.546327
-0.127425 0.546527
-0.127025 0.546726
-0.126625 0.546925
-0.126225 0.547123
-0.125825 0.54732
-0.125425 0.547517
-0.125025 0.547713
-0.124625 0.547909
-0.124225 0.548104
-0.123825 0.548298
-0.123425 0.548492
-0.123025 0.548685
-0.122625 0.548877
-0.122224 0.549069
-0.121824 0.54926
-0.121424 0.549451
-0.121024 0.54964
-0.120624 0.54983
-0.120224 0.550018
-0.119824 0.550206
-0.119424 0.550394
-0.119024 0.550581
-0.118624 0.550767
-0.118224 0.550952
-0.117824 0.551137
-0.117423 0.551322
-0.117023 0.551505
-0.116623 0.551688
-0.116223 0.551871
-0.115823 0.552052
-0.115423 0.552233
-0.115023 0.552414
-0.114623 0.552594
-0.114223 0.552773
-0.113823 0.552952
-0.113423 0.55313
-0.113023 0.553307
-0.112623 0.553484
-0.112222 0.55366
-0.111822 0.553836
-0.111422 0.55401
-0.111022 0.554185
-0.110622 0.554358
-0.110222 0.554531
-0.109822 0.554704
-0.109422 0.554875
-0.109022 0.555047
-0.108622 0.555217
-0.108222 0.555387
-0.107822 0.555556
-0.107421 0.555725
-0.107021 0.555893
-0.106621 0.55606
-0.106221 0.556227
-0.105821 0.556393
-0.105421 0.556558
-0.105021 0.556723
-0.104621 0.556887
-0.104221 0.557051
-0.103821 0.557214
-0.103421 0.557376
-0.103021 0.557538
-0.102621 0.557699
-0.10222 0.55786
-0.10182 0.558019
-0.10142 0.558179
-0.10102 0.558337
-0.10062 0.558495
-0.10022 0.558653
-0.09982 0.558809
-0.0994199 0.558965
-0.0990198 0.559121
-0.0986197 0.559276
-0.0982196 0.55943
-0.0978196 0.559583
-0.0974195 0.559736
-0.0970194 0.559889
-0.0966193 0.56004
-0.0962192 0.560191
-0.0958192 0.560342
-0.0954191 0.560492
-0.095019 0.560641
-0.0946189 0.560789
-0.0942188 0.560937
-0.0938188 0.561085
-0.0934187 0.561231
-0.0930186 0.561377
-0.0926185 0.561523
-0.0922184 0.561667
-0.0918184 0.561812
-0.0914183 0.561955
-0.0910182 0.562098
-0.0906181 0.56224
-0.090218 0.562382
-0.089818 0.562523
-0.0894179 0.562663
-0.0890178 0.562803
-0.0886177 0.562942
-0.0882176 0.563081
-0.0878176 0.563219
-0.0874175 0.563356
-0.0870174 0.563493
-0.0866173 0.563629
-0.0862172 0.563764
-0.0858172 0.563899
-0.0854171 0.564033
-0.085017 0.564166
-0.0846169 0.564299
-0.0842168 0.564432
-0.0838168 0.564563
-0.0834167 0.564694
-0.0830166 0.564825
-0.0826165 0.564954
-0.0822164 0.565083
-0.0818164 0.565212
-0.0814163 0.56534
-0.0810162 0.565467
-0.0806161 0.565594
-0.080216 0.56572
-0.079816 0.565845
-0.0794159 0.56597
-0.0790158 0.566094
-0.0786157 0.566217
-0.0782156 0.56634
-0.0778156 0.566462
-0.0774155 0.566584
-0.0770154 0.566705
-0.0766153 0.566825
-0.0762152 0.566945
-0.0758152 0.567064
-0.0754151 0.567183
-0.075015 0.5673
-0.0746149 0.567418
-0.0742148 0.567534
-0.0738148 0.56765
-0.0734147 0.567766
-0.0730146 0.56788
-0.0726145 0.567994
-0.0722144 0.568108
-0.0718144 0.568221
-0.0714143 0.568333
-0.0710142 0.568444
-0.0706141 0.568555
-0.070214 0.568666
-0.069814 0.568775
-0.0694139 0.568884
-0.0690138 0.568993
-0.0686137 0.569101
-0.0682136 0.569208
-0.0678136 0.569314
-0.0674135 0.56942
-0.0670134 0.569526
-0.0666133 0.56963
-0.0662132 0.569734
-0.0658132 0.569838
-0.0654131 0.569941
-0.065013 0.570043
-0.0646129 0.570144
-0.0642128 0.570245
-0.0638128 0.570345
-0.0634127 0.570445
-0.0630126 0.570544
-0.0626125 0.570643
-0.0622124 0.57074
-0.0618124 0.570837
-0.0614123 0.570934
-0.0610122 0.57103
-0.0606121 0.571125
-0.060212 0.57122
-0.059812 0.571314
-0.0594119 0.571407
-0.0590118 0.5715
-0.0586117 0.571592
-0.0582116 0.571684
-0.0578116 0.571775
-0.0574115 0.571865
-0.0570114 0.571954
-0.0566113 0.572043
-0.0562112 0.572132
-0.0558112 0.57222
-0.0554111 0.572307
-0.055011 0.572393
-0.0546109 0.572479
-0.0542108 0.572564
-0.0538108 0.572649
-0.0534107 0.572733
-0.0530106 0.572816
-0.0526105 0.572899
-0.0522104 0.572981
-0.0518104 0.573063
-0.0514103 0.573143
-0.0510102 0.573224
-0.0506101 0.573303
-0.05021 0.573382
-0.04981 0.573461
-0.0494099 0.573538
-0.0490098 0.573615
-0.0486097 0.573692
-0.0482096 0.573768
-0.0478096 0.573843
-0.0474095 0.573918
-0.0470094 0.573992
-0.0466093 0.574065
-0.0462092 0.574138
-0.0458092 0.57421
-0.0454091 0.574281
-0.045009 0.574352
-0.0446089 0.574422
-0.0442088 0.574492
-0.0438088 0.574561
-0.0434087 0.574629
-0.0430086 0.574697
-0.0426085 0.574764
-0.0422084 0.57483
-0.0418084 0.574896
-0.0414083 0.574961
-0.0410082 0.575026
-0.0406081 0.57509
-0.040208 0.575153
-0.039808 0.575216
-0.0394079 0.575278
-0.0390078 0.575339
-0.0386077 0.5754
-0.0382076 0.57546
-0.0378076 0.57552
-0.0374075 0.575579
-0.0370074 0.575637
-0.0366073 0.575695
-0.0362072 0.575752
-0.0358072 0.575808
-0.0354071 0.575864
-0.035007 0.575919
-0.0346069 0.575973
-0.0342068 0.576027
-0.0338068 0.576081
-0.0334067 0.576133
-0.0330066 0.576185
-0.0326065 0.576237
-0.0322064 0.576287
-0.0318064 0.576338
-0.0314063 0.576387
-0.0310062 0.576436
-0.0306061 0.576484
-0.030206 0.576532
-0.029806 0.576579
-0.0294059 0.576625
-0.0290058 0.576671
-0.0286057 0.576716
-0.0282056 0.576761
-0.0278056 0.576805
-0.0274055 0.576848
-0.0270054 0.57689
-0.0266053 0.576932
-0.0262052 0.576974
-0.0258052 0.577015
-0.0254051 0.577055
-0.025005 0.577094
-0.0246049 0.577133
-0.0242048 0.577171
-0.0238048 0.577209
-0.0234047 0.577246
-0.0230046 0.577282
-0.0226045 0.577318
-0.0222044 0.577353
-0.0218044 0.577388
-0.0214043 0.577421
-0.0210042 0.577455
-0.0206041 0.577487
-0.020204 0.577519
-0.019804 0.57755
-0.0194039 0.577581
-0.0190038 0.577611
-0.0186037 0.577641
-0.0182036 0.57767
-0.0178036 0.577698
-0.0174035 0.577725
-0.0170034 0.577752
-0.0166033 0.577779
-0.0162032 0.577804
-0.0158032 0.577829
-0.0154031 0.577854
-0.015003 0.577878
-0.0146029 0.577901
-0.0142028 0.577923
-0.0138028 0.577945
-0.0134027 0.577967
-0.0130026 0.577987
-0.0126025 0.578007
-0.0122024 0.578027
-0.0118024 0.578046
-0.0114023 0.578064
-0.0110022 0.578081
-0.0106021 0.578098
-0.010202 0.578115
-0.00980196 0.57813
-0.00940188 0.578145
-0.0090018 0.57816
-0.00860172 0.578174
-0.00820164 0.578187
-0.00780156 0.578199
-0.00740148 0.578211
-0.0070014 0.578222
-0.00660132 0.578233
-0.00620124 0.578243
-0.00580116 0.578253
-0.00540108 0.578261
-0.005001 0.578269
-0.00460092 0.578277
-0.00420084 0.578284
-0.00380076 0.57829
-0.00340068 0.578296
-0.0030006 0.578301
-0.00260052 0.578305
-0.00220044 0.578309
-0.00180036 0.578312
-0.00140028 0.578315
-0.0010002 0.578316
-0.00060012 0.578318
-0.00020004 0.578318
0.00020004 0.578318
0.00060012 0.578318
0.0010002 0.578316
0.00140028 0.578315
0.00180036 0.578312
0.00220044 0.578309
0.00260052 0.578305
0.0030006 0.578301
0.00340068 0.578296
0.00380076 0.57829
0.00420084 0.578284
0.00460092 0.578277
0.005001 0.578269
0.00540108 0.578261
0.00580116 0.578253
0.00620124 0.578243
0.00660132 0.578233
0.0070014 0.578222
0.00740148 0.578211
0.00780156 0.578199
0.00820164 0.578187
0.00860172 0.578174
0.0090018 0.57816
0.00940188 0.578145
0.00980196 0.57813
0.010202 0.578115
0.0106021 0.578098
0.0110022 0.578081
0.0114023 0.578064
0.0118024 0.578046
0.0122024 0.578027
0.0126025 0.578007
0.0130026 0.577987
0.0134027 0.577967
0.0138028 0.577945
0.0142028 0.577923
0.0146029 0.577901
0.015003 0.577878
0.0154031 0.577854
0.0158032 0.577829
0.0162032 0.577804
0.0166033 0.577779
0.0170034 0.577752
0.0174035 0.577725
0.0178036 0.577698
0.0182036 0.57767
0.0186037 0.577641
0.0190038 0.577611
0.0194039 0.577581
0.019804 0.57755
0.020204 0.577519
0.0206041 0.577487
0.0210042 0.577455
0.0214043 0.577421
0.0218044 0.577388
0.0222044 0.577353
0.0226045 0.577318
0.0230046 0.577282
0.0234047 0.577246
0.0238048 0.577209
0.0242048 0.577171
0.0246049 0.577133
0.025005 0.577094
0.0254051 0.577055
0.0258052 0.577015
0.0262052 0.576974
0.0266053 0.576932
0.0270054 0.57689
0.0274055 0.576848
0.0278056 0.576805
0.0282056 0.576761
0.0286057 0.576716
0.0290058 0.576671
0.0294059 0.576625
0.029806 0.576579
0.030206 0.576532
0.0306061 0.576484
0.0310062 0.576436
0.0314063 0.576387
0.0318064 0.576338
0.0322064 0.576287
0.0326065 0.576237
0.0330066 0.576185
0.0334067 0.576133
0.0338068 0.576081
0.0342068 0.576027
0.0346069 0.575973
0.035007 0.575919
0.0354071 0.575864
0.0358072 0.575808
0.0362072 0.575752
0.0366073 0.575695
0.0370074 0.575637
0.0374075 0.575579
0.0378076 0.57552
0.0382076 0.57546
0.0386077 0.5754
0.0390078 0.575339
0.0394079 0.575278
0.039808 0.575216
0.040208 0.575153
0.0406081 0.57509
0.0410082 0.575026
0.0414083 0.574961
0.0418084 0.574896
0.0422084 0.57483
0.0426085 0.574764
0.0430086 0.574697
0.0434087 0.574629
0.0438088 0.574561
0.0442088 0.574492
0.0446089 0.574422
0.045009 0.574352
0.0454091 0.574281
0.0458092 0.57421
0.0462092 0.574138
0.0466093 0.574065
0.0470094 0.573992
0.0474095 0.573918
0.0478096 0.573843
0.0482096 0.573768
0.0486097 0.573692
0.0490098 0.573615
0.0494099 0.573538
0.04981 0.573461
0.05021 0.573382
0.0506101 0.573303
0.0510102 0.573224
0.0514103 0.573143
0.0518104 0.573063
0.0522104 0.572981
0.0526105 0.572899
0.0530106 0.572816
0.0534107 0.572733
0.0538108 0.572649
0.0542108 0.572564
0.0546109 0.572479
0.055011 0.572393
0.0554111 0.572307
0.0558112 0.57222
0.0562112 0.572132
0.0566113 0.572043
0.0570114 0.571954
0.0574115 0.571865
0.0578116 0.571775
0.0582116 0.571684
0.0586117 0.571592
0.0590118 0.5715
0.0594119 0.571407
0.059812 0.571314
0.060212 0.57122
0.0606121 0.571125
0.0610122 0.57103
0.0614123 0.570934
0.0618124 0.570837
0.0622124 0.57074
0.0626125 0.570643
0.0630126 0.570544
0.0634127 0.570445
0.0638128 0.570345
0.0642128 0.570245
0.0646129 0.570144
0.065013 0.570043
0.0654131 0.569941
0.0658132 0.569838
0.0662132 0.569734
0.0666133 0.56963
0.0670134 0.569526
0.0674135 0.56942
0.0678136 0.569314
0.0682136 0.569208
0.0686137 0.569101
0.0690138 0.568993
0.0694139 0.568884
0.069814 0.568775
0.070214 0.568666
0.0706141 0.568555
0.0710142 0.568444
0.0714143 0.568333
0.0718144 0.568221
0.0722144 0.568108
0.0726145 0.567994
0.0730146 0.56788
0.0734147 0.567766
0.0738148 0.56765
0.0742148 0.567534
0.0746149 0.567418
0.075015 0.5673
0.0754151 0.567183
0.0758152 0.567064
0.0762152 0.566945
0.0766153 0.566825
0.0770154 0.566705
0.0774155 0.566584
0.0778156 0.566462
0.0782156 0.56634
0.0786157 0.566217
0.0790158 0.566094
0.0794159 0.56597
0.079816 0.565845
0.080216 0.56572
0.0806161 0.565594
0.0810162 0.565467
0.0814163 0.56534
0.0818164 0.565212
0.0822164 0.565083
0.0826165 0.564954
0.0830166 0.564825
0.0834167 0.564694
0.0838168 0.564563
0.0842168 0.564432
0.0846169 0.564299
0.085017 0.564166
0.0854171 0.564033
0.0858172 0.563899
0.0862172 0.563764
0.0866173 0.563629
0.0870174 0.563493
0.0874175 0.563356
0.0878176 0.563219
0.0882176 0.563081
0.0886177 0.562942
0.0890178 0.562803
0.0894179 0.562663
0.089818 0.562523
0.090218 0.562382
0.0906181 0.56224
0.0910182 0.562098
0.0914183 0.561955
0.0918184 0.561812
0.0922184 0.561667
0.0926185 0.561523
0.0930186 0.561377
0.0934187 0.561231
0.0938188 0.561085
0.0942188 0.560937
0.0946189 0.560789
0.095019 0.560641
0.0954191 0.560492
0.0958192 0.560342
0.0962192 0.560191
0.0966193 0.56004
0.0970194 0.559889
0.0974195 0.559736
0.0978196 0.559583
0.0982196 0.55943
0.0986197 0.559276
0.0990198 0.559121
0.0994199 0.558965
0.09982 0.558809
0.10022 0.558653
0.10062 0.558495
0.10102 0.558337
0.10142 0.558179
0.10182 0.558019
0.10222 0.55786
0.102621 0.557699
0.103021 0.557538
0.103421 0.557376
0.103821 0.557214
0.104221 0.557051
0.104621 0.556887
0.105021 0.556723
0.105421 0.556558
0.105821 0.556393
0.106221 0.556227
0.106621 0.55606
0.107021 0.555893
0.107421 0.555725
0.107822 0.555556
0.108222 0.555387
0.108622 0.555217
0.109022 0.555047
0.109422 0.554875
0.109822 0.554704
0.110222 0.554531
0.110622 0.554358
0.111022 0.554185
0.111422 0.55401
0.111822 0.553836
0.112222 0.55366
0.112623 0.553484
0.113023 0.553307
0.113423 0.55313
0.113823 0.552952
0.114223 0.552773
0.114623 0.552594
0.115023 0.552414
0.115423 0.552233
0.115823 0.552052
0.116223 0.551871
0.116623 0.551688
0.117023 0.551505
0.117423 0.551322
0.117824 0.551137
0.118224 0.550952
0.118624 0.550767
0.119024 0.550581
0.119424 0.550394
0.119824 0.550206
0.120224 0.550018
0.120624 0.54983
0.121024 0.54964
0.121424 0.549451
0.121824 0.54926
0.122224 0.549069
0.122625 0.548877
0.123025 0.548685
0.123425 0.548492
0.123825 0.548298
0.124225 0.548104
0.124625 0.547909
0.125025 0.547713
0.125425 0.547517
0.125825 0.54732
0.126225 0.547123
0.126625 0.546925
0.127025 0.546726
0.127425 0.546527
0.127826 0.546327
0.128226 0.546126
0.128626 0.545925
0.129026 0.545723
0.129426 0.54552
0.129826 0.545317
0.130226 0.545114
0.130626 0.544909
0.131026 0.544704
0.131426 0.544499
0.131826 0.544293
0.132226 0.544086
0.132627 0.543878
0.133027 0.54367
0.133427 0.543461
0.133827 0.543252
0.134227 0.543042
0.134627 0.542832
0.135027 0.54262
0.135427 0.542408
0.135827 0.542196
0.136227 0.541983
0.136627 0.541769
0.137027 0.541555
0.137427 0.54134
0.137828 0.541124
0.138228 0.540908
0.138628 0.540691
0.139028 0.540474
0.139428 0.540255
0.139828 0.540037
0.140228 0.539817
0.140628 0.539597
0.141028 0.539377
0.141428 0.539155
0.141828 0.538933
0.142228 0.538711
0.142629 0.538488
0.143029 0.538264
0.143429 0.53804
0.143829 0.537815
0.144229 0.537589
0.144629 0.537363
0.145029 0.537136
0.145429 0.536908
0.145829 0.53668
0.146229 0.536451
0.146629 0.536222
0.147029 0.535992
0.147429 0.535761
0.14783 0.53553
0.14823 0.535298
0.14863 0.535066
0.14903 0.534832
0.14943 0.534599
0.14983 0.534364
0.15023 0.534129
0.15063 0.533893
0.15103 0.533657
0.15143 0.53342
0.15183 0.533183
0.15223 0.532944
0.152631 0.532706
0.153031 0.532466
0.153431 0.532226
0.153831 0.531985
0.154231 0.531744
0.154631 0.531502
0.155031 0.53126
0.155431 0.531016
0.155831 0.530773
0.156231 0.530528
0.156631 0.530283
0.157031 0.530037
0.157431 0.529791
0.157832 0.529544
0.158232 0.529296
0.158632 0.529048
0.159032 0.528799
0.159432 0.52855
0.159832 0.5283
0.160232 0.528049
0.160632 0.527798
0.161032 0.527546
0.161432 0.527293
0.161832 0.52704
0.162232 0.526786
0.162633 0.526532
0.163033 0.526277
0.163433 0.526021
0.163833 0.525764
0.164233 0.525507
0.164633 0.52525
0.165033 0.524992
0.165433 0.524733
0.165833 0.524473
0.166233 0.524213
0.166633 0.523952
0.167033 0.523691
0.167433 0.523429
0.167834 0.523166
0.168234 0.522903
0.168634 0.522639
0.169034 0.522375
0.169434 0.52211
0.169834 0.521844
0.170234 0.521577
0.170634 0.52131
0.171034 0.521043
0.171434 0.520775
0.171834 0.520506
0.172234 0.520236
0.172635 0.519966
0.173035 0.519695
0.173435 0.519424
0.173835 0.519152
0.174235 0.518879
0.174635 0.518606
0.175035 0.518332
0.175435 0.518057
0.175835 0.517782
0.176235 0.517506
0.176635 0.51723
0.177035 0.516953
0.177435 0.516675
0.177836 0.516397
0.178236 0.516118
0.178636 0.515838
0.179036 0.515558
0.179436 0.515277
0.179836 0.514996
0.180236 0.514714
0.180636 0.514431
0.181036 0.514148
0.181436 0.513864
0.181836 0.513579
0.182236 0.513294
0.182637 0.513008
0.183037 0.512722
0.183437 0.512435
0.183837 0.512147
0.184237 0.511859
0.184637 0.51157
0.185037 0.51128
0.185437 0.51099
0.185837 0.510699
0.186237 0.510408
0.186637 0.510116
0.187037 0.509823
0.187437 0.50953
0.187838 0.509236
0.188238 0.508941
0.188638 0.508646
0.189038 0.50835
0.189438 0.508054
0.189838 0.507757
0.190238 0.507459
0.190638 0.50716
0.191038 0.506861
0.191438 0.506562
0.191838 0.506262
0.192238 0.505961
0.192639 0.505659
0.193039 0.505357
0.193439 0.505054
0.193839 0.504751
0.194239 0.504447
0.194639 0.504142
0.195039 0.503837
0.195439 0.503531
0.195839 0.503225
0.196239 0.502918
0.196639 0.50261
0.197039 0.502302
0.197439 0.501993
0.19784 0.501683
0.19824 0.501373
0.19864 0.501062
0.19904 0.50075
0.19944 0.500438
0.19984 0.500125
0.20024 0.499812
0.20064 0.499498
0.20104 0.499183
0.20144 0.498868
0.20184 0.498552
0.20224 0.498236
0.202641 0.497918
0.203041 0.497601
0.203441 0.497282
0.203841 0.496963
0.204241 0.496644
0.204641 0.496323
0.205041 0.496003
0.205441 0.495681
0.205841 0.495359
0.206241 0.495037
0.206641 0.494713
0.207041 0.494389
0.207441 0.494065
0.207842 0.49374
0.208242 0.493414
0.208642 0.493088
0.209042 0.492761
0.209442 0.492434
0.209842 0.492106
0.210242 0.491777
0.210642 0.491448
0.211042 0.491118
0.211442 0.490788
0.211842 0.490457
0.212242 0.490125
0.212643 0.489793
0.213043 0.48946
0.213443 0.489127
0.213843 0.488793
0.214243 0.488458
0.214643 0.488123
0.215043 0.487788
0.215443 0.487451
0.215843 0.487115
0.216243 0.486777
0.216643 0.486439
0.217043 0.486101
0.217443 0.485762
0.217844 0.485422
0.218244 0.485082
0.218644 0.484741
0.219044 0.4844
0.219444 0.484058
0.219844 0.483715
0.220244 0.483372
0.220644 0.483029
0.221044 0.482684
0.221444 0.48234
0.221844 0.481994
0.222244 0.481649
0.222645 0.481302
0.223045 0.480955
0.223445 0.480608
0.223845 0.48026
0.224245 0.479911
0.224645 0.479562
0.225045 0.479213
0.225445 0.478862
0.225845 0.478512
0.226245 0.47816
0.226645 0.477809
0.227045 0.477456
0.227445 0.477103
0.227846 0.47675
0.228246 0.476396
0.228646 0.476042
0.229046 0.475687
0.229446 0.475331
0.229846 0.474975
0.230246 0.474619
0.230646 0.474261
0.231046 0.473904
0.231446 0.473546
0.231846 0.473187
0.232246 0.472828
0.232647 0.472468
0.233047 0.472108
0.233447 0.471747
0.233847 0.471386
0.234247 0.471024
0.234647 0.470662
0.235047 0.470299
0.235447 0.469936
0.235847 0.469572
0.236247 0.469208
0.236647 0.468843
0.237047 0.468478
0.237447 0.468112
0.237848 0.467746
0.238248 0.467379
0.238648 0.467012
0.239048 0.466644
0.239448 0.466275
0.239848 0.465907
0.240248 0.465537
0.240648 0.465168
0.241048 0.464797
0.241448 0.464427
0.241848 0.464056
0.242248 0.463684
0.242649 0.463312
0.243049 0.462939
0.243449 0.462566
0.243849 0.462192
0.244249 0.461818
0.244649 0.461444
0.245049 0.461068
0.245449 0.460693
0.245849 0.460317
0.246249 0.45994
0.246649 0.459564
0.247049 0.459186
0.247449 0.458808
0.24785 0.45843
0.24825 0.458051
0.24865 0.457672
0.24905 0.457292
0.24945 0.456912
0.24985 0.456531
0.25025 0.45615
0.25065 0.455769
0.25105 0.455387
0.25145 0.455004
0.25185 0.454621
0.25225 0.454238
0.252651 0.453854
0.253051 0.45347
0.253451 0.453085
0.253851 0.4527
0.254251 0.452314
0.254651 0.451928
0.255051 0.451542
0.255451 0.451155
0.255851 0.450767
0.256251 0.45038
0.256651 0.449991
0.257051 0.449603
0.257451 0.449214
0.257852 0.448824
0.258252 0.448434
0.258652 0.448044
0.259052 0.447653
0.259452 0.447262
0.259852 0.44687
0.260252 0.446478
0.260652 0.446085
0.261052 0.445692
0.261452 0.445299
0.261852 0.444905
0.262252 0.444511
0.262653 0.444116
0.263053 0.443721
0.263453 0.443326
0.263853 0.44293
0.264253 0.442534
0.264653 0.442137
0.265053 0.44174
0.265453 0.441343
0.265853 0.440945
0.266253 0.440547
0.266653 0.440148
0.267053 0.439749
0.267453 0.439349
0.267854 0.438949
0.268254 0.438549
0.268654 0.438148
0.269054 0.437747
0.269454 0.437346
0.269854 0.436944
0.270254 0.436542
0.270654 0.436139
0.271054 0.435736
0.271454 0.435333
0.271854 0.434929
0.272254 0.434525
0.272655 0.43412
0.273055 0.433715
0.273455 0.43331
0.273855 0.432904
0.274255 0.432498
0.274655 0.432092
0.275055 0.431685
0.275455 0.431278
0.275855 0.43087
0.276255 0.430462
0.276655 0.430054
0.277055 0.429646
0.277455 0.429236
0.277856 0.428827
0.278256 0.428417
0.278656 0.428007
0.279056 0.427597
0.279456 0.427186
0.279856 0.426775
0.280256 0.426363
0.280656 0.425951
0.281056 0.425539
0.281456 0.425127
0.281856 0.424714
0.282256 0.4243
0.282657 0.423887
0.283057 0.423473
0.283457 0.423058
0.283857 0.422644
0.284257 0.422229
0.284657 0.421813
0.285057 0.421398
0.285457 0.420982
0.285857 0.420565
0.286257 0.420149
0.286657 0.419732
0.287057 0.419314
0.287457 0.418897
0.287858 0.418479
0.288258 0.41806
0.288658 0.417642
0.289058 0.417223
0.289458 0.416803
0.289858 0.416384
0.290258 0.415964
0.290658 0.415543
0.291058 0.415123
0.291458 0.414702
0.291858 0.41428
0.292258 0.413859
0.292659 0.413437
0.293059 0.413015
0.293459 0.412592
0.293859 0.41217
0.294259 0.411746
0.294659 0.411323
0.295059 0.410899
0.295459 0.410475
0.295859 0.410051
0.296259 0.409626
0.296659 0.409201
0.297059 0.408776
0.297459 0.408351
0.29786 0.407925
0.29826 0.407499
0.29866 0.407072
0.29906 0.406646
0.29946 0.406219
0.29986 0.405791
0.30026 0.405364
0.30066 0.404936
0.30106 0.404508
0.30146 0.404079
0.30186 0.403651
0.30226 0.403222
0.302661 0.402793
0.303061 0.402363
0.303461 0.401933
0.303861 0.401503
0.304261 0.401073
0.304661 0.400642
0.305061 0.400211
0.305461 0.39978
0.305861 0.399349
0.306261 0.398917
0.306661 0.398485
0.307061 0.398053
0.307461 0.39762
0.307862 0.397187
0.308262 0.396754
0.308662 0.396321
0.309062 0.395888
0.309462 0.395454
0.309862 0.39502
0.310262 0.394585
0.310662 0.394151
0.311062 0.393716
0.311462 0.393281
0.311862 0.392846
0.312262 0.39241
0.312663 0.391974
0.313063 0.391538
0.313463 0.391102
0.313863 0.390666
0.314263 0.390229
0.314663 0.389792
0.315063 0.389355
0.315463 0.388917
0.315863 0.388479
0.316263 0.388041
0.316663 0.387603
0.317063 0.387165
0.317463 0.386726
0.317864 0.386287
0.318264 0.385848
0.318664 0.385409
0.319064 0.384969
0.319464 0.38453
0.319864 0.38409
0.320264 0.38365
0.320664 0.383209
0.321064 0.382768
0.321464 0.382328
0.321864 0.381887
0.322264 0.381445
0.322665 0.381004
0.323065 0.380562
0.323465 0.38012
0.323865 0.379678
0.324265 0.379236
0.324665 0.378793
0.325065 0.378351
0.325465 0.377908
0.325865 0.377465
0.326265 0.377021
0.326665 0.376578
0.327065 0.376134
0.327465 0.37569
0.327866 0.375246
0.328266 0.374802
0.328666 0.374357
0.329066 0.373913
0.329466 0.373468
0.329866 0.373023
0.330266 0.372577
0.330666 0.372132
0.331066 0.371686
0.331466 0.371241
0.331866 0.370795
0.332266 0.370348
0.332667 0.369902
0.333067 0.369456
0.333467 0.369009
0.333867 0.368562
0.334267 0.368115
0.334667 0.367668
0.335067 0.367221
0.335467 0.366773
0.335867 0.366325
0.336267 0.365878
0.336667 0.36543
0.337067 0.364981
0.337467 0.364533
0.337868 0.364085
0.338268 0.363636
0.338668 0.363187
0.339068 0.362738
0.339468 0.362289
0.339868 0.36184
0.340268 0.36139
0.340668 0.360941
0.341068 0.360491
0.341468 0.360041
0.341868 0.359591
0.342268 0.359141
0.342669 0.358691
0.343069 0.35824
0.343469 0.35779
0.343869 0.357339
0.344269 0.356888
0.344669 0.356437
0.345069 0.355986
0.345469 0.355535
0.345869 0.355083
0.346269 0.354632
0.346669 0.35418
0.347069 0.353728
0.347469 0.353276
0.34787 0.352824
0.34827 0.352372
0.34867 0.35192
0.34907 0.351467
0.34947 0.351015
0.34987 0.350562
0.35027 0.350109
0.35067 0.349657
0.35107 0.349204
0.35147 0.348751
0.35187 0.348297
0.35227 0.347844
0.352671 0.347391
0.353071 0.346937
0.353471 0.346483
0.353871 0.34603
0.354271 0.345576
0.354671 0.345122
0.355071 0.344668
0.355471 0.344213
0.355871 0.343759
0.356271 0.343305
0.356671 0.34285
0.357071 0.342396
0.357471 0.341941
0.357872 0.341486
0.358272 0.341032
0.358672 0.340577
0.359072 0.340122
0.359472 0.339667
0.359872 0.339211
0.360272 0.338756
0.360672 0.338301
0.361072 0.337845
0.361472 0.33739
0.361872 0.336934
0.362272 0.336479
0.362673 0.336023
0.363073 0.335567
0.363473 0.335111
0.363873 0.334655
0.364273 0.334199
0.364673 0.333743
0.365073 0.333287
0.365473 0.332831
0.365873 0.332375
0.366273 0.331918
0.366673 0.331462
0.367073 0.331005
0.367473 0.330549
0.367874 0.330092
0.368274 0.329636
0.368674 0.329179
0.369074 0.328722
0.369474 0.328265
0.369874 0.327809
0.370274 0.327352
0.370674 0.326895
0.371074 0.326438
0.371474 0.325981
0.371874 0.325524
0.372274 0.325067
0.372675 0.324609
0.373075 0.324152
0.373475 0.323695
0.373875 0.323238
0.374275 0.32278
0.374675 0.322323
0.375075 0.321866
0.375475 0.321408
0.375875 0.320951
0.376275 0.320493
0.376675 0.320036
0.377075 0.319578
0.377475 0.319121
0.377876 0.318663
0.378276 0.318206
0.378676 0.317748
0.379076 0.31729
0.379476 0.316833
0.379876 0.316375
0.380276 0.315917
0.380676 0.31546
0.381076 0.315002
0.381476 0.314544
0.381876 0.314086
0.382276 0.313629
0.382677 0.313171
0.383077 0.312713
0.383477 0.312255
0.383877 0.311798
0.384277 0.31134
0.384677 0.310882
0.385077 0.310424
0.385477 0.309967
0.385877 0.309509
0.386277 0.309051
0.386677 0.308593
0.387077 0.308136
0.387477 0.307678
0.387878 0.30722
0.388278 0.306762
0.388678 0.306305
0.389078 0.305847
0.389478 0.305389
0.389878 0.304932
0.390278 0.304474
0.390678 0.304017
0.391078 0.303559
0.391478 0.303101
0.391878 0.302644
0.392278 0.302186
0.392679 0.301729
0.393079 0.301271
0.393479 0.300814
0.393879 0.300357
0.394279 0.299899
0.394679 0.299442
0.395079 0.298985
0.395479 0.298527
0.395879 0.29807
0.396279 0.297613
0.396679 0.297156
0.397079 0.296699
0.397479 0.296242
0.39788 0.295785
0.39828 0.295328
0.39868 0.294871
0.39908 0.294414
0.39948 0.293957
0.39988 0.2935
0.40028 0.293044
0.40068 0.292587
0.40108 0.29213
0.40148 0.291674
0.40188 0.291217
0.40228 0.290761
0.402681 0.290304
0.403081 0.289848
0.403481 0.289392
0.403881 0.288936
0.404281 0.28848
0.404681 0.288023
0.405081 0.287568
0.405481 0.287112
0.405881 0.286656
0.406281 0.2862
0.406681 0.285744
0.407081 0.285289
0.407481 0.284833
0.407882 0.284378
0.408282 0.283922
0.408682 0.283467
0.409082 0.283012
0.409482 0.282557
0.409882 0.282102
0.410282 0.281647
0.410682 0.281192
0.411082 0.280737
0.411482 0.280282
0.411882 0.279828
0.412282 0.279373
0.412683 0.278919
0.413083 0.278465
0.413483 0.27801
0.413883 0.277556
0.414283 0.277102
0.414683 0.276648
0.415083 0.276194
0.415483 0.275741
0.415883 0.275287
0.416283 0.274834
0.416683 0.27438
0.417083 0.273927
0.417483 0.273474
0.417884 0.273021
0.418284 0.272568
0.418684 0.272115
0.419084 0.271662
0.419484 0.27121
0.419884 0.270757
0.420284 0.270305
0.420684 0.269853
0.421084 0.269401
0.421484 0.268949
0.421884 0.268497
0.422284 0.268045
0.422685 0.267593
0.423085 0.267142
0.423485 0.266691
0.423885 0.266239
0.424285 0.265788
0.424685 0.265337
0.425085 0.264887
0.425485 0.264436
0.425885 0.263985
0.426285 0.263535
0.426685 0.263085
0.427085 0.262635
0.427485 0.262185
0.427886 0.261735
0.428286 0.261285
0.428686 0.260836
0.429086 0.260387
0.429486 0.259937
0.429886 0.259488
0.430286 0.259039
0.430686 0.258591
0.431086 0.258142
0.431486 0.257694
0.431886 0.257245
0.432286 0.256797
0.432687 0.256349
0.433087 0.255902
0.433487 0.255454
0.433887 0.255007
0.434287 0.254559
0.434687 0.254112
0.435087 0.253665
0.435487 0.253219
0.435887 0.252772
0.436287 0.252326
0.436687 0.251879
0.437087 0.251433
0.437487 0.250987
0.437888 0.250542
0.438288 0.250096
0.438688 0.249651
0.439088 0.249206
0.439488 0.248761
0.439888 0.248316
0.440288 0.247871
0.440688 0.247427
0.441088 0.246983
0.441488 0.246539
0.441888 0.246095
0.442288 0.245651
0.442689 0.245208
0.443089 0.244765
0.443489 0.244322
0.443889 0.243879
0.444289 0.243436
0.444689 0.242994
0.445089 0.242552
0.445489 0.24211
0.445889 0.241668
0.446289 0.241226
0.446689 0.240785
0.447089 0.240344
0.447489 0.239903
0.44789 0.239462
0.44829 0.239022
0.44869 0.238581
0.44909 0.238141
0.44949 0.237701
0.44989 0.237262
0.45029 0.236822
0.45069 0.236383
0.45109 0.235944
0.45149 0.235505
0.45189 0.235067
0.45229 0.234629
0.452691 0.234191
0.453091 0.233753
0.453491 0.233315
0.453891 0.232878
0.454291 0.232441
0.454691 0.232004
0.455091 0.231567
0.455491 0.231131
0.455891 0.230695
0.456291 0.230259
0.456691 0.229823
0.457091 0.229388
0.457491 0.228952
0.457892 0.228517
0.458292 0.228083
0.458692 0.227648
0.459092 0.227214
0.459492 0.22678
0.459892 0.226347
0.460292 0.225913
0.460692 0.22548
0.461092 0.225047
0.461492 0.224615
0.461892 0.224182
0.462292 0.22375
0.462693 0.223318
0.463093 0.222887
0.463493 0.222455
0.463893 0.222024
0.464293 0.221594
0.464693 0.221163
0.465093 0.220733
0.465493 0.220303
0.465893 0.219873
0.466293 0.219444
0.466693 0.219015
0.467093 0.218586
0.467493 0.218157
0.467894 0.217729
0.468294 0.217301
0.468694 0.216873
0.469094 0.216446
0.469494 0.216019
0.469894 0.215592
0.470294 0.215165
0.470694 0.214739
0.471094 0.214313
0.471494 0.213888
0.471894 0.213462
0.472294 0.213037
0.472695 0.212612
0.473095 0.212188
0.473495 0.211764
0.473895 0.21134
0.474295 0.210916
0.474695 0.210493
0.475095 0.21007
0.475495 0.209647
0.475895 0.209225
0.476295 0.208803
0.476695 0.208381
0.477095 0.20796
0.477495 0.207539
0.477896 0.207118
0.478296 0.206698
0.478696 0.206277
0.479096 0.205858
0.479496 0.205438
0.479896 0.205019
0.480296 0.2046
0.480696 0.204182
0.481096 0.203763
0.481496 0.203346
0.481896 0.202928
0.482296 0.202511
0.482697 0.202094
0.483097 0.201678
0.483497 0.201261
0.483897 0.200845
0.484297 0.20043
0.484697 0.200015
0.485097 0.1996
0.485497 0.199185
0.485897 0.198771
0.486297 0.198358
0.486697 0.197944
0.487097 0.197531
0.487497 0.197118
0.487898 0.196706
0.488298 0.196294
0.488698 0.195882
0.489098 0.195471
0.489498 0.19506
0.489898 0.194649
0.490298 0.194239
0.490698 0.193829
0.491098 0.193419
0.491498 0.19301
0.491898 0.192601
0.492298 0.192193
0.492699 0.191785
0.493099 0.191377
0.493499 0.19097
0.493899 0.190563
0.494299 0.190156
0.494699 0.18975
0.495099 0.189344
0.495499 0.188938
0.495899 0.188533
0.496299 0.188129
0.496699 0.187724
0.497099 0.18732
0.497499 0.186917
0.4979 0.186513
0.4983 0.186111
0.4987 0.185708
0.4991 0.185306
0.4995 0.184905
0.4999 0.184503
0.5003 0.184102
0.5007 0.183702
0.5011 0.183302
0.5015 0.182902
0.5019 0.182503
0.5023 0.182104
0.502701 0.181706
0.503101 0.181307
0.503501 0.18091
0.503901 0.180512
0.504301 0.180116
0.504701 0.179719
0.505101 0.179323
0.505501 0.178927
0.505901 0.178532
0.506301 0.178137
0.506701 0.177743
0.507101 0.177349
0.507502 0.176955
0.507902 0.176562
0.508302 0.17617
0.508702 0.175777
0.509102 0.175385
0.509502 0.174994
0.509902 0.174603
0.510302 0.174212
0.510702 0.173822
0.511102 0.173432
0.511502 0.173043
0.511902 0.172654
0.512302 0.172266
0.512703 0.171878
0.513103 0.17149
0.513503 0.171103
0.513903 0.170716
0.514303 0.17033
0.514703 0.169944
0.515103 0.169559
0.515503 0.169174
0.515903 0.168789
0.516303 0.168405
0.516703 0.168022
0.517103 0.167639
0.517504 0.167256
0.517904 0.166874
0.518304 0.166492
0.518704 0.166111
0.519104 0.16573
0.519504 0.165349
0.519904 0.164969
0.520304 0.16459
0.520704 0.164211
0.521104 0.163832
0.521504 0.163454
0.521904 0.163076
0.522304 0.162699
0.522705 0.162323
0.523105 0.161946
0.523505 0.161571
0.523905 0.161195
0.524305 0.16082
0.524705 0.160446
0.525105 0.160072
0.525505 0.159699
0.525905 0.159326
0.526305 0.158954
0.526705 0.158582
0.527105 0.15821
0.527506 0.157839
0.527906 0.157469
0.528306 0.157099
0.528706 0.156729
0.529106 0.15636
0.529506 0.155992
0.529906 0.155624
0.530306 0.155256
0.530706 0.154889
0.531106 0.154523
0.531506 0.154156
0.531906 0.153791
0.532306 0.153426
0.532707 0.153061
0.533107 0.152697
0.533507 0.152334
0.533907 0.151971
0.534307 0.151608
0.534707 0.151246
0.535107 0.150885
0.535507 0.150524
0.535907 0.150163
0.536307 0.149803
0.536707 0.149444
0.537107 0.149085
0.537508 0.148727
0.537908 0.148369
0.538308 0.148011
0.538708 0.147655
0.539108 0.147298
0.539508 0.146942
0.539908 0.146587
0.540308 0.146232
0.540708 0.145878
0.541108 0.145525
0.541508 0.145171
0.541908 0.144819
0.542308 0.144467
0.542709 0.144115
0.543109 0.143764
0.543509 0.143414
0.543909 0.143064
0.544309 0.142715
0.544709 0.142366
0.545109 0.142017
0.545509 0.14167
0.545909 0.141323
0.546309 0.140976
0.546709 0.14063
0.547109 0.140284
0.54751 0.139939
0.54791 0.139595
0.54831 0.139251
0.54871 0.138908
0.54911 0.138565
0.54951 0.138223
0.54991 0.137881
0.55031 0.13754
0.55071 0.1372
0.55111 0.13686
0.55151 0.13652
0.55191 0.136182
0.55231 0.135843
0.552711 0.135506
0.553111 0.135169
0.553511 0.134832
0.553911 0.134496
0.554311 0.134161
0.554711 0.133826
0.555111 0.133492
0.555511 0.133158
0.555911 0.132825
0.556311 0.132493
0.556711 0.132161
0.557111 0.131829
0.557512 0.131499
0.557912 0.131169
0.558312 0.130839
0.558712 0.13051
0.559112 0.130182
0.559512 0.129854
0.559912 0.129527
0.560312 0.1292
0.560712 0.128874
0.561112 0.128549
0.561512 0.128224
0.561912 0.1279
0.562312 0.127577
0.562713 0.127254
0.563113 0.126931
0.563513 0.12661
0.563913 0.126288
0.564313 0.125968
0.564713 0.125648
0.565113 0.125329
0.565513 0.12501
0.565913 0.124692
0.566313 0.124375
0.566713 0.124058
0.567113 0.123742
0.567514 0.123426
0.567914 0.123111
0.568314 0.122797
0.568714 0.122483
0.569114 0.12217
0.569514 0.121857
0.569914 0.121546
0.570314 0.121234
0.570714 0.120924
0.571114 0.120614
0.571514 0.120305
0.571914 0.119996
0.572314 0.119688
0.572715 0.119381
0.573115 0.119074
0.573515 0.118768
0.573915 0.118462
0.574315 0.118157
0.574715 0.117853
0.575115 0.11755
0.575515 0.117247
0.575915 0.116945
0.576315 0.116643
0.576715 0.116342
0.577115 0.116042
0.577516 0.115742
0.577916 0.115443
0.578316 0.115145
0.578716 0.114847
0.579116 0.114551
0.579516 0.114254
0.579916 0.113959
0.580316 0.113664
0.580716 0.113369
0.581116 0.113076
0.581516 0.112783
0.581916 0.11249
0.582316 0.112199
0.582717 0.111908
0.583117 0.111617
0.583517 0.111328
0.583917 0.111039
0.584317 0.110751
0.584717 0.110463
0.585117 0.110176
0.585517 0.10989
0.585917 0.109604
0.586317 0.10932
0.586717 0.109035
0.587117 0.108752
0.587518 0.108469
0.587918 0.108187
0.588318 0.107906
0.588718 0.107625
0.589118 0.107345
0.589518 0.107066
0.589918 0.106787
0.590318 0.106509
0.590718 0.106232
0.591118 0.105955
0.591518 0.105679
0.591918 0.105404
0.592318 0.10513
0.592719 0.104856
0.593119 0.104583
0.593519 0.104311
0.593919 0.104039
0.594319 0.103769
0.594719 0.103498
0.595119 0.103229
0.595519 0.10296
0.595919 0.102692
0.596319 0.102425
0.596719 0.102158
0.597119 0.101893
0.59752 0.101627
0.59792 0.101363
0.59832 0.101099
0.59872 0.100836
0.59912 0.100574
0.59952 0.100313
0.59992 0.100052
0.60032 0.099792
0.60072 0.0995328
0.60112 0.0992742
0.60152 0.0990164
0.60192 0.0987593
0.60232 0.098503
0.602721 0.0982473
0.603121 0.0979924
0.603521 0.0977382
0.603921 0.0974848
0.604321 0.097232
0.604721 0.09698
0.605121 0.0967287
0.605521 0.0964782
0.605921 0.0962283
0.606321 0.0959792
0.606721 0.0957308
0.607121 0.0954831
0.607522 0.0952361
0.607922 0.0949898
0.608322 0.0947442
0.608722 0.0944994
0.609122 0.0942553
0.609522 0.0940118
0.609922 0.0937691
0.610322 0.0935271
0.610722 0.0932858
0.611122 0.0930452
0.611522 0.0928053
0.611922 0.0925661
0.612322 0.0923277
0.612723 0.0920899
0.613123 0.0918528
0.613523 0.0916164
0.613923 0.0913807
0.614323 0.0911458
0.614723 0.0909115
0.615123 0.0906779
0.615523 0.090445
0.615923 0.0902128
0.616323 0.0899813
0.616723 0.0897505
0.617123 0.0895203
0.617524 0.0892909
0.617924 0.0890622
0.618324 0.0888341
0.618724 0.0886067
0.619124 0.08838
0.619524 0.088154
0.619924 0.0879287
0.620324 0.0877041
0.620724 0.0874801
0.621124 0.0872569
0.621524 0.0870343
0.621924 0.0868124
0.622324 0.0865911
0.622725 0.0863706
0.623125 0.0861507
0.623525 0.0859315
0.623925 0.085713
0.624325 0.0854951
0.624725 0.0852779
0.625125 0.0850614
0.625525 0.0848455
0.625925 0.0846304
0.626325 0.0844158
0.626725 0.084202
0.627125 0.0839888
0.627526 0.0837763
0.627926 0.0835645
0.628326 0.0833533
0.628726 0.0831427
0.629126 0.0829329
0.629526 0.0827237
0.629926 0.0825151
0.630326 0.0823072
0.630726 0.0821
0.631126 0.0818934
0.631526 0.0816875
0.631926 0.0814822
0.632326 0.0812776
0.632727 0.0810737
0.633127 0.0808703
0.633527 0.0806677
0.633927 0.0804657
0.634327 0.0802643
0.634727 0.0800636
0.635127 0.0798635
0.635527 0.0796641
0.635927 0.0794653
0.636327 0.0792671
0.636727 0.0790696
0.637127 0.0788728
0.637528 0.0786766
0.637928 0.078481
0.638328 0.078286
0.638728 0.0780917
0.639128 0.077898
0.639528 0.077705
0.639928 0.0775126
0.640328 0.0773208
0.640728 0.0771297
0.641128 0.0769392
0.641528 0.0767493
0.641928 0.07656
0.642328 0.0763714
0.642729 0.0761834
0.643129 0.075996
0.643529 0.0758093
0.643929 0.0756232
0.644329 0.0754377
0.644729 0.0752528
0.645129 0.0750685
0.645529 0.0748849
0.645929 0.0747018
0.646329 0.0745194
0.646729 0.0743377
0.647129 0.0741565
0.64753 0.0739759
0.64793 0.073796
0.64833 0.0736166
0.64873 0.0734379
0.64913 0.0732598
0.64953 0.0730823
0.64993 0.0729054
0.65033 0.0727291
0.65073 0.0725534
0.65113 0.0723784
0.65153 0.0722039
0.65193 0.07203
0.65233 0.0718568
0.652731 0.0716841
0.653131 0.071512
0.653531 0.0713406
0.653931 0.0711697
0.654331 0.0709994
0.654731 0.0708298
0.655131 0.0706607
0.655531 0.0704922
0.655931 0.0703243
0.656331 0.070157
0.656731 0.0699903
0.657131 0.0698242
0.657532 0.0696587
0.657932 0.0694937
0.658332 0.0693294
0.658732 0.0691656
0.659132 0.0690024
0.659532 0.0688398
0.659932 0.0686778
0.660332 0.0685164
0.660732 0.0683555
0.661132 0.0681953
0.661532 0.0680356
0.661932 0.0678765
0.662332 0.0677179
0.662733 0.06756
0.663133 0.0674026
0.663533 0.0672458
0.663933 0.0670895
0.664333 0.0669339
0.664733 0.0667788
0.665133 0.0666242
0.665533 0.0664703
0.665933 0.0663169
0.666333 0.0661641
0.666733 0.0660118
0.667133 0.0658602
0.667534 0.065709
0.667934 0.0655585
0.668334 0.0654085
0.668734 0.065259
0.669134 0.0651102
0.669534 0.0649618
0.669934 0.0648141
0.670334 0.0646669
0.670734 0.0645202
0.671134 0.0643741
0.671534 0.0642286
0.671934 0.0640836
0.672334 0.0639392
0.672735 0.0637953
0.673135 0.063652
0.673535 0.0635092
0.673935 0.0633669
0.674335 0.0632253
0.674735 0.0630841
0.675135 0.0629435
0.675535 0.0628035
0.675935 0.0626639
0.676335 0.062525
0.676735 0.0623865
0.677135 0.0622487
0.677536 0.0621113
0.677936 0.0619745
0.678336 0.0618382
0.678736 0.0617025
0.679136 0.0615673
0.679536 0.0614326
0.679936 0.0612985
0.680336 0.0611649
0.680736 0.0610318
0.681136 0.0608993
0.681536 0.0607672
0.681936 0.0606357
0.682336 0.0605048
0.682737 0.0603743
0.683137 0.0602444
0.683537 0.0601151
0.683937 0.0599862
0.684337 0.0598578
0.684737 0.05973
0.685137 0.0596027
0.685537 0.0594759
0.685937 0.0593497
0.686337 0.0592239
0.686737 0.0590987
0.687137 0.058974
0.687538 0.0588498
0.687938 0.0587261
0.688338 0.0586029
0.688738 0.0584802
0.689138 0.0583581
0.689538 0.0582364
0.689938 0.0581153
0.690338 0.0579946
0.690738 0.0578745
0.691138 0.0577549
0.691538 0.0576358
0.691938 0.0575171
0.692338 0.057399
0.692739 0.0572814
0.693139 0.0571643
0.693539 0.0570477
0.693939 0.0569315
0.694339 0.0568159
0.694739 0.0567008
0.695139 0.0565862
0.695539 0.056472
0.695939 0.0563584
0.696339 0.0562452
0.696739 0.0561325
0.697139 0.0560204
0.69754 0.0559087
0.69794 0.0557975
0.69834 0.0556868
0.69874 0.0555765
0.69914 0.0554668
0.69954 0.0553575
0.69994 0.0552487
0.70034 0.0551404
0.70074 0.0550326
0.70114 0.0549253
0.70154 0.0548184
0.70194 0.054712
0.70234 0.0546061
0.702741 0.0545007
0.703141 0.0543958
0.703541 0.0542913
0.703941 0.0541873
0.704341 0.0540837
0.704741 0.0539807
0.705141 0.0538781
0.705541 0.0537759
0.705941 0.0536743
0.706341 0.0535731
0.706741 0.0534723
0.707141 0.0533721
0.707542 0.0532723
0.707942 0.0531729
0.708342 0.0530741
0.708742 0.0529756
0.709142 0.0528777
0.709542 0.0527802
0.709942 0.0526831
0.710342 0.0525865
0.710742 0.0524904
0.711142 0.0523947
0.711542 0.0522995
0.711942 0.0522047
0.712342 0.0521104
0.712743 0.0520165
0.713143 0.0519231
0.713543 0.0518302
0.713943 0.0517376
0.714343 0.0516455
0.714743 0.0515539
0.715143 0.0514627
0.715543 0.051372
0.715943 0.0512817
0.716343 0.0511918
0.716743 0.0511024
0.717143 0.0510134
0.717544 0.0509249
0.717944 0.0508367
0.718344 0.0507491
0.718744 0.0506618
0.719144 0.050575
0.719544 0.0504887
0.719944 0.0504027
0.720344 0.0503172
0.720744 0.0502321
0.721144 0.0501475
0.721544 0.0500633
0.721944 0.0499795
0.722344 0.0498961
0.722745 0.0498132
0.723145 0.0497307
0.723545 0.0496486
0.723945 0.0495669
0.724345 0.0494856
0.724745 0.0494048
0.725145 0.0493244
0.725545 0.0492444
0.725945 0.0491648
0.726345 0.0490857
0.726745 0.0490069
0.727145 0.0489286
0.727546 0.0488507
0.727946 0.0487732
0.728346 0.0486961
0.728746 0.0486194
0.729146 0.0485431
0.729546 0.0484672
0.729946 0.0483918
0.730346 0.0483167
0.730746 0.0482421
0.731146 0.0481678
0.731546 0.048094
0.731946 0.0480205
0.732346 0.0479475
0.732747 0.0478749
0.733147 0.0478026
0.733547 0.0477308
0.733947 0.0476593
0.734347 0.0475883
0.734747 0.0475176
0.735147 0.0474474
0.735547 0.0473775
0.735947 0.047308
0.736347 0.0472389
0.736747 0.0471702
0.737147 0.0471019
0.737548 0.047034
0.737948 0.0469665
0.738348 0.0468993
0.738748 0.0468325
0.739148 0.0467662
0.739548 0.0467002
0.739948 0.0466346
0.740348 0.0465693
0.740748 0.0465045
0.741148 0.04644
0.741548 0.0463759
0.741948 0.0463122
0.742348 0.0462488
0.742749 0.0461859
0.743149 0.0461233
0.743549 0.046061
0.743949 0.0459992
0.744349 0.0459377
0.744749 0.0458766
0.745149 0.0458159
0.745549 0.0457555
0.745949 0.0456955
0.746349 0.0456358
0.746749 0.0455765
0.747149 0.0455176
0.74755 0.0454591
0.74795 0.0454009
0.74835 0.0453431
0.74875 0.0452856
0.74915 0.0452285
0.74955 0.0451717
0.74995 0.0451153
0.75035 0.0450593
0.75075 0.0450036
0.75115 0.0449483
0.75155 0.0448933
0.75195 0.0448387
0.75235 0.0447844
0.752751 0.0447305
0.753151 0.0446769
0.753551 0.0446236
0.753951 0.0445708
0.754351 0.0445182
0.754751 0.044466
0.755151 0.0444142
0.755551 0.0443627
0.755951 0.0443115
0.756351 0.0442607
0.756751 0.0442102
0.757151 0.04416
0.757552 0.0441102
0.757952 0.0440607
0.758352 0.0440116
0.758752 0.0439628
0.759152 0.0439143
0.759552 0.0438662
0.759952 0.0438184
0.760352 0.0437709
0.760752 0.0437237
0.761152 0.0436769
0.761552 0.0436304
0.761952 0.0435843
0.762352 0.0435384
0.762753 0.0434929
0.763153 0.0434477
0.763553 0.0434028
0.763953 0.0433583
0.764353 0.0433141
0.764753 0.0432702
0.765153 0.0432266
0.765553 0.0431833
0.765953 0.0431403
0.766353 0.0430977
0.766753 0.0430554
0.767153 0.0430133
0.767554 0.0429716
0.767954 0.0429303
0.768354 0.0428892
0.768754 0.0428484
0.769154 0.0428079
0.769554 0.0427678
0.769954 0.0427279
0.770354 0.0426884
0.770754 0.0426492
0.771154 0.0426102
0.771554 0.0425716
0.771954 0.0425332
0.772354 0.0424952
0.772755 0.0424575
0.773155 0.04242
0.773555 0.0423829
0.773955 0.0423461
0.774355 0.0423095
0.774755 0.0422733
0.775155 0.0422373
0.775555 0.0422016
0.775955 0.0421663
0.776355 0.0421312
0.776755 0.0420964
0.777155 0.0420619
0.777556 0.0420276
0.777956 0.0419937
0.778356 0.0419601
0.778756 0.0419267
0.779156 0.0418936
0.779556 0.0418608
0.779956 0.0418283
0.780356 0.0417961
0.780756 0.0417641
0.781156 0.0417324
0.781556 0.041701
0.781956 0.0416699
0.782356 0.041639
0.782757 0.0416084
0.783157 0.0415781
0.783557 0.0415481
0.783957 0.0415183
0.784357 0.0414888
0.784757 0.0414596
0.785157 0.0414307
0.785557 0.041402
0.785957 0.0413735
0.786357 0.0413454
0.786757 0.0413175
0.787157 0.0412899
0.787558 0.0412625
0.787958 0.0412354
0.788358 0.0412085
0.788758 0.0411819
0.789158 0.0411556
0.789558 0.0411295
0.789958 0.0411037
0.790358 0.0410781
0.790758 0.0410528
0.791158 0.0410278
0.791558 0.041003
0.791958 0.0409784
0.792358 0.0409541
0.792759 0.0409301
0.793159 0.0409062
0.793559 0.0408827
0.793959 0.0408594
0.794359 0.0408363
0.794759 0.0408135
0.795159 0.0407909
0.795559 0.0407685
0.795959 0.0407464
0.796359 0.0407246
0.796759 0.040703
0.797159 0.0406816
0.79756 0.0406604
0.79796 0.0406395
0.79836 0.0406188
0.79876 0.0405984
0.79916 0.0405782
0.79956 0.0405582
0.79996 0.0405385
0.80036 0.0405189
0.80076 0.0404996
0.80116 0.0404806
0.80156 0.0404617
0.80196 0.0404431
0.80236 0.0404248
0.802761 0.0404066
0.803161 0.0403887
0.803561 0.0403709
0.803961 0.0403534
0.804361 0.0403362
0.804761 0.0403191
0.805161 0.0403023
0.805561 0.0402856
0.805961 0.0402692
0.806361 0.040253
0.806761 0.0402371
0.807161 0.0402213
0.807562 0.0402057
0.807962 0.0401904
0.808362 0.0401753
0.808762 0.0401603
0.809162 0.0401456
0.809562 0.0401311
0.809962 0.0401168
0.810362 0.0401027
0.810762 0.0400888
0.811162 0.0400751
0.811562 0.0400616
0.811962 0.0400483
0.812362 0.0400352
0.812763 0.0400223
0.813163 0.0400096
0.813563 0.0399971
0.813963 0.0399848
0.814363 0.0399727
0.814763 0.0399608
0.815163 0.039949
0.815563 0.0399375
0.815963 0.0399262
0.816363 0.039915
0.816763 0.039904
0.817163 0.0398933
0.817564 0.0398827
0.817964 0.0398723
0.818364 0.039862
0.818764 0.039852
0.819164 0.0398422
0.819564 0.0398325
0.819964 0.039823
0.820364 0.0398137
0.820764 0.0398045
0.821164 0.0397956
0.821564 0.0397868
0.821964 0.0397782
0.822364 0.0397697
0.822765 0.0397615
0.823165 0.0397534
0.823565 0.0397455
0.823965 0.0397377
0.824365 0.0397302
0.824765 0.0397228
0.825165 0.0397155
0.825565 0.0397084
0.825965 0.0397015
0.826365 0.0396948
0.826765 0.0396882
0.827165 0.0396818
0.827566 0.0396755
0.827966 0.0396694
0.828366 0.0396635
0.828766 0.0396577
0.829166 0.0396521
0.829566 0.0396466
0.829966 0.0396413
0.830366 0.0396361
0.830766 0.0396311
0.831166 0.0396263
0.831566 0.0396216
0.831966 0.039617
0.832366 0.0396126
0.832767 0.0396084
0.833167 0.0396043
0.833567 0.0396003
0.833967 0.0395965
0.834367 0.0395928
0.834767 0.0395893
0.835167 0.0395859
0.835567 0.0395827
0.835967 0.0395796
0.836367 0.0395766
0.836767 0.0395738
0.837167 0.0395711
0.837568 0.0395685
0.837968 0.0395661
0.838368 0.0395638
0.838768 0.0395617
0.839168 0.0395597
0.839568 0.0395578
0.839968 0.039556
0.840368 0.0395544
0.840768 0.0395529
0.841168 0.0395515
0.841568 0.0395503
0.841968 0.0395491
0.842368 0.0395481
0.842769 0.0395473
0.843169 0.0395465
0.843569 0.0395459
0.843969 0.0395454
0.844369 0.039545
0.844769 0.0395447
0.845169 0.0395445
0.845569 0.0395445
0.845969 0.0395446
0.846369 0.0395447
0.846769 0.039545
0.847169 0.0395454
0.84757 0.039546
0.84797 0.0395466
0.84837 0.0395473
0.84877 0.0395482
0.84917 0.0395491
0.84957 0.0395502
0.84997 0.0395514
0.85037 0.0395526
0.85077 0.039554
0.85117 0.0395555
0.85157 0.0395571
0.85197 0.0395587
0.85237 0.0395605
0.852771 0.0395624
0.853171 0.0395644
0.853571 0.0395664
0.853971 0.0395686
0.854371 0.0395708
0.854771 0.0395732
0.855171 0.0395756
0.855571 0.0395781
0.855971 0.0395808
0.856371 0.0395835
0.856771 0.0395863
0.857171 0.0395891
0.857572 0.0395921
0.857972 0.0395952
0.858372 0.0395983
0.858772 0.0396015
0.859172 0.0396048
0.859572 0.0396082
0.859972 0.0396117
0.860372 0.0396152
0.860772 0.0396188
0.861172 0.0396225
0.861572 0.0396263
0.861972 0.0396301
0.862372 0.039634
0.862773 0.039638
0.863173 0.0396421
0.863573 0.0396462
0.863973 0.0396504
0.864373 0.0396547
0.864773 0.039659
0.865173 0.0396634
0.865573 0.0396679
0.865973 0.0396724
0.866373 0.039677
0.866773 0.0396817
0.867173 0.0396864
0.867574 0.0396912
0.867974 0.0396961
0.868374 0.039701
0.868774 0.0397059
0.869174 0.0397109
0.869574 0.039716
0.869974 0.0397211
0.870374 0.0397263
0.870774 0.0397315
0.871174 0.0397368
0.871574 0.0397422
0.871974 0.0397475
0.872374 0.039753
0.872775 0.0397585
0.873175 0.039764
0.873575 0.0397696
0.873975 0.0397752
0.874375 0.0397808
0.874775 0.0397865
0.875175 0.0397923
0.875575 0.0397981
0.875975 0.0398039
0.876375 0.0398097
0.876775 0.0398156
0.877175 0.0398216
0.877576 0.0398275
0.877976 0.0398336
0.878376 0.0398396
0.878776 0.0398457
0.879176 0.0398518
0.879576 0.0398579
0.879976 0.0398641
0.880376 0.0398702
0.880776 0.0398765
0.881176 0.0398827
0.881576 0.039889
0.881976 0.0398953
0.882376 0.0399016
0.882777 0.0399079
0.883177 0.0399143
0.883577 0.0399207
0.883977 0.0399271
0.884377 0.0399335
0.884777 0.0399399
0.885177 0.0399464
0.885577 0.0399528
0.885977 0.0399593
0.886377 0.0399658
0.886777 0.0399723
0.887177 0.0399788
0.887578 0.0399854
0.887978 0.0399919
0.888378 0.0399985
0.888778 0.040005
0.889178 0.0400116
0.889578 0.0400181
0.889978 0.0400247
0.890378 0.0400313
0.890778 0.0400379
0.891178 0.0400444
0.891578 0.040051
0.891978 0.0400576
0.892378 0.0400642
0.892779 0.0400707
0.893179 0.0400773
0.893579 0.0400838
0.893979 0.0400904
0.894379 0.040097
0.894779 0.0401035
0.895179 0.04011
0.895579 0.0401165
0.895979 0.0401231
0.896379 0.0401296
0.896779 0.040136
0.897179 0.0401425
0.89758 0.040149
0.89798 0.0401554
0.89838 0.0401618
0.89878 0.0401682
0.89918 0.0401746
0.89958 0.040181
0.89998 0.0401873
0.90038 0.0401937
0.90078 0.0402
0.90118 0.0402062
0.90158 0.0402125
0.90198 0.0402187
0.90238 0.0402249
0.902781 0.0402311
0.903181 0.0402372
0.903581 0.0402434
0.903981 0.0402494
0.904381 0.0402555
0.904781 0.0402615
0.905181 0.0402675
0.905581 0.0402734
0.905981 0.0402793
0.906381 0.0402852
0.906781 0.040291
0.907181 0.0402968
0.907582 0.0403026
0.907982 0.0403083
0.908382 0.040314
0.908782 0.0403196
0.909182 0.0403252
0.909582 0.0403307
0.909982 0.0403362
0.910382 0.0403417
0.910782 0.0403471
0.911182 0.0403524
0.911582 0.0403577
0.911982 0.040363
0.912382 0.0403682
0.912783 0.0403733
0.913183 0.0403784
0.913583 0.0403834
0.913983 0.0403884
0.914383 0.0403933
0.914783 0.0403982
0.915183 0.040403
0.915583 0.0404077
0.915983 0.0404124
0.916383 0.040417
0.916783 0.0404216
0.917183 0.0404261
0.917584 0.0404305
0.917984 0.0404349
0.918384 0.0404392
0.918784 0.0404434
0.919184 0.0404475
0.919584 0.0404516
0.919984 0.0404556
0.920384 0.0404596
0.920784 0.0404635
0.921184 0.0404672
0.921584 0.040471
0.921984 0.0404746
0.922384 0.0404782
0.922785 0.0404817
0.923185 0.0404851
0.923585 0.0404884
0.923985 0.0404916
0.924385 0.0404948
0.924785 0.0404979
0.925185 0.0405009
0.925585 0.0405038
0.925985 0.0405066
0.926385 0.0405093
0.926785 0.040512
0.927185 0.0405145
0.927586 0.040517
0.927986 0.0405194
0.928386 0.0405217
0.928786 0.0405238
0.929186 0.0405259
0.929586 0.0405279
0.929986 0.0405298
0.930386 0.0405316
0.930786 0.0405333
0.931186 0.040535
0.931586 0.0405365
0.931986 0.0405379
0.932386 0.0405392
0.932787 0.0405404
0.933187 0.0405415
0.933587 0.0405424
0.933987 0.0405433
0.934387 0.0405441
0.934787 0.0405448
0.935187 0.0405453
0.935587 0.0405458
0.935987 0.0405461
0.936387 0.0405463
0.936787 0.0405464
0.937187 0.0405464
0.937588 0.0405463
0.937988 0.0405461
0.938388 0.0405457
0.938788 0.0405452
0.939188 0.0405446
0.939588 0.0405439
0.939988 0.0405431
0.940388 0.0405421
0.940788 0.040541
0.941188 0.0405398
0.941588 0.0405385
0.941988 0.040537
0.942388 0.0405354
0.942789 0.0405337
0.943189 0.0405319
0.943589 0.0405299
0.943989 0.0405278
0.944389 0.0405255
0.944789 0.0405232
0.945189 0.0405207
0.945589 0.040518
0.945989 0.0405152
0.946389 0.0405123
0.946789 0.0405092
0.947189 0.040506
0.94759 0.0405027
0.94799 0.0404992
0.94839 0.0404956
0.94879 0.0404918
0.94919 0.0404879
0.94959 0.0404839
0.94999 0.0404796
0.95039 0.0404753
0.95079 0.0404708
0.95119 0.0404661
0.95159 0.0404613
0.95199 0.0404564
0.95239 0.0404513
0.952791 0.040446
0.953191 0.0404406
0.953591 0.040435
0.953991 0.0404293
0.954391 0.0404234
0.954791 0.0404173
0.955191 0.0404111
0.955591 0.0404048
0.955991 0.0403982
0.956391 0.0403915
0.956791 0.0403847
0.957191 0.0403777
0.957592 0.0403705
0.957992 0.0403631
0.958392 0.0403556
0.958792 0.0403479
0.959192 0.04034
0.959592 0.040332
0.959992 0.0403238
0.960392 0.0403154
0.960792 0.0403069
0.961192 0.0402981
0.961592 0.0402892
0.961992 0.0402801
0.962392 0.0402709
0.962793 0.0402614
0.963193 0.0402518
0.963593 0.040242
0.963993 0.040232
0.964393 0.0402219
0.964793 0.0402115
0.965193 0.040201
0.965593 0.0401903
0.965993 0.0401794
0.966393 0.0401683
0.966793 0.040157
0.967193 0.0401455
0.967594 0.0401339
0.967994 0.040122
0.968394 0.0401099
0.968794 0.0400977
0.969194 0.0400853
0.969594 0.0400726
0.969994 0.0400598
0.970394 0.0400468
0.970794 0.0400335
0.971194 0.0400201
0.971594 0.0400065
0.971994 0.0399926
0.972394 0.0399786
0.972795 0.0399643
0.973195 0.0399499
0.973595 0.0399352
0.973995 0.0399204
0.974395 0.0399053
0.974795 0.03989
0.975195 0.0398745
0.975595 0.0398588
0.975995 0.0398429
0.976395 0.0398268
0.976795 0.0398105
0.977195 0.0397939
0.977596 0.0397771
0.977996 0.0397601
0.978396 0.0397429
0.978796 0.0397255
0.979196 0.0397079
0.979596 0.03969
0.979996 0.0396719
0.980396 0.0396536
0.980796 0.039635
0.981196 0.0396163
0.981596 0.0395973
0.981996 0.0395781
0.982396 0.0395586
0.982797 0.0395389
0.983197 0.039519
0.983597 0.0394989
0.983997 0.0394785
0.984397 0.0394579
0.984797 0.0394371
0.985197 0.039416
0.985597 0.0393947
0.985997 0.0393732
0.986397 0.0393514
0.986797 0.0393293
0.987197 0.0393071
0.987598 0.0392846
0.987998 0.0392618
0.988398 0.0392388
0.988798 0.0392156
0.989198 0.0391921
0.989598 0.0391684
0.989998 0.0391444
0.990398 0.0391202
0.990798 0.0390957
0.991198 0.039071
0.991598 0.039046
0.991998 0.0390208
0.992398 0.0389953
0.992799 0.0389695
0.993199 0.0389435
0.993599 0.0389173
0.993999 0.0388908
0.994399 0.038864
0.994799 0.038837
0.995199 0.0388097
0.995599 0.0387821
0.995999 0.0387543
0.996399 0.0387263
0.996799 0.0386979
0.997199 0.0386693
0.9976 0.0386404
0.998 0.0386113
0.9984 0.0385819
0.9988 0.0385522
0.9992 0.0385223
0.9996 0.038492
