-1 0.0384615
-0.9996 0.0384922
-0.9992 0.0385228
-0.9988 0.0385533
-0.9984 0.0385839
-0.998 0.0386144
-0.9976 0.0386449
-0.997199 0.0386754
-0.996799 0.0387059
-0.996399 0.0387364
-0.995999 0.0387669
-0.995599 0.0387973
-0.995199 0.0388277
-0.994799 0.0388582
-0.994399 0.0388886
-0.993999 0.038919
-0.993599 0.0389494
-0.993199 0.0389798
-0.992799 0.0390102
-0.992398 0.0390406
-0.991998 0.039071
-0.991598 0.0391014
-0.991198 0.0391318
-0.990798 0.0391622
-0.990398 0.0391926
-0.989998 0.039223
-0.989598 0.0392534
-0.989198 0.0392839
-0.988798 0.0393143
-0.988398 0.0393447
-0.987998 0.0393752
-0.987598 0.0394057
-0.987197 0.0394361
-0.986797 0.0394666
-0.986397 0.0394972
-0.985997 0.0395277
-0.985597 0.0395582
-0.985197 0.0395888
-0.984797 0.0396194
-0.984397 0.03965
-0.983997 0.0396807
-0.983597 0.0397113
-0.983197 0.039742
-0.982797 0.0397727
-0.982396 0.0398035
-0.981996 0.0398343
-0.981596 0.0398651
-0.981196 0.0398959
-0.980796 0.0399268
-0.980396 0.0399577
-0.979996 0.0399886
-0.979596 0.0400196
-0.979196 0.0400506
-0.978796 0.0400817
-0.978396 0.0401128
-0.977996 0.0401439
-0.977596 0.0401751
-0.977195 0.0402063
-0.976795 0.0402376
-0.976395 0.0402689
-0.975995 0.0403003
-0.975595 0.0403317
-0.975195 0.0403632
-0.974795 0.0403947
-0.974395 0.0404263
-0.973995 0.0404579
-0.973595 0.0404896
-0.973195 0.0405213
-0.972795 0.0405531
-0.972394 0.0405849
-0.971994 0.0406168
-0.971594 0.0406487
-0.971194 0.0406807
-0.970794 0.0407128
-0.970394 0.0407448
-0.969994 0.040777
-0.969594 0.0408092
-0.969194 0.0408414
-0.968794 0.0408737
-0.968394 0.040906
-0.967994 0.0409384
-0.967594 0.0409708
-0.967193 0.0410033
-0.966793 0.0410358
-0.966393 0.0410684
-0.965993 0.041101
-0.965593 0.0411336
-0.965193 0.0411663
-0.964793 0.0411991
-0.964393 0.0412319
-0.963993 0.0412647
-0.963593 0.0412976
-0.963193 0.0413306
-0.962793 0.0413636
-0.962392 0.0413966
-0.961992 0.0414296
-0.961592 0.0414628
-0.961192 0.0414959
-0.960792 0.0415291
-0.960392 0.0415624
-0.959992 0.0415957
-0.959592 0.041629
-0.959192 0.0416624
-0.958792 0.0416958
-0.958392 0.0417292
-0.957992 0.0417627
-0.957592 0.0417963
-0.957191 0.0418299
-0.956791 0.0418635
-0.956391 0.0418972
-0.955991 0.0419309
-0.955591 0.0419646
-0.955191 0.0419984
-0.954791 0.0420322
-0.954391 0.0420661
-0.953991 0.0421
-0.953591 0.0421339
-0.953191 0.0421679
-0.952791 0.042202
-0.95239 0.042236
-0.95199 0.0422701
-0.95159 0.0423043
-0.95119 0.0423384
-0.95079 0.0423726
-0.95039 0.0424069
-0.94999 0.0424412
-0.94959 0.0424755
-0.94919 0.0425099
-0.94879 0.0425443
-0.94839 0.0425787
-0.94799 0.0426132
-0.94759 0.0426477
-0.947189 0.0426822
-0.946789 0.0427168
-0.946389 0.0427514
-0.945989 0.0427861
-0.945589 0.0428208
-0.945189 0.0428555
-0.944789 0.0428903
-0.944389 0.0429251
-0.943989 0.04296
-0.943589 0.0429948
-0.943189 0.0430298
-0.942789 0.0430647
-0.942388 0.0430998
-0.941988 0.0431348
-0.941588 0.0431699
-0.941188 0.043205
-0.940788 0.0432402
-0.940388 0.0432754
-0.939988 0.0433106
-0.939588 0.0433459
-0.939188 0.0433813
-0.938788 0.0434166
-0.938388 0.043452
-0.937988 0.0434875
-0.937588 0.043523
-0.937187 0.0435585
-0.936787 0.0435941
-0.936387 0.0436297
-0.935987 0.0436654
-0.935587 0.0437011
-0.935187 0.0437368
-0.934787 0.0437726
-0.934387 0.0438084
-0.933987 0.0438443
-0.933587 0.0438802
-0.933187 0.0439162
-0.932787 0.0439522
-0.932386 0.0439882
-0.931986 0.0440243
-0.931586 0.0440604
-0.931186 0.0440966
-0.930786 0.0441328
-0.930386 0.0441691
-0.929986 0.0442054
-0.929586 0.0442417
-0.929186 0.0442781
-0.928786 0.0443145
-0.928386 0.044351
-0.927986 0.0443875
-0.927586 0.0444241
-0.927185 0.0444607
-0.926785 0.0444974
-0.926385 0.0445341
-0.925985 0.0445709
-0.925585 0.0446076
-0.925185 0.0446445
-0.924785 0.0446814
-0.924385 0.0447183
-0.923985 0.0447553
-0.923585 0.0447923
-0.923185 0.0448294
-0.922785 0.0448665
-0.922384 0.0449037
-0.921984 0.0449409
-0.921584 0.0449782
-0.921184 0.0450155
-0.920784 0.0450528
-0.920384 0.0450902
-0.919984 0.0451277
-0.919584 0.0451652
-0.919184 0.0452027
-0.918784 0.0452403
-0.918384 0.0452779
-0.917984 0.0453156
-0.917584 0.0453533
-0.917183 0.0453911
-0.916783 0.0454289
-0.916383 0.0454668
-0.915983 0.0455047
-0.915583 0.0455427
-0.915183 0.0455807
-0.914783 0.0456188
-0.914383 0.0456569
-0.913983 0.045695
-0.913583 0.0457332
-0.913183 0.0457715
-0.912783 0.0458098
-0.912382 0.0458481
-0.911982 0.0458865
-0.911582 0.045925
-0.911182 0.0459635
-0.910782 0.046002
-0.910382 0.0460406
-0.909982 0.0460792
-0.909582 0.0461179
-0.909182 0.0461566
-0.908782 0.0461954
-0.908382 0.0462342
-0.907982 0.0462731
-0.907582 0.046312
-0.907181 0.046351
-0.906781 0.04639
-0.906381 0.0464291
-0.905981 0.0464682
-0.905581 0.0465074
-0.905181 0.0465466
-0.904781 0.0465858
-0.904381 0.0466251
-0.903981 0.0466645
-0.903581 0.0467039
-0.903181 0.0467434
-0.902781 0.0467829
-0.90238 0.0468224
-0.90198 0.046862
-0.90158 0.0469017
-0.90118 0.0469414
-0.90078 0.0469812
-0.90038 0.047021
-0.89998 0.0470608
-0.89958 0.0471007
-0.89918 0.0471407
-0.89878 0.0471807
-0.89838 0.0472207
-0.89798 0.0472608
-0.89758 0.047301
-0.897179 0.0473412
-0.896779 0.0473814
-0.896379 0.0474217
-0.895979 0.0474621
-0.895579 0.0475025
-0.895179 0.0475429
-0.894779 0.0475834
-0.894379 0.047624
-0.893979 0.0476646
-0.893579 0.0477053
-0.893179 0.047746
-0.892779 0.0477867
-0.892378 0.0478275
-0.891978 0.0478684
-0.891578 0.0479093
-0.891178 0.0479503
-0.890778 0.0479913
-0.890378 0.0480323
-0.889978 0.0480735
-0.889578 0.0481146
-0.889178 0.0481558
-0.888778 0.0481971
-0.888378 0.0482384
-0.887978 0.0482798
-0.887578 0.0483213
-0.887177 0.0483627
-0.886777 0.0484043
-0.886377 0.0484459
-0.885977 0.0484875
-0.885577 0.0485292
-0.885177 0.0485709
-0.884777 0.0486127
-0.884377 0.0486546
-0.883977 0.0486965
-0.883577 0.0487385
-0.883177 0.0487805
-0.882777 0.0488225
-0.882376 0.0488646
-0.881976 0.0489068
-0.881576 0.048949
-0.881176 0.0489913
-0.880776 0.0490337
-0.880376 0.049076
-0.879976 0.0491185
-0.879576 0.049161
-0.879176 0.0492035
-0.878776 0.0492461
-0.878376 0.0492888
-0.877976 0.0493315
-0.877576 0.0493743
-0.877175 0.0494171
-0.876775 0.04946
-0.876375 0.0495029
-0.875975 0.0495459
-0.875575 0.0495889
-0.875175 0.049632
-0.874775 0.0496752
-0.874375 0.0497184
-0.873975 0.0497616
-0.873575 0.049805
-0.873175 0.0498483
-0.872775 0.0498918
-0.872374 0.0499352
-0.871974 0.0499788
-0.871574 0.0500224
-0.871174 0.050066
-0.870774 0.0501097
-0.870374 0.0501535
-0.869974 0.0501973
-0.869574 0.0502412
-0.869174 0.0502852
-0.868774 0.0503291
-0.868374 0.0503732
-0.867974 0.0504173
-0.867574 0.0504615
-0.867173 0.0505057
-0.866773 0.05055
-0.866373 0.0505943
-0.865973 0.0506387
-0.865573 0.0506831
-0.865173 0.0507276
-0.864773 0.0507722
-0.864373 0.0508168
-0.863973 0.0508615
-0.863573 0.0509062
-0.863173 0.050951
-0.862773 0.0509959
-0.862372 0.0510408
-0.861972 0.0510858
-0.861572 0.0511308
-0.861172 0.0511759
-0.860772 0.051221
-0.860372 0.0512663
-0.859972 0.0513115
-0.859572 0.0513568
-0.859172 0.0514022
-0.858772 0.0514477
-0.858372 0.0514932
-0.857972 0.0515387
-0.857572 0.0515843
-0.857171 0.05163
-0.856771 0.0516758
-0.856371 0.0517216
-0.855971 0.0517674
-0.855571 0.0518133
-0.855171 0.0518593
-0.854771 0.0519053
-0.854371 0.0519514
-0.853971 0.0519976
-0.853571 0.0520438
-0.853171 0.0520901
-0.852771 0.0521364
-0.85237 0.0521828
-0.85197 0.0522293
-0.85157 0.0522758
-0.85117 0.0523224
-0.85077 0.0523691
-0.85037 0.0524158
-0.84997 0.0524625
-0.84957 0.0525094
-0.84917 0.0525562
-0.84877 0.0526032
-0.84837 0.0526502
-0.84797 0.0526973
-0.84757 0.0527444
-0.847169 0.0527916
-0.846769 0.0528389
-0.846369 0.0528862
-0.845969 0.0529336
-0.845569 0.052981
-0.845169 0.0530285
-0.844769 0.0530761
-0.844369 0.0531238
-0.843969 0.0531715
-0.843569 0.0532192
-0.843169 0.053267
-0.842769 0.0533149
-0.842368 0.0533629
-0.841968 0.0534109
-0.841568 0.053459
-0.841168 0.0535071
-0.840768 0.0535553
-0.840368 0.0536036
-0.839968 0.0536519
-0.839568 0.0537003
-0.839168 0.0537488
-0.838768 0.0537973
-0.838368 0.0538459
-0.837968 0.0538946
-0.837568 0.0539433
-0.837167 0.0539921
-0.836767 0.0540409
-0.836367 0.0540898
-0.835967 0.0541388
-0.835567 0.0541879
-0.835167 0.054237
-0.834767 0.0542862
-0.834367 0.0543354
-0.833967 0.0543847
-0.833567 0.0544341
-0.833167 0.0544835
-0.832767 0.054533
-0.832366 0.0545826
-0.831966 0.0546323
-0.831566 0.054682
-0.831166 0.0547317
-0.830766 0.0547816
-0.830366 0.0548315
-0.829966 0.0548815
-0.829566 0.0549315
-0.829166 0.0549816
-0.828766 0.0550318
-0.828366 0.055082
-0.827966 0.0551323
-0.827566 0.0551827
-0.827165 0.0552332
-0.826765 0.0552837
-0.826365 0.0553343
-0.825965 0.0553849
-0.825565 0.0554356
-0.825165 0.0554864
-0.824765 0.0555373
-0.824365 0.0555882
-0.823965 0.0556392
-0.823565 0.0556902
-0.823165 0.0557414
-0.822765 0.0557926
-0.822364 0.0558438
-0.821964 0.0558952
-0.821564 0.0559466
-0.821164 0.055998
-0.820764 0.0560496
-0.820364 0.0561012
-0.819964 0.0561529
-0.819564 0.0562046
-0.819164 0.0562565
-0.818764 0.0563084
-0.818364 0.0563603
-0.817964 0.0564124
-0.817564 0.0564645
-0.817163 0.0565166
-0.816763 0.0565689
-0.816363 0.0566212
-0.815963 0.0566736
-0.815563 0.0567261
-0.815163 0.0567786
-0.814763 0.0568312
-0.814363 0.0568839
-0.813963 0.0569366
-0.813563 0.0569894
-0.813163 0.0570423
-0.812763 0.0570953
-0.812362 0.0571483
-0.811962 0.0572014
-0.811562 0.0572546
-0.811162 0.0573079
-0.810762 0.0573612
-0.810362 0.0574146
-0.809962 0.0574681
-0.809562 0.0575216
-0.809162 0.0575752
-0.808762 0.0576289
-0.808362 0.0576827
-0.807962 0.0577366
-0.807562 0.0577905
-0.807161 0.0578445
-0.806761 0.0578985
-0.806361 0.0579527
-0.805961 0.0580069
-0.805561 0.0580612
-0.805161 0.0581155
-0.804761 0.05817
-0.804361 0.0582245
-0.803961 0.058279
-0.803561 0.0583337
-0.803161 0.0583884
-0.802761 0.0584433
-0.80236 0.0584981
-0.80196 0.0585531
-0.80156 0.0586081
-0.80116 0.0586633
-0.80076 0.0587185
-0.80036 0.0587737
-0.79996 0.0588291
-0.79956 0.0588845
-0.79916 0.05894
-0.79876 0.0589956
-0.79836 0.0590512
-0.79796 0.0591069
-0.79756 0.0591627
-0.797159 0.0592186
-0.796759 0.0592746
-0.796359 0.0593306
-0.795959 0.0593867
-0.795559 0.0594429
-0.795159 0.0594992
-0.794759 0.0595555
-0.794359 0.059612
-0.793959 0.0596685
-0.793559 0.0597251
-0.793159 0.0597817
-0.792759 0.0598385
-0.792358 0.0598953
-0.791958 0.0599522
-0.791558 0.0600092
-0.791158 0.0600662
-0.790758 0.0601234
-0.790358 0.0601806
-0.789958 0.0602379
-0.789558 0.0602953
-0.789158 0.0603527
-0.788758 0.0604103
-0.788358 0.0604679
-0.787958 0.0605256
-0.787558 0.0605834
-0.787157 0.0606413
-0.786757 0.0606992
-0.786357 0.0607572
-0.785957 0.0608153
-0.785557 0.0608735
-0.785157 0.0609318
-0.784757 0.0609902
-0.784357 0.0610486
-0.783957 0.0611071
-0.783557 0.0611657
-0.783157 0.0612244
-0.782757 0.0612832
-0.782356 0.061342
-0.781956 0.0614009
-0.781556 0.0614599
-0.781156 0.061519
-0.780756 0.0615782
-0.780356 0.0616375
-0.779956 0.0616968
-0.779556 0.0617563
-0.779156 0.0618158
-0.778756 0.0618754
-0.778356 0.0619351
-0.777956 0.0619948
-0.777556 0.0620547
-0.777155 0.0621146
-0.776755 0.0621747
-0.776355 0.0622348
-0.775955 0.062295
-0.775555 0.0623552
-0.775155 0.0624156
-0.774755 0.0624761
-0.774355 0.0625366
-0.773955 0.0625972
-0.773555 0.0626579
-0.773155 0.0627187
-0.772755 0.0627796
-0.772354 0.0628406
-0.771954 0.0629016
-0.771554 0.0629628
-0.771154 0.063024
-0.770754 0.0630853
-0.770354 0.0631467
-0.769954 0.0632082
-0.769554 0.0632698
-0.769154 0.0633315
-0.768754 0.0633932
-0.768354 0.0634551
-0.767954 0.063517
-0.767554 0.063579
-0.767153 0.0636411
-0.766753 0.0637033
-0.766353 0.0637656
-0.765953 0.063828
-0.765553 0.0638904
-0.765153 0.063953
-0.764753 0.0640156
-0.764353 0.0640784
-0.763953 0.0641412
-0.763553 0.0642041
-0.763153 0.0642671
-0.762753 0.0643302
-0.762352 0.0643934
-0.761952 0.0644567
-0.761552 0.0645201
-0.761152 0.0645835
-0.760752 0.0646471
-0.760352 0.0647107
-0.759952 0.0647745
-0.759552 0.0648383
-0.759152 0.0649022
-0.758752 0.0649662
-0.758352 0.0650304
-0.757952 0.0650946
-0.757552 0.0651588
-0.757151 0.0652232
-0.756751 0.0652877
-0.756351 0.0653523
-0.755951 0.065417
-0.755551 0.0654817
-0.755151 0.0655466
-0.754751 0.0656115
-0.754351 0.0656766
-0.753951 0.0657417
-0.753551 0.0658069
-0.753151 0.0658723
-0.752751 0.0659377
-0.75235 0.0660032
-0.75195 0.0660688
-0.75155 0.0661345
-0.75115 0.0662003
-0.75075 0.0662662
-0.75035 0.0663322
-0.74995 0.0663983
-0.74955 0.0664645
-0.74915 0.0665308
-0.74875 0.0665972
-0.74835 0.0666636
-0.74795 0.0667302
-0.74755 0.0667969
-0.747149 0.0668637
-0.746749 0.0669305
-0.746349 0.0669975
-0.745949 0.0670646
-0.745549 0.0671317
-0.745149 0.067199
-0.744749 0.0672663
-0.744349 0.0673338
-0.743949 0.0674014
-0.743549 0.067469
-0.743149 0.0675368
-0.742749 0.0676046
-0.742348 0.0676726
-0.741948 0.0677406
-0.741548 0.0678088
-0.741148 0.067877
-0.740748 0.0679454
-0.740348 0.0680139
-0.739948 0.0680824
-0.739548 0.0681511
-0.739148 0.0682198
-0.738748 0.0682887
-0.738348 0.0683577
-0.737948 0.0684267
-0.737548 0.0684959
-0.737147 0.0685652
-0.736747 0.0686346
-0.736347 0.068704
-0.735947 0.0687736
-0.735547 0.0688433
-0.735147 0.0689131
-0.734747 0.068983
-0.734347 0.069053
-0.733947 0.0691231
-0.733547 0.0691933
-0.733147 0.0692636
-0.732747 0.069334
-0.732346 0.0694045
-0.731946 0.0694751
-0.731546 0.0695459
-0.731146 0.0696167
-0.730746 0.0696876
-0.730346 0.0697587
-0.729946 0.0698298
-0.729546 0.0699011
-0.729146 0.0699724
-0.728746 0.0700439
-0.728346 0.0701155
-0.727946 0.0701872
-0.727546 0.070259
-0.727145 0.0703308
-0.726745 0.0704029
-0.726345 0.070475
-0.725945 0.0705472
-0.725545 0.0706195
-0.725145 0.0706919
-0.724745 0.0707645
-0.724345 0.0708371
-0.723945 0.0709099
-0.723545 0.0709828
-0.723145 0.0710558
-0.722745 0.0711289
-0.722344 0.0712021
-0.721944 0.0712754
-0.721544 0.0713488
-0.721144 0.0714223
-0.720744 0.071496
-0.720344 0.0715697
-0.719944 0.0716436
-0.719544 0.0717176
-0.719144 0.0717916
-0.718744 0.0718658
-0.718344 0.0719402
-0.717944 0.0720146
-0.717544 0.0720891
-0.717143 0.0721638
-0.716743 0.0722385
-0.716343 0.0723134
-0.715943 0.0723884
-0.715543 0.0724635
-0.715143 0.0725387
-0.714743 0.072614
-0.714343 0.0726895
-0.713943 0.072765
-0.713543 0.0728407
-0.713143 0.0729165
-0.712743 0.0729924
-0.712342 0.0730684
-0.711942 0.0731446
-0.711542 0.0732208
-0.711142 0.0732972
-0.710742 0.0733737
-0.710342 0.0734503
-0.709942 0.073527
-0.709542 0.0736038
-0.709142 0.0736808
-0.708742 0.0737579
-0.708342 0.0738351
-0.707942 0.0739124
-0.707542 0.0739898
-0.707141 0.0740673
-0.706741 0.074145
-0.706341 0.0742228
-0.705941 0.0743007
-0.705541 0.0743787
-0.705141 0.0744568
-0.704741 0.0745351
-0.704341 0.0746135
-0.703941 0.074692
-0.703541 0.0747706
-0.703141 0.0748494
-0.702741 0.0749282
-0.70234 0.0750072
-0.70194 0.0750863
-0.70154 0.0751655
-0.70114 0.0752449
-0.70074 0.0753244
-0.70034 0.0754039
-0.69994 0.0754837
-0.69954 0.0755635
-0.69914 0.0756435
-0.69874 0.0757236
-0.69834 0.0758038
-0.69794 0.0758841
-0.69754 0.0759646
-0.697139 0.0760451
-0.696739 0.0761258
-0.696339 0.0762067
-0.695939 0.0762876
-0.695539 0.0763687
-0.695139 0.0764499
-0.694739 0.0765313
-0.694339 0.0766127
-0.693939 0.0766943
-0.693539 0.076776
-0.693139 0.0768579
-0.692739 0.0769398
-0.692338 0.0770219
-0.691938 0.0771041
-0.691538 0.0771865
-0.691138 0.077269
-0.690738 0.0773516
-0.690338 0.0774343
-0.689938 0.0775172
-0.689538 0.0776002
-0.689138 0.0776833
-0.688738 0.0777666
-0.688338 0.07785
-0.687938 0.0779335
-0.687538 0.0780171
-0.687137 0.0781009
-0.686737 0.0781848
-0.686337 0.0782688
-0.685937 0.078353
-0.685537 0.0784373
-0.685137 0.0785218
-0.684737 0.0786063
-0.684337 0.078691
-0.683937 0.0787759
-0.683537 0.0788608
-0.683137 0.0789459
-0.682737 0.0790312
-0.682336 0.0791166
-0.681936 0.0792021
-0.681536 0.0792877
-0.681136 0.0793735
-0.680736 0.0794594
-0.680336 0.0795454
-0.679936 0.0796316
-0.679536 0.0797179
-0.679136 0.0798044
-0.678736 0.079891
-0.678336 0.0799777
-0.677936 0.0800646
-0.677536 0.0801516
-0.677135 0.0802387
-0.676735 0.080326
-0.676335 0.0804134
-0.675935 0.080501
-0.675535 0.0805887
-0.675135 0.0806765
-0.674735 0.0807645
-0.674335 0.0808526
-0.673935 0.0809408
-0.673535 0.0810292
-0.673135 0.0811178
-0.672735 0.0812064
-0.672334 0.0812953
-0.671934 0.0813842
-0.671534 0.0814733
-0.671134 0.0815625
-0.670734 0.0816519
-0.670334 0.0817414
-0.669934 0.0818311
-0.669534 0.0819209
-0.669134 0.0820109
-0.668734 0.082101
-0.668334 0.0821912
-0.667934 0.0822816
-0.667534 0.0823721
-0.667133 0.0824628
-0.666733 0.0825536
-0.666333 0.0826446
-0.665933 0.0827357
-0.665533 0.082827
-0.665133 0.0829184
-0.664733 0.0830099
-0.664333 0.0831016
-0.663933 0.0831935
-0.663533 0.0832855
-0.663133 0.0833776
-0.662733 0.0834699
-0.662332 0.0835624
-0.661932 0.0836549
-0.661532 0.0837477
-0.661132 0.0838406
-0.660732 0.0839336
-0.660332 0.0840268
-0.659932 0.0841201
-0.659532 0.0842136
-0.659132 0.0843073
-0.658732 0.0844011
-0.658332 0.084495
-0.657932 0.0845891
-0.657532 0.0846834
-0.657131 0.0847778
-0.656731 0.0848723
-0.656331 0.084967
-0.655931 0.0850619
-0.655531 0.0851569
-0.655131 0.0852521
-0.654731 0.0853474
-0.654331 0.0854429
-0.653931 0.0855385
-0.653531 0.0856343
-0.653131 0.0857303
-0.652731 0.0858264
-0.65233 0.0859226
-0.65193 0.0860191
-0.65153 0.0861156
-0.65113 0.0862124
-0.65073 0.0863093
-0.65033 0.0864063
-0.64993 0.0865035
-0.64953 0.0866009
-0.64913 0.0866984
-0.64873 0.0867961
-0.64833 0.0868939
-0.64793 0.0869919
-0.64753 0.0870901
-0.647129 0.0871884
-0.646729 0.0872869
-0.646329 0.0873856
-0.645929 0.0874844
-0.645529 0.0875833
-0.645129 0.0876825
-0.644729 0.0877818
-0.644329 0.0878812
-0.643929 0.0879809
-0.643529 0.0880806
-0.643129 0.0881806
-0.642729 0.0882807
-0.642328 0.088381
-0.641928 0.0884814
-0.641528 0.0885821
-0.641128 0.0886828
-0.640728 0.0887838
-0.640328 0.0888849
-0.639928 0.0889862
-0.639528 0.0890876
-0.639128 0.0891892
-0.638728 0.089291
-0.638328 0.089393
-0.637928 0.0894951
-0.637528 0.0895974
-0.637127 0.0896999
-0.636727 0.0898025
-0.636327 0.0899053
-0.635927 0.0900083
-0.635527 0.0901114
-0.635127 0.0902147
-0.634727 0.0903182
-0.634327 0.0904219
-0.633927 0.0905257
-0.633527 0.0906297
-0.633127 0.0907339
-0.632727 0.0908383
-0.632326 0.0909428
-0.631926 0.0910475
-0.631526 0.0911524
-0.631126 0.0912574
-0.630726 0.0913627
-0.630326 0.0914681
-0.629926 0.0915737
-0.629526 0.0916794
-0.629126 0.0917854
-0.628726 0.0918915
-0.628326 0.0919978
-0.627926 0.0921042
-0.627526 0.0922109
-0.627125 0.0923177
-0.626725 0.0924247
-0.626325 0.0925319
-0.625925 0.0926393
-0.625525 0.0927468
-0.625125 0.0928545
-0.624725 0.0929625
-0.624325 0.0930705
-0.623925 0.0931788
-0.623525 0.0932873
-0.623125 0.0933959
-0.622725 0.0935047
-0.622324 0.0936137
-0.621924 0.0937229
-0.621524 0.0938323
-0.621124 0.0939418
-0.620724 0.0940516
-0.620324 0.0941615
-0.619924 0.0942716
-0.619524 0.0943819
-0.619124 0.0944924
-0.618724 0.0946031
-0.618324 0.0947139
-0.617924 0.094825
-0.617524 0.0949362
-0.617123 0.0950477
-0.616723 0.0951593
-0.616323 0.0952711
-0.615923 0.0953831
-0.615523 0.0954953
-0.615123 0.0956077
-0.614723 0.0957202
-0.614323 0.095833
-0.613923 0.095946
-0.613523 0.0960591
-0.613123 0.0961724
-0.612723 0.096286
-0.612322 0.0963997
-0.611922 0.0965136
-0.611522 0.0966278
-0.611122 0.0967421
-0.610722 0.0968566
-0.610322 0.0969713
-0.609922 0.0970862
-0.609522 0.0972013
-0.609122 0.0973166
-0.608722 0.0974321
-0.608322 0.0975478
-0.607922 0.0976637
-0.607522 0.0977798
-0.607121 0.0978961
-0.606721 0.0980126
-0.606321 0.0981293
-0.605921 0.0982462
-0.605521 0.0983633
-0.605121 0.0984806
-0.604721 0.0985981
-0.604321 0.0987158
-0.603921 0.0988337
-0.603521 0.0989518
-0.603121 0.0990701
-0.602721 0.0991886
-0.60232 0.0993073
-0.60192 0.0994263
-0.60152 0.0995454
-0.60112 0.0996647
-0.60072 0.0997843
-0.60032 0.099904
-0.59992 0.100024
-0.59952 0.100144
-0.59912 0.100265
-0.59872 0.100385
-0.59832 0.100506
-0.59792 0.100627
-0.59752 0.100748
-0.597119 0.10087
-0.596719 0.100991
-0.596319 0.101113
-0.595919 0.101235
-0.595519 0.101357
-0.595119 0.10148
-0.594719 0.101603
-0.594319 0.101726
-0.593919 0.101849
-0.593519 0.101972
-0.593119 0.102096
-0.592719 0.102219
-0.592318 0.102343
-0.591918 0.102468
-0.591518 0.102592
-0.591118 0.102717
-0.590718 0.102841
-0.590318 0.102967
-0.589918 0.103092
-0.589518 0.103217
-0.589118 0.103343
-0.588718 0.103469
-0.588318 0.103595
-0.587918 0.103722
-0.587518 0.103848
-0.587117 0.103975
-0.586717 0.104102
-0.586317 0.10423
-0.585917 0.104357
-0.585517 0.104485
-0.585117 0.104613
-0.584717 0.104741
-0.584317 0.10487
-0.583917 0.104998
-0.583517 0.105127
-0.583117 0.105256
-0.582717 0.105386
-0.582316 0.105515
-0.581916 0.105645
-0.581516 0.105775
-0.581116 0.105905
-0.580716 0.106036
-0.580316 0.106166
-0.579916 0.106297
-0.579516 0.106429
-0.579116 0.10656
-0.578716 0.106692
-0.578316 0.106824
-0.577916 0.106956
-0.577516 0.107088
-0.577115 0.107221
-0.576715 0.107354
-0.576315 0.107487
-0.575915 0.10762
-0.575515 0.107754
-0.575115 0.107887
-0.574715 0.108021
-0.574315 0.108156
-0.573915 0.10829
-0.573515 0.108425
-0.573115 0.10856
-0.572715 0.108695
-0.572314 0.108831
-0.571914 0.108966
-0.571514 0.109102
-0.571114 0.109238
-0.570714 0.109375
-0.570314 0.109512
-0.569914 0.109649
-0.569514 0.109786
-0.569114 0.109923
-0.568714 0.110061
-0.568314 0.110199
-0.567914 0.110337
-0.567514 0.110475
-0.567113 0.110614
-0.566713 0.110753
-0.566313 0.110892
-0.565913 0.111032
-0.565513 0.111171
-0.565113 0.111311
-0.564713 0.111451
-0.564313 0.111592
-0.563913 0.111733
-0.563513 0.111873
-0.563113 0.112015
-0.562713 0.112156
-0.562312 0.112298
-0.561912 0.11244
-0.561512 0.112582
-0.561112 0.112725
-0.560712 0.112867
-0.560312 0.11301
-0.559912 0.113154
-0.559512 0.113297
-0.559112 0.113441
-0.558712 0.113585
-0.558312 0.113729
-0.557912 0.113874
-0.557512 0.114019
-0.557111 0.114164
-0.556711 0.114309
-0.556311 0.114455
-0.555911 0.114601
-0.555511 0.114747
-0.555111 0.114894
-0.554711 0.11504
-0.554311 0.115187
-0.553911 0.115335
-0.553511 0.115482
-0.553111 0.11563
-0.552711 0.115778
-0.55231 0.115926
-0.55191 0.116075
-0.55151 0.116224
-0.55111 0.116373
-0.55071 0.116522
-0.55031 0.116672
-0.54991 0.116822
-0.54951 0.116972
-0.54911 0.117123
-0.54871 0.117274
-0.54831 0.117425
-0.54791 0.117576
-0.54751 0.117728
-0.547109 0.11788
-0.546709 0.118032
-0.546309 0.118184
-0.545909 0.118337
-0.545509 0.11849
-0.545109 0.118644
-0.544709 0.118797
-0.544309 0.118951
-0.543909 0.119105
-0.543509 0.11926
-0.543109 0.119415
-0.542709 0.11957
-0.542308 0.119725
-0.541908 0.119881
-0.541508 0.120037
-0.541108 0.120193
-0.540708 0.120349
-0.540308 0.120506
-0.539908 0.120663
-0.539508 0.120821
-0.539108 0.120978
-0.538708 0.121136
-0.538308 0.121295
-0.537908 0.121453
-0.537508 0.121612
-0.537107 0.121771
-0.536707 0.121931
-0.536307 0.122091
-0.535907 0.122251
-0.535507 0.122411
-0.535107 0.122572
-0.534707 0.122733
-0.534307 0.122894
-0.533907 0.123055
-0.533507 0.123217
-0.533107 0.12338
-0.532707 0.123542
-0.532306 0.123705
-0.531906 0.123868
-0.531506 0.124031
-0.531106 0.124195
-0.530706 0.124359
-0.530306 0.124523
-0.529906 0.124688
-0.529506 0.124853
-0.529106 0.125018
-0.528706 0.125184
-0.528306 0.12535
-0.527906 0.125516
-0.527506 0.125683
-0.527105 0.125849
-0.526705 0.126017
-0.526305 0.126184
-0.525905 0.126352
-0.525505 0.12652
-0.525105 0.126688
-0.524705 0.126857
-0.524305 0.127026
-0.523905 0.127196
-0.523505 0.127365
-0.523105 0.127535
-0.522705 0.127706
-0.522304 0.127876
-0.521904 0.128047
-0.521504 0.128219
-0.521104 0.12839
-0.520704 0.128562
-0.520304 0.128735
-0.519904 0.128907
-0.519504 0.12908
-0.519104 0.129254
-0.518704 0.129427
-0.518304 0.129601
-0.517904 0.129776
-0.517504 0.12995
-0.517103 0.130125
-0.516703 0.130301
-0.516303 0.130476
-0.515903 0.130652
-0.515503 0.130829
-0.515103 0.131005
-0.514703 0.131182
-0.514303 0.13136
-0.513903 0.131537
-0.513503 0.131715
-0.513103 0.131894
-0.512703 0.132072
-0.512302 0.132252
-0.511902 0.132431
-0.511502 0.132611
-0.511102 0.132791
-0.510702 0.132971
-0.510302 0.133152
-0.509902 0.133333
-0.509502 0.133515
-0.509102 0.133697
-0.508702 0.133879
-0.508302 0.134061
-0.507902 0.134244
-0.507502 0.134428
-0.507101 0.134611
-0.506701 0.134795
-0.506301 0.13498
-0.505901 0.135164
-0.505501 0.135349
-0.505101 0.135535
-0.504701 0.135721
-0.504301 0.135907
-0.503901 0.136093
-0.503501 0.13628
-0.503101 0.136467
-0.502701 0.136655
-0.5023 0.136843
-0.5019 0.137031
-0.5015 0.13722
-0.5011 0.137409
-0.5007 0.137599
-0.5003 0.137788
-0.4999 0.137979
-0.4995 0.138169
-0.4991 0.13836
-0.4987 0.138551
-0.4983 0.138743
-0.4979 0.138935
-0.497499 0.139128
-0.497099 0.13932
-0.496699 0.139514
-0.496299 0.139707
-0.495899 0.139901
-0.495499 0.140096
-0.495099 0.14029
-0.494699 0.140485
-0.494299 0.140681
-0.493899 0.140877
-0.493499 0.141073
-0.493099 0.14127
-0.492699 0.141467
-0.492298 0.141664
-0.491898 0.141862
-0.491498 0.14206
-0.491098 0.142259
-0.490698 0.142458
-0.490298 0.142657
-0.489898 0.142857
-0.489498 0.143057
-0.489098 0.143258
-0.488698 0.143459
-0.488298 0.14366
-0.487898 0.143862
-0.487497 0.144064
-0.487097 0.144267
-0.486697 0.14447
-0.486297 0.144673
-0.485897 0.144877
-0.485497 0.145081
-0.485097 0.145286
-0.484697 0.145491
-0.484297 0.145696
-0.483897 0.145902
-0.483497 0.146108
-0.483097 0.146315
-0.482697 0.146522
-0.482296 0.14673
-0.481896 0.146938
-0.481496 0.147146
-0.481096 0.147355
-0.480696 0.147564
-0.480296 0.147774
-0.479896 0.147984
-0.479496 0.148194
-0.479096 0.148405
-0.478696 0.148616
-0.478296 0.148828
-0.477896 0.14904
-0.477495 0.149253
-0.477095 0.149466
-0.476695 0.149679
-0.476295 0.149893
-0.475895 0.150107
-0.475495 0.150322
-0.475095 0.150537
-0.474695 0.150753
-0.474295 0.150969
-0.473895 0.151185
-0.473495 0.151402
-0.473095 0.151619
-0.472695 0.151837
-0.472294 0.152055
-0.471894 0.152274
-0.471494 0.152493
-0.471094 0.152713
-0.470694 0.152933
-0.470294 0.153153
-0.469894 0.153374
-0.469494 0.153595
-0.469094 0.153817
-0.468694 0.154039
-0.468294 0.154262
-0.467894 0.154485
-0.467493 0.154709
-0.467093 0.154933
-0.466693 0.155157
-0.466293 0.155382
-0.465893 0.155608
-0.465493 0.155834
-0.465093 0.15606
-0.464693 0.156287
-0.464293 0.156514
-0.463893 0.156742
-0.463493 0.15697
-0.463093 0.157199
-0.462693 0.157428
-0.462292 0.157658
-0.461892 0.157888
-0.461492 0.158118
-0.461092 0.158349
-0.460692 0.158581
-0.460292 0.158813
-0.459892 0.159045
-0.459492 0.159278
-0.459092 0.159512
-0.458692 0.159746
-0.458292 0.15998
-0.457892 0.160215
-0.457491 0.16045
-0.457091 0.160686
-0.456691 0.160922
-0.456291 0.161159
-0.455891 0.161396
-0.455491 0.161634
-0.455091 0.161873
-0.454691 0.162111
-0.454291 0.162351
-0.453891 0.16259
-0.453491 0.162831
-0.453091 0.163072
-0.452691 0.163313
-0.45229 0.163555
-0.45189 0.163797
-0.45149 0.16404
-0.45109 0.164283
-0.45069 0.164527
-0.45029 0.164771
-0.44989 0.165016
-0.44949 0.165261
-0.44909 0.165507
-0.44869 0.165753
-0.44829 0.166
-0.44789 0.166248
-0.447489 0.166495
-0.447089 0.166744
-0.446689 0.166993
-0.446289 0.167242
-0.445889 0.167492
-0.445489 0.167743
-0.445089 0.167994
-0.444689 0.168245
-0.444289 0.168497
-0.443889 0.16875
-0.443489 0.169003
-0.443089 0.169257
-0.442689 0.169511
-0.442288 0.169765
-0.441888 0.170021
-0.441488 0.170276
-0.441088 0.170533
-0.440688 0.17079
-0.440288 0.171047
-0.439888 0.171305
-0.439488 0.171564
-0.439088 0.171823
-0.438688 0.172082
-0.438288 0.172342
-0.437888 0.172603
-0.437487 0.172864
-0.437087 0.173126
-0.436687 0.173388
-0.436287 0.173651
-0.435887 0.173915
-0.435487 0.174179
-0.435087 0.174443
-0.434687 0.174708
-0.434287 0.174974
-0.433887 0.17524
-0.433487 0.175507
-0.433087 0.175775
-0.432687 0.176043
-0.432286 0.176311
-0.431886 0.17658
-0.431486 0.17685
-0.431086 0.17712
-0.430686 0.177391
-0.430286 0.177662
-0.429886 0.177934
-0.429486 0.178207
-0.429086 0.17848
-0.428686 0.178754
-0.428286 0.179028
-0.427886 0.179303
-0.427485 0.179578
-0.427085 0.179855
-0.426685 0.180131
-0.426285 0.180408
-0.425885 0.180686
-0.425485 0.180965
-0.425085 0.181244
-0.424685 0.181523
-0.424285 0.181804
-0.423885 0.182084
-0.423485 0.182366
-0.423085 0.182648
-0.422685 0.182931
-0.422284 0.183214
-0.421884 0.183498
-0.421484 0.183782
-0.421084 0.184067
-0.420684 0.184353
-0.420284 0.184639
-0.419884 0.184926
-0.419484 0.185214
-0.419084 0.185502
-0.418684 0.185791
-0.418284 0.18608
-0.417884 0.18637
-0.417483 0.186661
-0.417083 0.186952
-0.416683 0.187244
-0.416283 0.187536
-0.415883 0.18783
-0.415483 0.188123
-0.415083 0.188418
-0.414683 0.188713
-0.414283 0.189009
-0.413883 0.189305
-0.413483 0.189602
-0.413083 0.1899
-0.412683 0.190198
-0.412282 0.190497
-0.411882 0.190797
-0.411482 0.191097
-0.411082 0.191398
-0.410682 0.191699
-0.410282 0.192002
-0.409882 0.192305
-0.409482 0.192608
-0.409082 0.192912
-0.408682 0.193217
-0.408282 0.193523
-0.407882 0.193829
-0.407481 0.194136
-0.407081 0.194443
-0.406681 0.194752
-0.406281 0.195061
-0.405881 0.19537
-0.405481 0.19568
-0.405081 0.195991
-0.404681 0.196303
-0.404281 0.196615
-0.403881 0.196928
-0.403481 0.197242
-0.403081 0.197556
-0.402681 0.197871
-0.40228 0.198187
-0.40188 0.198503
-0.40148 0.198821
-0.40108 0.199138
-0.40068 0.199457
-0.40028 0.199776
-0.39988 0.200096
-0.39948 0.200417
-0.39908 0.200738
-0.39868 0.20106
-0.39828 0.201383
-0.39788 0.201706
-0.397479 0.20203
-0.397079 0.202355
-0.396679 0.202681
-0.396279 0.203007
-0.395879 0.203334
-0.395479 0.203662
-0.395079 0.203991
-0.394679 0.20432
-0.394279 0.20465
-0.393879 0.20498
-0.393479 0.205312
-0.393079 0.205644
-0.392679 0.205977
-0.392278 0.20631
-0.391878 0.206645
-0.391478 0.20698
-0.391078 0.207316
-0.390678 0.207652
-0.390278 0.20799
-0.389878 0.208328
-0.389478 0.208667
-0.389078 0.209006
-0.388678 0.209347
-0.388278 0.209688
-0.387878 0.21003
-0.387477 0.210372
-0.387077 0.210716
-0.386677 0.21106
-0.386277 0.211405
-0.385877 0.211751
-0.385477 0.212097
-0.385077 0.212444
-0.384677 0.212793
-0.384277 0.213141
-0.383877 0.213491
-0.383477 0.213841
-0.383077 0.214193
-0.382677 0.214545
-0.382276 0.214897
-0.381876 0.215251
-0.381476 0.215605
-0.381076 0.21596
-0.380676 0.216316
-0.380276 0.216673
-0.379876 0.217031
-0.379476 0.217389
-0.379076 0.217748
-0.378676 0.218108
-0.378276 0.218469
-0.377876 0.21883
-0.377475 0.219193
-0.377075 0.219556
-0.376675 0.21992
-0.376275 0.220285
-0.375875 0.220651
-0.375475 0.221017
-0.375075 0.221384
-0.374675 0.221752
-0.374275 0.222121
-0.373875 0.222491
-0.373475 0.222862
-0.373075 0.223233
-0.372675 0.223606
-0.372274 0.223979
-0.371874 0.224353
-0.371474 0.224728
-0.371074 0.225103
-0.370674 0.22548
-0.370274 0.225857
-0.369874 0.226236
-0.369474 0.226615
-0.369074 0.226995
-0.368674 0.227376
-0.368274 0.227757
-0.367874 0.22814
-0.367473 0.228523
-0.367073 0.228908
-0.366673 0.229293
-0.366273 0.229679
-0.365873 0.230066
-0.365473 0.230454
-0.365073 0.230842
-0.364673 0.231232
-0.364273 0.231622
-0.363873 0.232014
-0.363473 0.232406
-0.363073 0.232799
-0.362673 0.233193
-0.362272 0.233588
-0.361872 0.233984
-0.361472 0.234381
-0.361072 0.234779
-0.360672 0.235177
-0.360272 0.235577
-0.359872 0.235977
-0.359472 0.236378
-0.359072 0.236781
-0.358672 0.237184
-0.358272 0.237588
-0.357872 0.237993
-0.357471 0.238399
-0.357071 0.238806
-0.356671 0.239214
-0.356271 0.239622
-0.355871 0.240032
-0.355471 0.240443
-0.355071 0.240854
-0.354671 0.241267
-0.354271 0.24168
-0.353871 0.242095
-0.353471 0.24251
-0.353071 0.242926
-0.352671 0.243344
-0.35227 0.243762
-0.35187 0.244181
-0.35147 0.244601
-0.35107 0.245023
-0.35067 0.245445
-0.35027 0.245868
-0.34987 0.246292
-0.34947 0.246717
-0.34907 0.247143
-0.34867 0.24757
-0.34827 0.247998
-0.34787 0.248427
-0.347469 0.248857
-0.347069 0.249288
-0.346669 0.24972
-0.346269 0.250153
-0.345869 0.250586
-0.345469 0.251021
-0.345069 0.251457
-0.344669 0.251894
-0.344269 0.252332
-0.343869 0.252771
-0.343469 0.253211
-0.343069 0.253652
-0.342669 0.254094
-0.342268 0.254537
-0.341868 0.254982
-0.341468 0.255427
-0.341068 0.255873
-0.340668 0.25632
-0.340268 0.256768
-0.339868 0.257218
-0.339468 0.257668
-0.339068 0.258119
-0.338668 0.258572
-0.338268 0.259025
-0.337868 0.25948
-0.337467 0.259935
-0.337067 0.260392
-0.336667 0.26085
-0.336267 0.261308
-0.335867 0.261768
-0.335467 0.262229
-0.335067 0.262691
-0.334667 0.263154
-0.334267 0.263618
-0.333867 0.264084
-0.333467 0.26455
-0.333067 0.265017
-0.332667 0.265486
-0.332266 0.265956
-0.331866 0.266426
-0.331466 0.266898
-0.331066 0.267371
-0.330666 0.267845
-0.330266 0.26832
-0.329866 0.268796
-0.329466 0.269274
-0.329066 0.269752
-0.328666 0.270232
-0.328266 0.270712
-0.327866 0.271194
-0.327465 0.271677
-0.327065 0.272161
-0.326665 0.272646
-0.326265 0.273133
-0.325865 0.27362
-0.325465 0.274109
-0.325065 0.274598
-0.324665 0.275089
-0.324265 0.275581
-0.323865 0.276075
-0.323465 0.276569
-0.323065 0.277064
-0.322665 0.277561
-0.322264 0.278059
-0.321864 0.278558
-0.321464 0.279058
-0.321064 0.279559
-0.320664 0.280062
-0.320264 0.280566
-0.319864 0.281071
-0.319464 0.281577
-0.319064 0.282084
-0.318664 0.282592
-0.318264 0.283102
-0.317864 0.283613
-0.317463 0.284125
-0.317063 0.284638
-0.316663 0.285153
-0.316263 0.285668
-0.315863 0.286185
-0.315463 0.286703
-0.315063 0.287223
-0.314663 0.287743
-0.314263 0.288265
-0.313863 0.288788
-0.313463 0.289312
-0.313063 0.289838
-0.312663 0.290364
-0.312262 0.290892
-0.311862 0.291421
-0.311462 0.291952
-0.311062 0.292484
-0.310662 0.293017
-0.310262 0.293551
-0.309862 0.294086
-0.309462 0.294623
-0.309062 0.295161
-0.308662 0.2957
-0.308262 0.296241
-0.307862 0.296783
-0.307461 0.297326
-0.307061 0.29787
-0.306661 0.298416
-0.306261 0.298963
-0.305861 0.299511
-0.305461 0.30006
-0.305061 0.300611
-0.304661 0.301163
-0.304261 0.301717
-0.303861 0.302271
-0.303461 0.302827
-0.303061 0.303385
-0.302661 0.303943
-0.30226 0.304503
-0.30186 0.305065
-0.30146 0.305627
-0.30106 0.306191
-0.30066 0.306757
-0.30026 0.307323
-0.29986 0.307891
-0.29946 0.308461
-0.29906 0.309031
-0.29866 0.309603
-0.29826 0.310177
-0.29786 0.310751
-0.297459 0.311327
-0.297059 0.311905
-0.296659 0.312483
-0.296259 0.313064
-0.295859 0.313645
-0.295459 0.314228
-0.295059 0.314812
-0.294659 0.315398
-0.294259 0.315985
-0.293859 0.316573
-0.293459 0.317163
-0.293059 0.317754
-0.292659 0.318347
-0.292258 0.318941
-0.291858 0.319536
-0.291458 0.320133
-0.291058 0.320731
-0.290658 0.321331
-0.290258 0.321932
-0.289858 0.322535
-0.289458 0.323139
-0.289058 0.323744
-0.288658 0.324351
-0.288258 0.324959
-0.287858 0.325568
-0.287457 0.32618
-0.287057 0.326792
-0.286657 0.327406
-0.286257 0.328021
-0.285857 0.328638
-0.285457 0.329257
-0.285057 0.329876
-0.284657 0.330498
-0.284257 0.33112
-0.283857 0.331745
-0.283457 0.33237
-0.283057 0.332997
-0.282657 0.333626
-0.282256 0.334256
-0.281856 0.334888
-0.281456 0.335521
-0.281056 0.336155
-0.280656 0.336791
-0.280256 0.337429
-0.279856 0.338068
-0.279456 0.338709
-0.279056 0.339351
-0.278656 0.339994
-0.278256 0.340639
-0.277856 0.341286
-0.277455 0.341934
-0.277055 0.342584
-0.276655 0.343235
-0.276255 0.343888
-0.275855 0.344542
-0.275455 0.345198
-0.275055 0.345855
-0.274655 0.346514
-0.274255 0.347175
-0.273855 0.347837
-0.273455 0.3485
-0.273055 0.349166
-0.272655 0.349832
-0.272254 0.350501
-0.271854 0.351171
-0.271454 0.351842
-0.271054 0.352515
-0.270654 0.35319
-0.270254 0.353866
-0.269854 0.354543
-0.269454 0.355223
-0.269054 0.355904
-0.268654 0.356586
-0.268254 0.35727
-0.267854 0.357956
-0.267453 0.358644
-0.267053 0.359333
-0.266653 0.360023
-0.266253 0.360715
-0.265853 0.361409
-0.265453 0.362105
-0.265053 0.362802
-0.264653 0.3635
-0.264253 0.364201
-0.263853 0.364903
-0.263453 0.365606
-0.263053 0.366312
-0.262653 0.367019
-0.262252 0.367727
-0.261852 0.368437
-0.261452 0.369149
-0.261052 0.369863
-0.260652 0.370578
-0.260252 0.371295
-0.259852 0.372013
-0.259452 0.372734
-0.259052 0.373455
-0.258652 0.374179
-0.258252 0.374904
-0.257852 0.375631
-0.257451 0.37636
-0.257051 0.37709
-0.256651 0.377822
-0.256251 0.378556
-0.255851 0.379291
-0.255451 0.380028
-0.255051 0.380767
-0.254651 0.381508
-0.254251 0.38225
-0.253851 0.382994
-0.253451 0.38374
-0.253051 0.384487
-0.252651 0.385237
-0.25225 0.385987
-0.25185 0.38674
-0.25145 0.387495
-0.25105 0.388251
-0.25065 0.389009
-0.25025 0.389768
-0.24985 0.39053
-0.24945 0.391293
-0.24905 0.392058
-0.24865 0.392824
-0.24825 0.393593
-0.24785 0.394363
-0.247449 0.395135
-0.247049 0.395909
-0.246649 0.396684
-0.246249 0.397462
-0.245849 0.398241
-0.245449 0.399022
-0.245049 0.399804
-0.244649 0.400589
-0.244249 0.401375
-0.243849 0.402163
-0.243449 0.402953
-0.243049 0.403745
-0.242649 0.404538
-0.242248 0.405333
-0.241848 0.40613
-0.241448 0.406929
-0.241048 0.40773
-0.240648 0.408533
-0.240248 0.409337
-0.239848 0.410143
-0.239448 0.410951
-0.239048 0.411761
-0.238648 0.412573
-0.238248 0.413386
-0.237848 0.414202
-0.237447 0.415019
-0.237047 0.415838
-0.236647 0.416659
-0.236247 0.417481
-0.235847 0.418306
-0.235447 0.419132
-0.235047 0.419961
-0.234647 0.420791
-0.234247 0.421623
-0.233847 0.422457
-0.233447 0.423293
-0.233047 0.42413
-0.232647 0.42497
-0.232246 0.425811
-0.231846 0.426654
-0.231446 0.4275
-0.231046 0.428347
-0.230646 0.429196
-0.230246 0.430046
-0.229846 0.430899
-0.229446 0.431754
-0.229046 0.43261
-0.228646 0.433469
-0.228246 0.434329
-0.227846 0.435191
-0.227445 0.436055
-0.227045 0.436921
-0.226645 0.437789
-0.226245 0.438659
-0.225845 0.439531
-0.225445 0.440405
-0.225045 0.441281
-0.224645 0.442158
-0.224245 0.443038
-0.223845 0.443919
-0.223445 0.444803
-0.223045 0.445688
-0.222645 0.446575
-0.222244 0.447465
-0.221844 0.448356
-0.221444 0.449249
-0.221044 0.450144
-0.220644 0.451041
-0.220244 0.45194
-0.219844 0.452841
-0.219444 0.453744
-0.219044 0.454649
-0.218644 0.455555
-0.218244 0.456464
-0.217844 0.457375
-0.217443 0.458287
-0.217043 0.459202
-0.216643 0.460119
-0.216243 0.461037
-0.215843 0.461958
-0.215443 0.46288
-0.215043 0.463804
-0.214643 0.464731
-0.214243 0.465659
-0.213843 0.466589
-0.213443 0.467522
-0.213043 0.468456
-0.212643 0.469392
-0.212242 0.47033
-0.211842 0.47127
-0.211442 0.472213
-0.211042 0.473157
-0.210642 0.474103
-0.210242 0.475051
-0.209842 0.476001
-0.209442 0.476953
-0.209042 0.477907
-0.208642 0.478863
-0.208242 0.479821
-0.207842 0.480781
-0.207441 0.481743
-0.207041 0.482707
-0.206641 0.483673
-0.206241 0.484641
-0.205841 0.485611
-0.205441 0.486583
-0.205041 0.487557
-0.204641 0.488533
-0.204241 0.48951
-0.203841 0.49049
-0.203441 0.491472
-0.203041 0.492456
-0.202641 0.493442
-0.20224 0.49443
-0.20184 0.49542
-0.20144 0.496412
-0.20104 0.497406
-0.20064 0.498402
-0.20024 0.4994
-0.19984 0.5004
-0.19944 0.501402
-0.19904 0.502406
-0.19864 0.503412
-0.19824 0.504421
-0.19784 0.505431
-0.197439 0.506443
-0.197039 0.507457
-0.196639 0.508473
-0.196239 0.509491
-0.195839 0.510511
-0.195439 0.511533
-0.195039 0.512557
-0.194639 0.513584
-0.194239 0.514612
-0.193839 0.515642
-0.193439 0.516674
-0.193039 0.517708
-0.192639 0.518744
-0.192238 0.519782
-0.191838 0.520822
-0.191438 0.521864
-0.191038 0.522908
-0.190638 0.523954
-0.190238 0.525002
-0.189838 0.526052
-0.189438 0.527104
-0.189038 0.528158
-0.188638 0.529214
-0.188238 0.530271
-0.187838 0.531331
-0.187437 0.532393
-0.187037 0.533457
-0.186637 0.534522
-0.186237 0.53559
-0.185837 0.53666
-0.185437 0.537731
-0.185037 0.538805
-0.184637 0.53988
-0.184237 0.540958
-0.183837 0.542037
-0.183437 0.543118
-0.183037 0.544202
-0.182637 0.545287
-0.182236 0.546374
-0.181836 0.547463
-0.181436 0.548554
-0.181036 0.549647
-0.180636 0.550742
-0.180236 0.551839
-0.179836 0.552938
-0.179436 0.554038
-0.179036 0.555141
-0.178636 0.556246
-0.178236 0.557352
-0.177836 0.558461
-0.177435 0.559571
-0.177035 0.560683
-0.176635 0.561797
-0.176235 0.562914
-0.175835 0.564032
-0.175435 0.565152
-0.175035 0.566273
-0.174635 0.567397
-0.174235 0.568523
-0.173835 0.569651
-0.173435 0.57078
-0.173035 0.571911
-0.172635 0.573045
-0.172234 0.57418
-0.171834 0.575317
-0.171434 0.576456
-0.171034 0.577596
-0.170634 0.578739
-0.170234 0.579883
-0.169834 0.581029
-0.169434 0.582177
-0.169034 0.583327
-0.168634 0.584479
-0.168234 0.585632
-0.167834 0.586788
-0.167433 0.587945
-0.167033 0.589104
-0.166633 0.590264
-0.166233 0.591427
-0.165833 0.592591
-0.165433 0.593757
-0.165033 0.594924
-0.164633 0.596094
-0.164233 0.597265
-0.163833 0.598438
-0.163433 0.599612
-0.163033 0.600788
-0.162633 0.601966
-0.162232 0.603146
-0.161832 0.604328
-0.161432 0.605511
-0.161032 0.606695
-0.160632 0.607882
-0.160232 0.60907
-0.159832 0.61026
-0.159432 0.611451
-0.159032 0.612644
-0.158632 0.613839
-0.158232 0.615035
-0.157832 0.616233
-0.157431 0.617433
-0.157031 0.618634
-0.156631 0.619837
-0.156231 0.621041
-0.155831 0.622247
-0.155431 0.623454
-0.155031 0.624664
-0.154631 0.625874
-0.154231 0.627087
-0.153831 0.6283
-0.153431 0.629516
-0.153031 0.630733
-0.152631 0.631951
-0.15223 0.633171
-0.15183 0.634392
-0.15143 0.635615
-0.15103 0.63684
-0.15063 0.638066
-0.15023 0.639294
-0.14983 0.640523
-0.14943 0.641753
-0.14903 0.642985
-0.14863 0.644218
-0.14823 0.645453
-0.14783 0.646689
-0.147429 0.647927
-0.147029 0.649166
-0.146629 0.650406
-0.146229 0.651648
-0.145829 0.652891
-0.145429 0.654136
-0.145029 0.655381
-0.144629 0.656628
-0.144229 0.657877
-0.143829 0.659126
-0.143429 0.660377
-0.143029 0.661629
-0.142629 0.662883
-0.142228 0.664137
-0.141828 0.665393
-0.141428 0.66665
-0.141028 0.667908
-0.140628 0.669167
-0.140228 0.670428
-0.139828 0.671689
-0.139428 0.672952
-0.139028 0.674215
-0.138628 0.67548
-0.138228 0.676746
-0.137828 0.678013
-0.137427 0.679281
-0.137027 0.68055
-0.136627 0.68182
-0.136227 0.683091
-0.135827 0.684363
-0.135427 0.685636
-0.135027 0.686909
-0.134627 0.688184
-0.134227 0.68946
-0.133827 0.690737
-0.133427 0.692014
-0.133027 0.693292
-0.132627 0.694572
-0.132226 0.695852
-0.131826 0.697133
-0.131426 0.698414
-0.131026 0.699697
-0.130626 0.70098
-0.130226 0.702264
-0.129826 0.703549
-0.129426 0.704834
-0.129026 0.706121
-0.128626 0.707408
-0.128226 0.708695
-0.127826 0.709984
-0.127425 0.711273
-0.127025 0.712563
-0.126625 0.713853
-0.126225 0.715144
-0.125825 0.716435
-0.125425 0.717728
-0.125025 0.71902
-0.124625 0.720314
-0.124225 0.721607
-0.123825 0.722902
-0.123425 0.724197
-0.123025 0.725492
-0.122625 0.726788
-0.122224 0.728084
-0.121824 0.72938
-0.121424 0.730677
-0.121024 0.731975
-0.120624 0.733272
-0.120224 0.73457
-0.119824 0.735868
-0.119424 0.737167
-0.119024 0.738465
-0.118624 0.739764
-0.118224 0.741063
-0.117824 0.742362
-0.117423 0.743662
-0.117023 0.744961
-0.116623 0.74626
-0.116223 0.74756
-0.115823 0.748859
-0.115423 0.750159
-0.115023 0.751458
-0.114623 0.752758
-0.114223 0.754057
-0.113823 0.755356
-0.113423 0.756655
-0.113023 0.757954
-0.112623 0.759253
-0.112222 0.760552
-0.111822 0.76185
-0.111422 0.763148
-0.111022 0.764446
-0.110622 0.765744
-0.110222 0.767041
-0.109822 0.768338
-0.109422 0.769634
-0.109022 0.770931
-0.108622 0.772226
-0.108222 0.773522
-0.107822 0.774816
-0.107421 0.776111
-0.107021 0.777404
-0.106621 0.778698
-0.106221 0.77999
-0.105821 0.781282
-0.105421 0.782574
-0.105021 0.783865
-0.104621 0.785155
-0.104221 0.786444
-0.103821 0.787733
-0.103421 0.789021
-0.103021 0.790308
-0.102621 0.791595
-0.10222 0.792881
-0.10182 0.794165
-0.10142 0.795449
-0.10102 0.796732
-0.10062 0.798015
-0.10022 0.799296
-0.09982 0.800576
-0.0994199 0.801855
-0.0990198 0.803133
-0.0986197 0.804411
-0.0982196 0.805687
-0.0978196 0.806962
-0.0974195 0.808236
-0.0970194 0.809508
-0.0966193 0.81078
-0.0962192 0.81205
-0.0958192 0.813318
-0.0954191 0.814586
-0.095019 0.815852
-0.0946189 0.817117
-0.0942188 0.81838
-0.0938188 0.819642
-0.0934187 0.820902
-0.0930186 0.822161
-0.0926185 0.823418
-0.0922184 0.824674
-0.0918184 0.825928
-0.0914183 0.82718
-0.0910182 0.828431
-0.0906181 0.82968
-0.090218 0.830927
-0.089818 0.832172
-0.0894179 0.833416
-0.0890178 0.834657
-0.0886177 0.835897
-0.0882176 0.837135
-0.0878176 0.83837
-0.0874175 0.839604
-0.0870174 0.840836
-0.0866173 0.842066
-0.0862172 0.843293
-0.0858172 0.844518
-0.0854171 0.845742
-0.085017 0.846963
-0.0846169 0.848181
-0.0842168 0.849398
-0.0838168 0.850612
-0.0834167 0.851824
-0.0830166 0.853033
-0.0826165 0.85424
-0.0822164 0.855445
-0.0818164 0.856647
-0.0814163 0.857846
-0.0810162 0.859043
-0.0806161 0.860238
-0.080216 0.86143
-0.079816 0.862619
-0.0794159 0.863805
-0.0790158 0.864989
-0.0786157 0.86617
-0.0782156 0.867348
-0.0778156 0.868524
-0.0774155 0.869696
-0.0770154 0.870866
-0.0766153 0.872032
-0.0762152 0.873196
-0.0758152 0.874357
-0.0754151 0.875514
-0.075015 0.876669
-0.0746149 0.877821
-0.0742148 0.878969
-0.0738148 0.880114
-0.0734147 0.881256
-0.0730146 0.882395
-0.0726145 0.883531
-0.0722144 0.884663
-0.0718144 0.885792
-0.0714143 0.886917
-0.0710142 0.888039
-0.0706141 0.889157
-0.070214 0.890272
-0.069814 0.891384
-0.0694139 0.892492
-0.0690138 0.893596
-0.0686137 0.894697
-0.0682136 0.895793
-0.0678136 0.896887
-0.0674135 0.897976
-0.0670134 0.899062
-0.0666133 0.900143
-0.0662132 0.901221
-0.0658132 0.902295
-0.0654131 0.903365
-0.065013 0.904431
-0.0646129 0.905493
-0.0642128 0.90655
-0.0638128 0.907604
-0.0634127 0.908654
-0.0630126 0.909699
-0.0626125 0.91074
-0.0622124 0.911777
-0.0618124 0.912809
-0.0614123 0.913838
-0.0610122 0.914861
-0.0606121 0.915881
-0.060212 0.916896
-0.059812 0.917906
-0.0594119 0.918912
-0.0590118 0.919913
-0.0586117 0.92091
-0.0582116 0.921902
-0.0578116 0.92289
-0.0574115 0.923872
-0.0570114 0.92485
-0.0566113 0.925824
-0.0562112 0.926792
-0.0558112 0.927755
-0.0554111 0.928714
-0.055011 0.929667
-0.0546109 0.930616
-0.0542108 0.93156
-0.0538108 0.932498
-0.0534107 0.933431
-0.0530106 0.93436
-0.0526105 0.935283
-0.0522104 0.936201
-0.0518104 0.937113
-0.0514103 0.938021
-0.0510102 0.938923
-0.0506101 0.939819
-0.05021 0.940711
-0.04981 0.941597
-0.0494099 0.942477
-0.0490098 0.943352
-0.0486097 0.944221
-0.0482096 0.945085
-0.0478096 0.945943
-0.0474095 0.946796
-0.0470094 0.947642
-0.0466093 0.948484
-0.0462092 0.949319
-0.0458092 0.950149
-0.0454091 0.950973
-0.045009 0.951791
-0.0446089 0.952603
-0.0442088 0.95341
-0.0438088 0.95421
-0.0434087 0.955005
-0.0430086 0.955793
-0.0426085 0.956576
-0.0422084 0.957353
-0.0418084 0.958123
-0.0414083 0.958888
-0.0410082 0.959646
-0.0406081 0.960398
-0.040208 0.961144
-0.039808 0.961884
-0.0394079 0.962618
-0.0390078 0.963345
-0.0386077 0.964066
-0.0382076 0.96478
-0.0378076 0.965489
-0.0374075 0.966191
-0.0370074 0.966886
-0.0366073 0.967575
-0.0362072 0.968258
-0.0358072 0.968934
-0.0354071 0.969603
-0.035007 0.970266
-0.0346069 0.970922
-0.0342068 0.971572
-0.0338068 0.972215
-0.0334067 0.972851
-0.0330066 0.973481
-0.0326065 0.974103
-0.0322064 0.974719
-0.0318064 0.975328
-0.0314063 0.975931
-0.0310062 0.976526
-0.0306061 0.977115
-0.030206 0.977696
-0.029806 0.978271
-0.0294059 0.978838
-0.0290058 0.979399
-0.0286057 0.979952
-0.0282056 0.980498
-0.0278056 0.981037
-0.0274055 0.981569
-0.0270054 0.982094
-0.0266053 0.982612
-0.0262052 0.983122
-0.0258052 0.983625
-0.0254051 0.984121
-0.025005 0.984609
-0.0246049 0.98509
-0.0242048 0.985564
-0.0238048 0.98603
-0.0234047 0.986489
-0.0230046 0.98694
-0.0226045 0.987384
-0.0222044 0.987821
-0.0218044 0.98825
-0.0214043 0.988671
-0.0210042 0.989085
-0.0206041 0.989492
-0.020204 0.989891
-0.019804 0.990282
-0.0194039 0.990666
-0.0190038 0.991043
-0.0186037 0.991412
-0.0182036 0.991773
-0.0178036 0.992127
-0.0174035 0.992473
-0.0170034 0.992811
-0.0166033 0.993142
-0.0162032 0.993465
-0.0158032 0.993781
-0.0154031 0.994089
-0.015003 0.994389
-0.0146029 0.994682
-0.0142028 0.994967
-0.0138028 0.995244
-0.0134027 0.995513
-0.0130026 0.995775
-0.0126025 0.996029
-0.0122024 0.996275
-0.0118024 0.996514
-0.0114023 0.996745
-0.0110022 0.996967
-0.0106021 0.997183
-0.010202 0.99739
-0.00980196 0.997589
-0.00940188 0.997781
-0.0090018 0.997965
-0.00860172 0.998141
-0.00820164 0.998309
-0.00780156 0.998469
-0.00740148 0.998621
-0.0070014 0.998766
-0.00660132 0.998902
-0.00620124 0.999031
-0.00580116 0.999151
-0.00540108 0.999264
-0.005001 0.999369
-0.00460092 0.999465
-0.00420084 0.999554
-0.00380076 0.999635
-0.00340068 0.999708
-0.0030006 0.999772
-0.00260052 0.999829
-0.00220044 0.999877
-0.00180036 0.999918
-0.00140028 0.99995
-0.0010002 0.999975
-0.00060012 0.999991
-0.00020004 0.999999
0.00020004 0.999999
0.00060012 0.999991
0.0010002 0.999975
0.00140028 0.99995
0.00180036 0.999918
0.00220044 0.999877
0.00260052 0.999829
0.0030006 0.999772
0.00340068 0.999708
0.00380076 0.999635
0.00420084 0.999554
0.00460092 0.999465
0.005001 0.999369
0.00540108 0.999264
0.00580116 0.999151
0.00620124 0.999031
0.00660132 0.998902
0.0070014 0.998766
0.00740148 0.998621
0.00780156 0.998469
0.00820164 0.998309
0.00860172 0.998141
0.0090018 0.997965
0.00940188 0.997781
0.00980196 0.997589
0.010202 0.99739
0.0106021 0.997183
0.0110022 0.996967
0.0114023 0.996745
0.0118024 0.996514
0.0122024 0.996275
0.0126025 0.996029
0.0130026 0.995775
0.0134027 0.995513
0.0138028 0.995244
0.0142028 0.994967
0.0146029 0.994682
0.015003 0.994389
0.0154031 0.994089
0.0158032 0.993781
0.0162032 0.993465
0.0166033 0.993142
0.0170034 0.992811
0.0174035 0.992473
0.0178036 0.992127
0.0182036 0.991773
0.0186037 0.991412
0.0190038 0.991043
0.0194039 0.990666
0.019804 0.990282
0.020204 0.989891
0.0206041 0.989492
0.0210042 0.989085
0.0214043 0.988671
0.0218044 0.98825
0.0222044 0.987821
0.0226045 0.987384
0.0230046 0.98694
0.0234047 0.986489
0.0238048 0.98603
0.0242048 0.985564
0.0246049 0.98509
0.025005 0.984609
0.0254051 0.984121
0.0258052 0.983625
0.0262052 0.983122
0.0266053 0.982612
0.0270054 0.982094
0.0274055 0.981569
0.0278056 0.981037
0.0282056 0.980498
0.0286057 0.979952
0.0290058 0.979399
0.0294059 0.978838
0.029806 0.978271
0.030206 0.977696
0.0306061 0.977115
0.0310062 0.976526
0.0314063 0.975931
0.0318064 0.975328
0.0322064 0.974719
0.0326065 0.974103
0.0330066 0.973481
0.0334067 0.972851
0.0338068 0.972215
0.0342068 0.971572
0.0346069 0.970922
0.035007 0.970266
0.0354071 0.969603
0.0358072 0.968934
0.0362072 0.968258
0.0366073 0.967575
0.0370074 0.966886
0.0374075 0.966191
0.0378076 0.965489
0.0382076 0.96478
0.0386077 0.964066
0.0390078 0.963345
0.0394079 0.962618
0.039808 0.961884
0.040208 0.961144
0.0406081 0.960398
0.0410082 0.959646
0.0414083 0.958888
0.0418084 0.958123
0.0422084 0.957353
0.0426085 0.956576
0.0430086 0.955793
0.0434087 0.955005
0.0438088 0.95421
0.0442088 0.95341
0.0446089 0.952603
0.045009 0.951791
0.0454091 0.950973
0.0458092 0.950149
0.0462092 0.949319
0.0466093 0.948484
0.0470094 0.947642
0.0474095 0.946796
0.0478096 0.945943
0.0482096 0.945085
0.0486097 0.944221
0.0490098 0.943352
0.0494099 0.942477
0.04981 0.941597
0.05021 0.940711
0.0506101 0.939819
0.0510102 0.938923
0.0514103 0.938021
0.0518104 0.937113
0.0522104 0.936201
0.0526105 0.935283
0.0530106 0.93436
0.0534107 0.933431
0.0538108 0.932498
0.0542108 0.93156
0.0546109 0.930616
0.055011 0.929667
0.0554111 0.928714
0.0558112 0.927755
0.0562112 0.926792
0.0566113 0.925824
0.0570114 0.92485
0.0574115 0.923872
0.0578116 0.92289
0.0582116 0.921902
0.0586117 0.92091
0.0590118 0.919913
0.0594119 0.918912
0.059812 0.917906
0.060212 0.916896
0.0606121 0.915881
0.0610122 0.914861
0.0614123 0.913838
0.0618124 0.912809
0.0622124 0.911777
0.0626125 0.91074
0.0630126 0.909699
0.0634127 0.908654
0.0638128 0.907604
0.0642128 0.90655
0.0646129 0.905493
0.065013 0.904431
0.0654131 0.903365
0.0658132 0.902295
0.0662132 0.901221
0.0666133 0.900143
0.0670134 0.899062
0.0674135 0.897976
0.0678136 0.896887
0.0682136 0.895793
0.0686137 0.894697
0.0690138 0.893596
0.0694139 0.892492
0.069814 0.891384
0.070214 0.890272
0.0706141 0.889157
0.0710142 0.888039
0.0714143 0.886917
0.0718144 0.885792
0.0722144 0.884663
0.0726145 0.883531
0.0730146 0.882395
0.0734147 0.881256
0.0738148 0.880114
0.0742148 0.878969
0.0746149 0.877821
0.075015 0.876669
0.0754151 0.875514
0.0758152 0.874357
0.0762152 0.873196
0.0766153 0.872032
0.0770154 0.870866
0.0774155 0.869696
0.0778156 0.868524
0.0782156 0.867348
0.0786157 0.86617
0.0790158 0.864989
0.0794159 0.863805
0.079816 0.862619
0.080216 0.86143
0.0806161 0.860238
0.0810162 0.859043
0.0814163 0.857846
0.0818164 0.856647
0.0822164 0.855445
0.0826165 0.85424
0.0830166 0.853033
0.0834167 0.851824
0.0838168 0.850612
0.0842168 0.849398
0.0846169 0.848181
0.085017 0.846963
0.0854171 0.845742
0.0858172 0.844518
0.0862172 0.843293
0.0866173 0.842066
0.0870174 0.840836
0.0874175 0.839604
0.0878176 0.83837
0.0882176 0.837135
0.0886177 0.835897
0.0890178 0.834657
0.0894179 0.833416
0.089818 0.832172
0.090218 0.830927
0.0906181 0.82968
0.0910182 0.828431
0.0914183 0.82718
0.0918184 0.825928
0.0922184 0.824674
0.0926185 0.823418
0.0930186 0.822161
0.0934187 0.820902
0.0938188 0.819642
0.0942188 0.81838
0.0946189 0.817117
0.095019 0.815852
0.0954191 0.814586
0.0958192 0.813318
0.0962192 0.81205
0.0966193 0.81078
0.0970194 0.809508
0.0974195 0.808236
0.0978196 0.806962
0.0982196 0.805687
0.0986197 0.804411
0.0990198 0.803133
0.0994199 0.801855
0.09982 0.800576
0.10022 0.799296
0.10062 0.798015
0.10102 0.796732
0.10142 0.795449
0.10182 0.794165
0.10222 0.792881
0.102621 0.791595
0.103021 0.790308
0.103421 0.789021
0.103821 0.787733
0.104221 0.786444
0.104621 0.785155
0.105021 0.783865
0.105421 0.782574
0.105821 0.781282
0.106221 0.77999
0.106621 0.778698
0.107021 0.777404
0.107421 0.776111
0.107822 0.774816
0.108222 0.773522
0.108622 0.772226
0.109022 0.770931
0.109422 0.769634
0.109822 0.768338
0.110222 0.767041
0.110622 0.765744
0.111022 0.764446
0.111422 0.763148
0.111822 0.76185
0.112222 0.760552
0.112623 0.759253
0.113023 0.757954
0.113423 0.756655
0.113823 0.755356
0.114223 0.754057
0.114623 0.752758
0.115023 0.751458
0.115423 0.750159
0.115823 0.748859
0.116223 0.74756
0.116623 0.74626
0.117023 0.744961
0.117423 0.743662
0.117824 0.742362
0.118224 0.741063
0.118624 0.739764
0.119024 0.738465
0.119424 0.737167
0.119824 0.735868
0.120224 0.73457
0.120624 0.733272
0.121024 0.731975
0.121424 0.730677
0.121824 0.72938
0.122224 0.728084
0.122625 0.726788
0.123025 0.725492
0.123425 0.724197
0.123825 0.722902
0.124225 0.721607
0.124625 0.720314
0.125025 0.71902
0.125425 0.717728
0.125825 0.716435
0.126225 0.715144
0.126625 0.713853
0.127025 0.712563
0.127425 0.711273
0.127826 0.709984
0.128226 0.708695
0.128626 0.707408
0.129026 0.706121
0.129426 0.704834
0.129826 0.703549
0.130226 0.702264
0.130626 0.70098
0.131026 0.699697
0.131426 0.698414
0.131826 0.697133
0.132226 0.695852
0.132627 0.694572
0.133027 0.693292
0.133427 0.692014
0.133827 0.690737
0.134227 0.68946
0.134627 0.688184
0.135027 0.686909
0.135427 0.685636
0.135827 0.684363
0.136227 0.683091
0.136627 0.68182
0.137027 0.68055
0.137427 0.679281
0.137828 0.678013
0.138228 0.676746
0.138628 0.67548
0.139028 0.674215
0.139428 0.672952
0.139828 0.671689
0.140228 0.670428
0.140628 0.669167
0.141028 0.667908
0.141428 0.66665
0.141828 0.665393
0.142228 0.664137
0.142629 0.662883
0.143029 0.661629
0.143429 0.660377
0.143829 0.659126
0.144229 0.657877
0.144629 0.656628
0.145029 0.655381
0.145429 0.654136
0.145829 0.652891
0.146229 0.651648
0.146629 0.650406
0.147029 0.649166
0.147429 0.647927
0.14783 0.646689
0.14823 0.645453
0.14863 0.644218
0.14903 0.642985
0.14943 0.641753
0.14983 0.640523
0.15023 0.639294
0.15063 0.638066
0.15103 0.63684
0.15143 0.635615
0.15183 0.634392
0.15223 0.633171
0.152631 0.631951
0.153031 0.630733
0.153431 0.629516
0.153831 0.6283
0.154231 0.627087
0.154631 0.625874
0.155031 0.624664
0.155431 0.623454
0.155831 0.622247
0.156231 0.621041
0.156631 0.619837
0.157031 0.618634
0.157431 0.617433
0.157832 0.616233
0.158232 0.615035
0.158632 0.613839
0.159032 0.612644
0.159432 0.611451
0.159832 0.61026
0.160232 0.60907
0.160632 0.607882
0.161032 0.606695
0.161432 0.605511
0.161832 0.604328
0.162232 0.603146
0.162633 0.601966
0.163033 0.600788
0.163433 0.599612
0.163833 0.598438
0.164233 0.597265
0.164633 0.596094
0.165033 0.594924
0.165433 0.593757
0.165833 0.592591
0.166233 0.591427
0.166633 0.590264
0.167033 0.589104
0.167433 0.587945
0.167834 0.586788
0.168234 0.585632
0.168634 0.584479
0.169034 0.583327
0.169434 0.582177
0.169834 0.581029
0.170234 0.579883
0.170634 0.578739
0.171034 0.577596
0.171434 0.576456
0.171834 0.575317
0.172234 0.57418
0.172635 0.573045
0.173035 0.571911
0.173435 0.57078
0.173835 0.569651
0.174235 0.568523
0.174635 0.567397
0.175035 0.566273
0.175435 0.565152
0.175835 0.564032
0.176235 0.562914
0.176635 0.561797
0.177035 0.560683
0.177435 0.559571
0.177836 0.558461
0.178236 0.557352
0.178636 0.556246
0.179036 0.555141
0.179436 0.554038
0.179836 0.552938
0.180236 0.551839
0.180636 0.550742
0.181036 0.549647
0.181436 0.548554
0.181836 0.547463
0.182236 0.546374
0.182637 0.545287
0.183037 0.544202
0.183437 0.543118
0.183837 0.542037
0.184237 0.540958
0.184637 0.53988
0.185037 0.538805
0.185437 0.537731
0.185837 0.53666
0.186237 0.53559
0.186637 0.534522
0.187037 0.533457
0.187437 0.532393
0.187838 0.531331
0.188238 0.530271
0.188638 0.529214
0.189038 0.528158
0.189438 0.527104
0.189838 0.526052
0.190238 0.525002
0.190638 0.523954
0.191038 0.522908
0.191438 0.521864
0.191838 0.520822
0.192238 0.519782
0.192639 0.518744
0.193039 0.517708
0.193439 0.516674
0.193839 0.515642
0.194239 0.514612
0.194639 0.513584
0.195039 0.512557
0.195439 0.511533
0.195839 0.510511
0.196239 0.509491
0.196639 0.508473
0.197039 0.507457
0.197439 0.506443
0.19784 0.505431
0.19824 0.504421
0.19864 0.503412
0.19904 0.502406
0.19944 0.501402
0.19984 0.5004
0.20024 0.4994
0.20064 0.498402
0.20104 0.497406
0.20144 0.496412
0.20184 0.49542
0.20224 0.49443
0.202641 0.493442
0.203041 0.492456
0.203441 0.491472
0.203841 0.49049
0.204241 0.48951
0.204641 0.488533
0.205041 0.487557
0.205441 0.486583
0.205841 0.485611
0.206241 0.484641
0.206641 0.483673
0.207041 0.482707
0.207441 0.481743
0.207842 0.480781
0.208242 0.479821
0.208642 0.478863
0.209042 0.477907
0.209442 0.476953
0.209842 0.476001
0.210242 0.475051
0.210642 0.474103
0.211042 0.473157
0.211442 0.472213
0.211842 0.47127
0.212242 0.47033
0.212643 0.469392
0.213043 0.468456
0.213443 0.467522
0.213843 0.466589
0.214243 0.465659
0.214643 0.464731
0.215043 0.463804
0.215443 0.46288
0.215843 0.461958
0.216243 0.461037
0.216643 0.460119
0.217043 0.459202
0.217443 0.458287
0.217844 0.457375
0.218244 0.456464
0.218644 0.455555
0.219044 0.454649
0.219444 0.453744
0.219844 0.452841
0.220244 0.45194
0.220644 0.451041
0.221044 0.450144
0.221444 0.449249
0.221844 0.448356
0.222244 0.447465
0.222645 0.446575
0.223045 0.445688
0.223445 0.444803
0.223845 0.443919
0.224245 0.443038
0.224645 0.442158
0.225045 0.441281
0.225445 0.440405
0.225845 0.439531
0.226245 0.438659
0.226645 0.437789
0.227045 0.436921
0.227445 0.436055
0.227846 0.435191
0.228246 0.434329
0.228646 0.433469
0.229046 0.43261
0.229446 0.431754
0.229846 0.430899
0.230246 0.430046
0.230646 0.429196
0.231046 0.428347
0.231446 0.4275
0.231846 0.426654
0.232246 0.425811
0.232647 0.42497
0.233047 0.42413
0.233447 0.423293
0.233847 0.422457
0.234247 0.421623
0.234647 0.420791
0.235047 0.419961
0.235447 0.419132
0.235847 0.418306
0.236247 0.417481
0.236647 0.416659
0.237047 0.415838
0.237447 0.415019
0.237848 0.414202
0.238248 0.413386
0.238648 0.412573
0.239048 0.411761
0.239448 0.410951
0.239848 0.410143
0.240248 0.409337
0.240648 0.408533
0.241048 0.40773
0.241448 0.406929
0.241848 0.40613
0.242248 0.405333
0.242649 0.404538
0.243049 0.403745
0.243449 0.402953
0.243849 0.402163
0.244249 0.401375
0.244649 0.400589
0.245049 0.399804
0.245449 0.399022
0.245849 0.398241
0.246249 0.397462
0.246649 0.396684
0.247049 0.395909
0.247449 0.395135
0.24785 0.394363
0.24825 0.393593
0.24865 0.392824
0.24905 0.392058
0.24945 0.391293
0.24985 0.39053
0.25025 0.389768
0.25065 0.389009
0.25105 0.388251
0.25145 0.387495
0.25185 0.38674
0.25225 0.385987
0.252651 0.385237
0.253051 0.384487
0.253451 0.38374
0.253851 0.382994
0.254251 0.38225
0.254651 0.381508
0.255051 0.380767
0.255451 0.380028
0.255851 0.379291
0.256251 0.378556
0.256651 0.377822
0.257051 0.37709
0.257451 0.37636
0.257852 0.375631
0.258252 0.374904
0.258652 0.374179
0.259052 0.373455
0.259452 0.372734
0.259852 0.372013
0.260252 0.371295
0.260652 0.370578
0.261052 0.369863
0.261452 0.369149
0.261852 0.368437
0.262252 0.367727
0.262653 0.367019
0.263053 0.366312
0.263453 0.365606
0.263853 0.364903
0.264253 0.364201
0.264653 0.3635
0.265053 0.362802
0.265453 0.362105
0.265853 0.361409
0.266253 0.360715
0.266653 0.360023
0.267053 0.359333
0.267453 0.358644
0.267854 0.357956
0.268254 0.35727
0.268654 0.356586
0.269054 0.355904
0.269454 0.355223
0.269854 0.354543
0.270254 0.353866
0.270654 0.35319
0.271054 0.352515
0.271454 0.351842
0.271854 0.351171
0.272254 0.350501
0.272655 0.349832
0.273055 0.349166
0.273455 0.3485
0.273855 0.347837
0.274255 0.347175
0.274655 0.346514
0.275055 0.345855
0.275455 0.345198
0.275855 0.344542
0.276255 0.343888
0.276655 0.343235
0.277055 0.342584
0.277455 0.341934
0.277856 0.341286
0.278256 0.340639
0.278656 0.339994
0.279056 0.339351
0.279456 0.338709
0.279856 0.338068
0.280256 0.337429
0.280656 0.336791
0.281056 0.336155
0.281456 0.335521
0.281856 0.334888
0.282256 0.334256
0.282657 0.333626
0.283057 0.332997
0.283457 0.33237
0.283857 0.331745
0.284257 0.33112
0.284657 0.330498
0.285057 0.329876
0.285457 0.329257
0.285857 0.328638
0.286257 0.328021
0.286657 0.327406
0.287057 0.326792
0.287457 0.32618
0.287858 0.325568
0.288258 0.324959
0.288658 0.324351
0.289058 0.323744
0.289458 0.323139
0.289858 0.322535
0.290258 0.321932
0.290658 0.321331
0.291058 0.320731
0.291458 0.320133
0.291858 0.319536
0.292258 0.318941
0.292659 0.318347
0.293059 0.317754
0.293459 0.317163
0.293859 0.316573
0.294259 0.315985
0.294659 0.315398
0.295059 0.314812
0.295459 0.314228
0.295859 0.313645
0.296259 0.313064
0.296659 0.312483
0.297059 0.311905
0.297459 0.311327
0.29786 0.310751
0.29826 0.310177
0.29866 0.309603
0.29906 0.309031
0.29946 0.308461
0.29986 0.307891
0.30026 0.307323
0.30066 0.306757
0.30106 0.306191
0.30146 0.305627
0.30186 0.305065
0.30226 0.304503
0.302661 0.303943
0.303061 0.303385
0.303461 0.302827
0.303861 0.302271
0.304261 0.301717
0.304661 0.301163
0.305061 0.300611
0.305461 0.30006
0.305861 0.299511
0.306261 0.298963
0.306661 0.298416
0.307061 0.29787
0.307461 0.297326
0.307862 0.296783
0.308262 0.296241
0.308662 0.2957
0.309062 0.295161
0.309462 0.294623
0.309862 0.294086
0.310262 0.293551
0.310662 0.293017
0.311062 0.292484
0.311462 0.291952
0.311862 0.291421
0.312262 0.290892
0.312663 0.290364
0.313063 0.289838
0.313463 0.289312
0.313863 0.288788
0.314263 0.288265
0.314663 0.287743
0.315063 0.287223
0.315463 0.286703
0.315863 0.286185
0.316263 0.285668
0.316663 0.285153
0.317063 0.284638
0.317463 0.284125
0.317864 0.283613
0.318264 0.283102
0.318664 0.282592
0.319064 0.282084
0.319464 0.281577
0.319864 0.281071
0.320264 0.280566
0.320664 0.280062
0.321064 0.279559
0.321464 0.279058
0.321864 0.278558
0.322264 0.278059
0.322665 0.277561
0.323065 0.277064
0.323465 0.276569
0.323865 0.276075
0.324265 0.275581
0.324665 0.275089
0.325065 0.274598
0.325465 0.274109
0.325865 0.27362
0.326265 0.273133
0.326665 0.272646
0.327065 0.272161
0.327465 0.271677
0.327866 0.271194
0.328266 0.270712
0.328666 0.270232
0.329066 0.269752
0.329466 0.269274
0.329866 0.268796
0.330266 0.26832
0.330666 0.267845
0.331066 0.267371
0.331466 0.266898
0.331866 0.266426
0.332266 0.265956
0.332667 0.265486
0.333067 0.265017
0.333467 0.26455
0.333867 0.264084
0.334267 0.263618
0.334667 0.263154
0.335067 0.262691
0.335467 0.262229
0.335867 0.261768
0.336267 0.261308
0.336667 0.26085
0.337067 0.260392
0.337467 0.259935
0.337868 0.25948
0.338268 0.259025
0.338668 0.258572
0.339068 0.258119
0.339468 0.257668
0.339868 0.257218
0.340268 0.256768
0.340668 0.25632
0.341068 0.255873
0.341468 0.255427
0.341868 0.254982
0.342268 0.254537
0.342669 0.254094
0.343069 0.253652
0.343469 0.253211
0.343869 0.252771
0.344269 0.252332
0.344669 0.251894
0.345069 0.251457
0.345469 0.251021
0.345869 0.250586
0.346269 0.250153
0.346669 0.24972
0.347069 0.249288
0.347469 0.248857
0.34787 0.248427
0.34827 0.247998
0.34867 0.24757
0.34907 0.247143
0.34947 0.246717
0.34987 0.246292
0.35027 0.245868
0.35067 0.245445
0.35107 0.245023
0.35147 0.244601
0.35187 0.244181
0.35227 0.243762
0.352671 0.243344
0.353071 0.242926
0.353471 0.24251
0.353871 0.242095
0.354271 0.24168
0.354671 0.241267
0.355071 0.240854
0.355471 0.240443
0.355871 0.240032
0.356271 0.239622
0.356671 0.239214
0.357071 0.238806
0.357471 0.238399
0.357872 0.237993
0.358272 0.237588
0.358672 0.237184
0.359072 0.236781
0.359472 0.236378
0.359872 0.235977
0.360272 0.235577
0.360672 0.235177
0.361072 0.234779
0.361472 0.234381
0.361872 0.233984
0.362272 0.233588
0.362673 0.233193
0.363073 0.232799
0.363473 0.232406
0.363873 0.232014
0.364273 0.231622
0.364673 0.231232
0.365073 0.230842
0.365473 0.230454
0.365873 0.230066
0.366273 0.229679
0.366673 0.229293
0.367073 0.228908
0.367473 0.228523
0.367874 0.22814
0.368274 0.227757
0.368674 0.227376
0.369074 0.226995
0.369474 0.226615
0.369874 0.226236
0.370274 0.225857
0.370674 0.22548
0.371074 0.225103
0.371474 0.224728
0.371874 0.224353
0.372274 0.223979
0.372675 0.223606
0.373075 0.223233
0.373475 0.222862
0.373875 0.222491
0.374275 0.222121
0.374675 0.221752
0.375075 0.221384
0.375475 0.221017
0.375875 0.220651
0.376275 0.220285
0.376675 0.21992
0.377075 0.219556
0.377475 0.219193
0.377876 0.21883
0.378276 0.218469
0.378676 0.218108
0.379076 0.217748
0.379476 0.217389
0.379876 0.217031
0.380276 0.216673
0.380676 0.216316
0.381076 0.21596
0.381476 0.215605
0.381876 0.215251
0.382276 0.214897
0.382677 0.214545
0.383077 0.214193
0.383477 0.213841
0.383877 0.213491
0.384277 0.213141
0.384677 0.212793
0.385077 0.212444
0.385477 0.212097
0.385877 0.211751
0.386277 0.211405
0.386677 0.21106
0.387077 0.210716
0.387477 0.210372
0.387878 0.21003
0.388278 0.209688
0.388678 0.209347
0.389078 0.209006
0.389478 0.208667
0.389878 0.208328
0.390278 0.20799
0.390678 0.207652
0.391078 0.207316
0.391478 0.20698
0.391878 0.206645
0.392278 0.20631
0.392679 0.205977
0.393079 0.205644
0.393479 0.205312
0.393879 0.20498
0.394279 0.20465
0.394679 0.20432
0.395079 0.203991
0.395479 0.203662
0.395879 0.203334
0.396279 0.203007
0.396679 0.202681
0.397079 0.202355
0.397479 0.20203
0.39788 0.201706
0.39828 0.201383
0.39868 0.20106
0.39908 0.200738
0.39948 0.200417
0.39988 0.200096
0.40028 0.199776
0.40068 0.199457
0.40108 0.199138
0.40148 0.198821
0.40188 0.198503
0.40228 0.198187
0.402681 0.197871
0.403081 0.197556
0.403481 0.197242
0.403881 0.196928
0.404281 0.196615
0.404681 0.196303
0.405081 0.195991
0.405481 0.19568
0.405881 0.19537
0.406281 0.195061
0.406681 0.194752
0.407081 0.194443
0.407481 0.194136
0.407882 0.193829
0.408282 0.193523
0.408682 0.193217
0.409082 0.192912
0.409482 0.192608
0.409882 0.192305
0.410282 0.192002
0.410682 0.191699
0.411082 0.191398
0.411482 0.191097
0.411882 0.190797
0.412282 0.190497
0.412683 0.190198
0.413083 0.1899
0.413483 0.189602
0.413883 0.189305
0.414283 0.189009
0.414683 0.188713
0.415083 0.188418
0.415483 0.188123
0.415883 0.18783
0.416283 0.187536
0.416683 0.187244
0.417083 0.186952
0.417483 0.186661
0.417884 0.18637
0.418284 0.18608
0.418684 0.185791
0.419084 0.185502
0.419484 0.185214
0.419884 0.184926
0.420284 0.184639
0.420684 0.184353
0.421084 0.184067
0.421484 0.183782
0.421884 0.183498
0.422284 0.183214
0.422685 0.182931
0.423085 0.182648
0.423485 0.182366
0.423885 0.182084
0.424285 0.181804
0.424685 0.181523
0.425085 0.181244
0.425485 0.180965
0.425885 0.180686
0.426285 0.180408
0.426685 0.180131
0.427085 0.179855
0.427485 0.179578
0.427886 0.179303
0.428286 0.179028
0.428686 0.178754
0.429086 0.17848
0.429486 0.178207
0.429886 0.177934
0.430286 0.177662
0.430686 0.177391
0.431086 0.17712
0.431486 0.17685
0.431886 0.17658
0.432286 0.176311
0.432687 0.176043
0.433087 0.175775
0.433487 0.175507
0.433887 0.17524
0.434287 0.174974
0.434687 0.174708
0.435087 0.174443
0.435487 0.174179
0.435887 0.173915
0.436287 0.173651
0.436687 0.173388
0.437087 0.173126
0.437487 0.172864
0.437888 0.172603
0.438288 0.172342
0.438688 0.172082
0.439088 0.171823
0.439488 0.171564
0.439888 0.171305
0.440288 0.171047
0.440688 0.17079
0.441088 0.170533
0.441488 0.170276
0.441888 0.170021
0.442288 0.169765
0.442689 0.169511
0.443089 0.169257
0.443489 0.169003
0.443889 0.16875
0.444289 0.168497
0.444689 0.168245
0.445089 0.167994
0.445489 0.167743
0.445889 0.167492
0.446289 0.167242
0.446689 0.166993
0.447089 0.166744
0.447489 0.166495
0.44789 0.166248
0.44829 0.166
0.44869 0.165753
0.44909 0.165507
0.44949 0.165261
0.44989 0.165016
0.45029 0.164771
0.45069 0.164527
0.45109 0.164283
0.45149 0.16404
0.45189 0.163797
0.45229 0.163555
0.452691 0.163313
0.453091 0.163072
0.453491 0.162831
0.453891 0.16259
0.454291 0.162351
0.454691 0.162111
0.455091 0.161873
0.455491 0.161634
0.455891 0.161396
0.456291 0.161159
0.456691 0.160922
0.457091 0.160686
0.457491 0.16045
0.457892 0.160215
0.458292 0.15998
0.458692 0.159746
0.459092 0.159512
0.459492 0.159278
0.459892 0.159045
0.460292 0.158813
0.460692 0.158581
0.461092 0.158349
0.461492 0.158118
0.461892 0.157888
0.462292 0.157658
0.462693 0.157428
0.463093 0.157199
0.463493 0.15697
0.463893 0.156742
0.464293 0.156514
0.464693 0.156287
0.465093 0.15606
0.465493 0.155834
0.465893 0.155608
0.466293 0.155382
0.466693 0.155157
0.467093 0.154933
0.467493 0.154709
0.467894 0.154485
0.468294 0.154262
0.468694 0.154039
0.469094 0.153817
0.469494 0.153595
0.469894 0.153374
0.470294 0.153153
0.470694 0.152933
0.471094 0.152713
0.471494 0.152493
0.471894 0.152274
0.472294 0.152055
0.472695 0.151837
0.473095 0.151619
0.473495 0.151402
0.473895 0.151185
0.474295 0.150969
0.474695 0.150753
0.475095 0.150537
0.475495 0.150322
0.475895 0.150107
0.476295 0.149893
0.476695 0.149679
0.477095 0.149466
0.477495 0.149253
0.477896 0.14904
0.478296 0.148828
0.478696 0.148616
0.479096 0.148405
0.479496 0.148194
0.479896 0.147984
0.480296 0.147774
0.480696 0.147564
0.481096 0.147355
0.481496 0.147146
0.481896 0.146938
0.482296 0.14673
0.482697 0.146522
0.483097 0.146315
0.483497 0.146108
0.483897 0.145902
0.484297 0.145696
0.484697 0.145491
0.485097 0.145286
0.485497 0.145081
0.485897 0.144877
0.486297 0.144673
0.486697 0.14447
0.487097 0.144267
0.487497 0.144064
0.487898 0.143862
0.488298 0.14366
0.488698 0.143459
0.489098 0.143258
0.489498 0.143057
0.489898 0.142857
0.490298 0.142657
0.490698 0.142458
0.491098 0.142259
0.491498 0.14206
0.491898 0.141862
0.492298 0.141664
0.492699 0.141467
0.493099 0.14127
0.493499 0.141073
0.493899 0.140877
0.494299 0.140681
0.494699 0.140485
0.495099 0.14029
0.495499 0.140096
0.495899 0.139901
0.496299 0.139707
0.496699 0.139514
0.497099 0.13932
0.497499 0.139128
0.4979 0.138935
0.4983 0.138743
0.4987 0.138551
0.4991 0.13836
0.4995 0.138169
0.4999 0.137979
0.5003 0.137788
0.5007 0.137599
0.5011 0.137409
0.5015 0.13722
0.5019 0.137031
0.5023 0.136843
0.502701 0.136655
0.503101 0.136467
0.503501 0.13628
0.503901 0.136093
0.504301 0.135907
0.504701 0.135721
0.505101 0.135535
0.505501 0.135349
0.505901 0.135164
0.506301 0.13498
0.506701 0.134795
0.507101 0.134611
0.507502 0.134428
0.507902 0.134244
0.508302 0.134061
0.508702 0.133879
0.509102 0.133697
0.509502 0.133515
0.509902 0.133333
0.510302 0.133152
0.510702 0.132971
0.511102 0.132791
0.511502 0.132611
0.511902 0.132431
0.512302 0.132252
0.512703 0.132072
0.513103 0.131894
0.513503 0.131715
0.513903 0.131537
0.514303 0.13136
0.514703 0.131182
0.515103 0.131005
0.515503 0.130829
0.515903 0.130652
0.516303 0.130476
0.516703 0.130301
0.517103 0.130125
0.517504 0.12995
0.517904 0.129776
0.518304 0.129601
0.518704 0.129427
0.519104 0.129254
0.519504 0.12908
0.519904 0.128907
0.520304 0.128735
0.520704 0.128562
0.521104 0.12839
0.521504 0.128219
0.521904 0.128047
0.522304 0.127876
0.522705 0.127706
0.523105 0.127535
0.523505 0.127365
0.523905 0.127196
0.524305 0.127026
0.524705 0.126857
0.525105 0.126688
0.525505 0.12652
0.525905 0.126352
0.526305 0.126184
0.526705 0.126017
0.527105 0.125849
0.527506 0.125683
0.527906 0.125516
0.528306 0.12535
0.528706 0.125184
0.529106 0.125018
0.529506 0.124853
0.529906 0.124688
0.530306 0.124523
0.530706 0.124359
0.531106 0.124195
0.531506 0.124031
0.531906 0.123868
0.532306 0.123705
0.532707 0.123542
0.533107 0.12338
0.533507 0.123217
0.533907 0.123055
0.534307 0.122894
0.534707 0.122733
0.535107 0.122572
0.535507 0.122411
0.535907 0.122251
0.536307 0.122091
0.536707 0.121931
0.537107 0.121771
0.537508 0.121612
0.537908 0.121453
0.538308 0.121295
0.538708 0.121136
0.539108 0.120978
0.539508 0.120821
0.539908 0.120663
0.540308 0.120506
0.540708 0.120349
0.541108 0.120193
0.541508 0.120037
0.541908 0.119881
0.542308 0.119725
0.542709 0.11957
0.543109 0.119415
0.543509 0.11926
0.543909 0.119105
0.544309 0.118951
0.544709 0.118797
0.545109 0.118644
0.545509 0.11849
0.545909 0.118337
0.546309 0.118184
0.546709 0.118032
0.547109 0.11788
0.54751 0.117728
0.54791 0.117576
0.54831 0.117425
0.54871 0.117274
0.54911 0.117123
0.54951 0.116972
0.54991 0.116822
0.55031 0.116672
0.55071 0.116522
0.55111 0.116373
0.55151 0.116224
0.55191 0.116075
0.55231 0.115926
0.552711 0.115778
0.553111 0.11563
0.553511 0.115482
0.553911 0.115335
0.554311 0.115187
0.554711 0.11504
0.555111 0.114894
0.555511 0.114747
0.555911 0.114601
0.556311 0.114455
0.556711 0.114309
0.557111 0.114164
0.557512 0.114019
0.557912 0.113874
0.558312 0.113729
0.558712 0.113585
0.559112 0.113441
0.559512 0.113297
0.559912 0.113154
0.560312 0.11301
0.560712 0.112867
0.561112 0.112725
0.561512 0.112582
0.561912 0.11244
0.562312 0.112298
0.562713 0.112156
0.563113 0.112015
0.563513 0.111873
0.563913 0.111733
0.564313 0.111592
0.564713 0.111451
0.565113 0.111311
0.565513 0.111171
0.565913 0.111032
0.566313 0.110892
0.566713 0.110753
0.567113 0.110614
0.567514 0.110475
0.567914 0.110337
0.568314 0.110199
0.568714 0.110061
0.569114 0.109923
0.569514 0.109786
0.569914 0.109649
0.570314 0.109512
0.570714 0.109375
0.571114 0.109238
0.571514 0.109102
0.571914 0.108966
0.572314 0.108831
0.572715 0.108695
0.573115 0.10856
0.573515 0.108425
0.573915 0.10829
0.574315 0.108156
0.574715 0.108021
0.575115 0.107887
0.575515 0.107754
0.575915 0.10762
0.576315 0.107487
0.576715 0.107354
0.577115 0.107221
0.577516 0.107088
0.577916 0.106956
0.578316 0.106824
0.578716 0.106692
0.579116 0.10656
0.579516 0.106429
0.579916 0.106297
0.580316 0.106166
0.580716 0.106036
0.581116 0.105905
0.581516 0.105775
0.581916 0.105645
0.582316 0.105515
0.582717 0.105386
0.583117 0.105256
0.583517 0.105127
0.583917 0.104998
0.584317 0.10487
0.584717 0.104741
0.585117 0.104613
0.585517 0.104485
0.585917 0.104357
0.586317 0.10423
0.586717 0.104102
0.587117 0.103975
0.587518 0.103848
0.587918 0.103722
0.588318 0.103595
0.588718 0.103469
0.589118 0.103343
0.589518 0.103217
0.589918 0.103092
0.590318 0.102967
0.590718 0.102841
0.591118 0.102717
0.591518 0.102592
0.591918 0.102468
0.592318 0.102343
0.592719 0.102219
0.593119 0.102096
0.593519 0.101972
0.593919 0.101849
0.594319 0.101726
0.594719 0.101603
0.595119 0.10148
0.595519 0.101357
0.595919 0.101235
0.596319 0.101113
0.596719 0.100991
0.597119 0.10087
0.59752 0.100748
0.59792 0.100627
0.59832 0.100506
0.59872 0.100385
0.59912 0.100265
0.59952 0.100144
0.59992 0.100024
0.60032 0.099904
0.60072 0.0997843
0.60112 0.0996647
0.60152 0.0995454
0.60192 0.0994263
0.60232 0.0993073
0.602721 0.0991886
0.603121 0.0990701
0.603521 0.0989518
0.603921 0.0988337
0.604321 0.0987158
0.604721 0.0985981
0.605121 0.0984806
0.605521 0.0983633
0.605921 0.0982462
0.606321 0.0981293
0.606721 0.0980126
0.607121 0.0978961
0.607522 0.0977798
0.607922 0.0976637
0.608322 0.0975478
0.608722 0.0974321
0.609122 0.0973166
0.609522 0.0972013
0.609922 0.0970862
0.610322 0.0969713
0.610722 0.0968566
0.611122 0.0967421
0.611522 0.0966278
0.611922 0.0965136
0.612322 0.0963997
0.612723 0.096286
0.613123 0.0961724
0.613523 0.0960591
0.613923 0.095946
0.614323 0.095833
0.614723 0.0957202
0.615123 0.0956077
0.615523 0.0954953
0.615923 0.0953831
0.616323 0.0952711
0.616723 0.0951593
0.617123 0.0950477
0.617524 0.0949362
0.617924 0.094825
0.618324 0.0947139
0.618724 0.0946031
0.619124 0.0944924
0.619524 0.0943819
0.619924 0.0942716
0.620324 0.0941615
0.620724 0.0940516
0.621124 0.0939418
0.621524 0.0938323
0.621924 0.0937229
0.622324 0.0936137
0.622725 0.0935047
0.623125 0.0933959
0.623525 0.0932873
0.623925 0.0931788
0.624325 0.0930705
0.624725 0.0929625
0.625125 0.0928545
0.625525 0.0927468
0.625925 0.0926393
0.626325 0.0925319
0.626725 0.0924247
0.627125 0.0923177
0.627526 0.0922109
0.627926 0.0921042
0.628326 0.0919978
0.628726 0.0918915
0.629126 0.0917854
0.629526 0.0916794
0.629926 0.0915737
0.630326 0.0914681
0.630726 0.0913627
0.631126 0.0912574
0.631526 0.0911524
0.631926 0.0910475
0.632326 0.0909428
0.632727 0.0908383
0.633127 0.0907339
0.633527 0.0906297
0.633927 0.0905257
0.634327 0.0904219
0.634727 0.0903182
0.635127 0.0902147
0.635527 0.0901114
0.635927 0.0900083
0.636327 0.0899053
0.636727 0.0898025
0.637127 0.0896999
0.637528 0.0895974
0.637928 0.0894951
0.638328 0.089393
0.638728 0.089291
0.639128 0.0891892
0.639528 0.0890876
0.639928 0.0889862
0.640328 0.0888849
0.640728 0.0887838
0.641128 0.0886828
0.641528 0.0885821
0.641928 0.0884814
0.642328 0.088381
0.642729 0.0882807
0.643129 0.0881806
0.643529 0.0880806
0.643929 0.0879809
0.644329 0.0878812
0.644729 0.0877818
0.645129 0.0876825
0.645529 0.0875833
0.645929 0.0874844
0.646329 0.0873856
0.646729 0.0872869
0.647129 0.0871884
0.64753 0.0870901
0.64793 0.0869919
0.64833 0.0868939
0.64873 0.0867961
0.64913 0.0866984
0.64953 0.0866009
0.64993 0.0865035
0.65033 0.0864063
0.65073 0.0863093
0.65113 0.0862124
0.65153 0.0861156
0.65193 0.0860191
0.65233 0.0859226
0.652731 0.0858264
0.653131 0.0857303
0.653531 0.0856343
0.653931 0.0855385
0.654331 0.0854429
0.654731 0.0853474
0.655131 0.0852521
0.655531 0.0851569
0.655931 0.0850619
0.656331 0.084967
0.656731 0.0848723
0.657131 0.0847778
0.657532 0.0846834
0.657932 0.0845891
0.658332 0.084495
0.658732 0.0844011
0.659132 0.0843073
0.659532 0.0842136
0.659932 0.0841201
0.660332 0.0840268
0.660732 0.0839336
0.661132 0.0838406
0.661532 0.0837477
0.661932 0.0836549
0.662332 0.0835624
0.662733 0.0834699
0.663133 0.0833776
0.663533 0.0832855
0.663933 0.0831935
0.664333 0.0831016
0.664733 0.0830099
0.665133 0.0829184
0.665533 0.082827
0.665933 0.0827357
0.666333 0.0826446
0.666733 0.0825536
0.667133 0.0824628
0.667534 0.0823721
0.667934 0.0822816
0.668334 0.0821912
0.668734 0.082101
0.669134 0.0820109
0.669534 0.0819209
0.669934 0.0818311
0.670334 0.0817414
0.670734 0.0816519
0.671134 0.0815625
0.671534 0.0814733
0.671934 0.0813842
0.672334 0.0812953
0.672735 0.0812064
0.673135 0.0811178
0.673535 0.0810292
0.673935 0.0809408
0.674335 0.0808526
0.674735 0.0807645
0.675135 0.0806765
0.675535 0.0805887
0.675935 0.080501
0.676335 0.0804134
0.676735 0.080326
0.677135 0.0802387
0.677536 0.0801516
0.677936 0.0800646
0.678336 0.0799777
0.678736 0.079891
0.679136 0.0798044
0.679536 0.0797179
0.679936 0.0796316
0.680336 0.0795454
0.680736 0.0794594
0.681136 0.0793735
0.681536 0.0792877
0.681936 0.0792021
0.682336 0.0791166
0.682737 0.0790312
0.683137 0.0789459
0.683537 0.0788608
0.683937 0.0787759
0.684337 0.078691
0.684737 0.0786063
0.685137 0.0785218
0.685537 0.0784373
0.685937 0.078353
0.686337 0.0782688
0.686737 0.0781848
0.687137 0.0781009
0.687538 0.0780171
0.687938 0.0779335
0.688338 0.07785
0.688738 0.0777666
0.689138 0.0776833
0.689538 0.0776002
0.689938 0.0775172
0.690338 0.0774343
0.690738 0.0773516
0.691138 0.077269
0.691538 0.0771865
0.691938 0.0771041
0.692338 0.0770219
0.692739 0.0769398
0.693139 0.0768579
0.693539 0.076776
0.693939 0.0766943
0.694339 0.0766127
0.694739 0.0765313
0.695139 0.0764499
0.695539 0.0763687
0.695939 0.0762876
0.696339 0.0762067
0.696739 0.0761258
0.697139 0.0760451
0.69754 0.0759646
0.69794 0.0758841
0.69834 0.0758038
0.69874 0.0757236
0.69914 0.0756435
0.69954 0.0755635
0.69994 0.0754837
0.70034 0.0754039
0.70074 0.0753244
0.70114 0.0752449
0.70154 0.0751655
0.70194 0.0750863
0.70234 0.0750072
0.702741 0.0749282
0.703141 0.0748494
0.703541 0.0747706
0.703941 0.074692
0.704341 0.0746135
0.704741 0.0745351
0.705141 0.0744568
0.705541 0.0743787
0.705941 0.0743007
0.706341 0.0742228
0.706741 0.074145
0.707141 0.0740673
0.707542 0.0739898
0.707942 0.0739124
0.708342 0.0738351
0.708742 0.0737579
0.709142 0.0736808
0.709542 0.0736038
0.709942 0.073527
0.710342 0.0734503
0.710742 0.0733737
0.711142 0.0732972
0.711542 0.0732208
0.711942 0.0731446
0.712342 0.0730684
0.712743 0.0729924
0.713143 0.0729165
0.713543 0.0728407
0.713943 0.072765
0.714343 0.0726895
0.714743 0.072614
0.715143 0.0725387
0.715543 0.0724635
0.715943 0.0723884
0.716343 0.0723134
0.716743 0.0722385
0.717143 0.0721638
0.717544 0.0720891
0.717944 0.0720146
0.718344 0.0719402
0.718744 0.0718658
0.719144 0.0717916
0.719544 0.0717176
0.719944 0.0716436
0.720344 0.0715697
0.720744 0.071496
0.721144 0.0714223
0.721544 0.0713488
0.721944 0.0712754
0.722344 0.0712021
0.722745 0.0711289
0.723145 0.0710558
0.723545 0.0709828
0.723945 0.0709099
0.724345 0.0708371
0.724745 0.0707645
0.725145 0.0706919
0.725545 0.0706195
0.725945 0.0705472
0.726345 0.070475
0.726745 0.0704029
0.727145 0.0703308
0.727546 0.070259
0.727946 0.0701872
0.728346 0.0701155
0.728746 0.0700439
0.729146 0.0699724
0.729546 0.0699011
0.729946 0.0698298
0.730346 0.0697587
0.730746 0.0696876
0.731146 0.0696167
0.731546 0.0695459
0.731946 0.0694751
0.732346 0.0694045
0.732747 0.069334
0.733147 0.0692636
0.733547 0.0691933
0.733947 0.0691231
0.734347 0.069053
0.734747 0.068983
0.735147 0.0689131
0.735547 0.0688433
0.735947 0.0687736
0.736347 0.068704
0.736747 0.0686346
0.737147 0.0685652
0.737548 0.0684959
0.737948 0.0684267
0.738348 0.0683577
0.738748 0.0682887
0.739148 0.0682198
0.739548 0.0681511
0.739948 0.0680824
0.740348 0.0680139
0.740748 0.0679454
0.741148 0.067877
0.741548 0.0678088
0.741948 0.0677406
0.742348 0.0676726
0.742749 0.0676046
0.743149 0.0675368
0.743549 0.067469
0.743949 0.0674014
0.744349 0.0673338
0.744749 0.0672663
0.745149 0.067199
0.745549 0.0671317
0.745949 0.0670646
0.746349 0.0669975
0.746749 0.0669305
0.747149 0.0668637
0.74755 0.0667969
0.74795 0.0667302
0.74835 0.0666636
0.74875 0.0665972
0.74915 0.0665308
0.74955 0.0664645
0.74995 0.0663983
0.75035 0.0663322
0.75075 0.0662662
0.75115 0.0662003
0.75155 0.0661345
0.75195 0.0660688
0.75235 0.0660032
0.752751 0.0659377
0.753151 0.0658723
0.753551 0.0658069
0.753951 0.0657417
0.754351 0.0656766
0.754751 0.0656115
0.755151 0.0655466
0.755551 0.0654817
0.755951 0.065417
0.756351 0.0653523
0.756751 0.0652877
0.757151 0.0652232
0.757552 0.0651588
0.757952 0.0650946
0.758352 0.0650304
0.758752 0.0649662
0.759152 0.0649022
0.759552 0.0648383
0.759952 0.0647745
0.760352 0.0647107
0.760752 0.0646471
0.761152 0.0645835
0.761552 0.0645201
0.761952 0.0644567
0.762352 0.0643934
0.762753 0.0643302
0.763153 0.0642671
0.763553 0.0642041
0.763953 0.0641412
0.764353 0.0640784
0.764753 0.0640156
0.765153 0.063953
0.765553 0.0638904
0.765953 0.063828
0.766353 0.0637656
0.766753 0.0637033
0.767153 0.0636411
0.767554 0.063579
0.767954 0.063517
0.768354 0.0634551
0.768754 0.0633932
0.769154 0.0633315
0.769554 0.0632698
0.769954 0.0632082
0.770354 0.0631467
0.770754 0.0630853
0.771154 0.063024
0.771554 0.0629628
0.771954 0.0629016
0.772354 0.0628406
0.772755 0.0627796
0.773155 0.0627187
0.773555 0.0626579
0.773955 0.0625972
0.774355 0.0625366
0.774755 0.0624761
0.775155 0.0624156
0.775555 0.0623552
0.775955 0.062295
0.776355 0.0622348
0.776755 0.0621747
0.777155 0.0621146
0.777556 0.0620547
0.777956 0.0619948
0.778356 0.0619351
0.778756 0.0618754
0.779156 0.0618158
0.779556 0.0617563
0.779956 0.0616968
0.780356 0.0616375
0.780756 0.0615782
0.781156 0.061519
0.781556 0.0614599
0.781956 0.0614009
0.782356 0.061342
0.782757 0.0612832
0.783157 0.0612244
0.783557 0.0611657
0.783957 0.0611071
0.784357 0.0610486
0.784757 0.0609902
0.785157 0.0609318
0.785557 0.0608735
0.785957 0.0608153
0.786357 0.0607572
0.786757 0.0606992
0.787157 0.0606413
0.787558 0.0605834
0.787958 0.0605256
0.788358 0.0604679
0.788758 0.0604103
0.789158 0.0603527
0.789558 0.0602953
0.789958 0.0602379
0.790358 0.0601806
0.790758 0.0601234
0.791158 0.0600662
0.791558 0.0600092
0.791958 0.0599522
0.792358 0.0598953
0.792759 0.0598385
0.793159 0.0597817
0.793559 0.0597251
0.793959 0.0596685
0.794359 0.059612
0.794759 0.0595555
0.795159 0.0594992
0.795559 0.0594429
0.795959 0.0593867
0.796359 0.0593306
0.796759 0.0592746
0.797159 0.0592186
0.79756 0.0591627
0.79796 0.0591069
0.79836 0.0590512
0.79876 0.0589956
0.79916 0.05894
0.79956 0.0588845
0.79996 0.0588291
0.80036 0.0587737
0.80076 0.0587185
0.80116 0.0586633
0.80156 0.0586081
0.80196 0.0585531
0.80236 0.0584981
0.802761 0.0584433
0.803161 0.0583884
0.803561 0.0583337
0.803961 0.058279
0.804361 0.0582245
0.804761 0.05817
0.805161 0.0581155
0.805561 0.0580612
0.805961 0.0580069
0.806361 0.0579527
0.806761 0.0578985
0.807161 0.0578445
0.807562 0.0577905
0.807962 0.0577366
0.808362 0.0576827
0.808762 0.0576289
0.809162 0.0575752
0.809562 0.0575216
0.809962 0.0574681
0.810362 0.0574146
0.810762 0.0573612
0.811162 0.0573079
0.811562 0.0572546
0.811962 0.0572014
0.812362 0.0571483
0.812763 0.0570953
0.813163 0.0570423
0.813563 0.0569894
0.813963 0.0569366
0.814363 0.0568839
0.814763 0.0568312
0.815163 0.0567786
0.815563 0.0567261
0.815963 0.0566736
0.816363 0.0566212
0.816763 0.0565689
0.817163 0.0565166
0.817564 0.0564645
0.817964 0.0564124
0.818364 0.0563603
0.818764 0.0563084
0.819164 0.0562565
0.819564 0.0562046
0.819964 0.0561529
0.820364 0.0561012
0.820764 0.0560496
0.821164 0.055998
0.821564 0.0559466
0.821964 0.0558952
0.822364 0.0558438
0.822765 0.0557926
0.823165 0.0557414
0.823565 0.0556902
0.823965 0.0556392
0.824365 0.0555882
0.824765 0.0555373
0.825165 0.0554864
0.825565 0.0554356
0.825965 0.0553849
0.826365 0.0553343
0.826765 0.0552837
0.827165 0.0552332
0.827566 0.0551827
0.827966 0.0551323
0.828366 0.055082
0.828766 0.0550318
0.829166 0.0549816
0.829566 0.0549315
0.829966 0.0548815
0.830366 0.0548315
0.830766 0.0547816
0.831166 0.0547317
0.831566 0.054682
0.831966 0.0546323
0.832366 0.0545826
0.832767 0.054533
0.833167 0.0544835
0.833567 0.0544341
0.833967 0.0543847
0.834367 0.0543354
0.834767 0.0542862
0.835167 0.054237
0.835567 0.0541879
0.835967 0.0541388
0.836367 0.0540898
0.836767 0.0540409
0.837167 0.0539921
0.837568 0.0539433
0.837968 0.0538946
0.838368 0.0538459
0.838768 0.0537973
0.839168 0.0537488
0.839568 0.0537003
0.839968 0.0536519
0.840368 0.0536036
0.840768 0.0535553
0.841168 0.0535071
0.841568 0.053459
0.841968 0.0534109
0.842368 0.0533629
0.842769 0.0533149
0.843169 0.053267
0.843569 0.0532192
0.843969 0.0531715
0.844369 0.0531238
0.844769 0.0530761
0.845169 0.0530285
0.845569 0.052981
0.845969 0.0529336
0.846369 0.0528862
0.846769 0.0528389
0.847169 0.0527916
0.84757 0.0527444
0.84797 0.0526973
0.84837 0.0526502
0.84877 0.0526032
0.84917 0.0525562
0.84957 0.0525094
0.84997 0.0524625
0.85037 0.0524158
0.85077 0.0523691
0.85117 0.0523224
0.85157 0.0522758
0.85197 0.0522293
0.85237 0.0521828
0.852771 0.0521364
0.853171 0.0520901
0.853571 0.0520438
0.853971 0.0519976
0.854371 0.0519514
0.854771 0.0519053
0.855171 0.0518593
0.855571 0.0518133
0.855971 0.0517674
0.856371 0.0517216
0.856771 0.0516758
0.857171 0.05163
0.857572 0.0515843
0.857972 0.0515387
0.858372 0.0514932
0.858772 0.0514477
0.859172 0.0514022
0.859572 0.0513568
0.859972 0.0513115
0.860372 0.0512663
0.860772 0.051221
0.861172 0.0511759
0.861572 0.0511308
0.861972 0.0510858
0.862372 0.0510408
0.862773 0.0509959
0.863173 0.050951
0.863573 0.0509062
0.863973 0.0508615
0.864373 0.0508168
0.864773 0.0507722
0.865173 0.0507276
0.865573 0.0506831
0.865973 0.0506387
0.866373 0.0505943
0.866773 0.05055
0.867173 0.0505057
0.867574 0.0504615
0.867974 0.0504173
0.868374 0.0503732
0.868774 0.0503291
0.869174 0.0502852
0.869574 0.0502412
0.869974 0.0501973
0.870374 0.0501535
0.870774 0.0501097
0.871174 0.050066
0.871574 0.0500224
0.871974 0.0499788
0.872374 0.0499352
0.872775 0.0498918
0.873175 0.0498483
0.873575 0.049805
0.873975 0.0497616
0.874375 0.0497184
0.874775 0.0496752
0.875175 0.049632
0.875575 0.0495889
0.875975 0.0495459
0.876375 0.0495029
0.876775 0.04946
0.877175 0.0494171
0.877576 0.0493743
0.877976 0.0493315
0.878376 0.0492888
0.878776 0.0492461
0.879176 0.0492035
0.879576 0.049161
0.879976 0.0491185
0.880376 0.049076
0.880776 0.0490337
0.881176 0.0489913
0.881576 0.048949
0.881976 0.0489068
0.882376 0.0488646
0.882777 0.0488225
0.883177 0.0487805
0.883577 0.0487385
0.883977 0.0486965
0.884377 0.0486546
0.884777 0.0486127
0.885177 0.0485709
0.885577 0.0485292
0.885977 0.0484875
0.886377 0.0484459
0.886777 0.0484043
0.887177 0.0483627
0.887578 0.0483213
0.887978 0.0482798
0.888378 0.0482384
0.888778 0.0481971
0.889178 0.0481558
0.889578 0.0481146
0.889978 0.0480735
0.890378 0.0480323
0.890778 0.0479913
0.891178 0.0479503
0.891578 0.0479093
0.891978 0.0478684
0.892378 0.0478275
0.892779 0.0477867
0.893179 0.047746
0.893579 0.0477053
0.893979 0.0476646
0.894379 0.047624
0.894779 0.0475834
0.895179 0.0475429
0.895579 0.0475025
0.895979 0.0474621
0.896379 0.0474217
0.896779 0.0473814
0.897179 0.0473412
0.89758 0.047301
0.89798 0.0472608
0.89838 0.0472207
0.89878 0.0471807
0.89918 0.0471407
0.89958 0.0471007
0.89998 0.0470608
0.90038 0.047021
0.90078 0.0469812
0.90118 0.0469414
0.90158 0.0469017
0.90198 0.046862
0.90238 0.0468224
0.902781 0.0467829
0.903181 0.0467434
0.903581 0.0467039
0.903981 0.0466645
0.904381 0.0466251
0.904781 0.0465858
0.905181 0.0465466
0.905581 0.0465074
0.905981 0.0464682
0.906381 0.0464291
0.906781 0.04639
0.907181 0.046351
0.907582 0.046312
0.907982 0.0462731
0.908382 0.0462342
0.908782 0.0461954
0.909182 0.0461566
0.909582 0.0461179
0.909982 0.0460792
0.910382 0.0460406
0.910782 0.046002
0.911182 0.0459635
0.911582 0.045925
0.911982 0.0458865
0.912382 0.0458481
0.912783 0.0458098
0.913183 0.0457715
0.913583 0.0457332
0.913983 0.045695
0.914383 0.0456569
0.914783 0.0456188
0.915183 0.0455807
0.915583 0.0455427
0.915983 0.0455047
0.916383 0.0454668
0.916783 0.0454289
0.917183 0.0453911
0.917584 0.0453533
0.917984 0.0453156
0.918384 0.0452779
0.918784 0.0452403
0.919184 0.0452027
0.919584 0.0451652
0.919984 0.0451277
0.920384 0.0450902
0.920784 0.0450528
0.921184 0.0450155
0.921584 0.0449782
0.921984 0.0449409
0.922384 0.0449037
0.922785 0.0448665
0.923185 0.0448294
0.923585 0.0447923
0.923985 0.0447553
0.924385 0.0447183
0.924785 0.0446814
0.925185 0.0446445
0.925585 0.0446076
0.925985 0.0445709
0.926385 0.0445341
0.926785 0.0444974
0.927185 0.0444607
0.927586 0.0444241
0.927986 0.0443875
0.928386 0.044351
0.928786 0.0443145
0.929186 0.0442781
0.929586 0.0442417
0.929986 0.0442054
0.930386 0.0441691
0.930786 0.0441328
0.931186 0.0440966
0.931586 0.0440604
0.931986 0.0440243
0.932386 0.0439882
0.932787 0.0439522
0.933187 0.0439162
0.933587 0.0438802
0.933987 0.0438443
0.934387 0.0438084
0.934787 0.0437726
0.935187 0.0437368
0.935587 0.0437011
0.935987 0.0436654
0.936387 0.0436297
0.936787 0.0435941
0.937187 0.0435585
0.937588 0.043523
0.937988 0.0434875
0.938388 0.043452
0.938788 0.0434166
0.939188 0.0433813
0.939588 0.0433459
0.939988 0.0433106
0.940388 0.0432754
0.940788 0.0432402
0.941188 0.043205
0.941588 0.0431699
0.941988 0.0431348
0.942388 0.0430998
0.942789 0.0430647
0.943189 0.0430298
0.943589 0.0429948
0.943989 0.04296
0.944389 0.0429251
0.944789 0.0428903
0.945189 0.0428555
0.945589 0.0428208
0.945989 0.0427861
0.946389 0.0427514
0.946789 0.0427168
0.947189 0.0426822
0.94759 0.0426477
0.94799 0.0426132
0.94839 0.0425787
0.94879 0.0425443
0.94919 0.0425099
0.94959 0.0424755
0.94999 0.0424412
0.95039 0.0424069
0.95079 0.0423726
0.95119 0.0423384
0.95159 0.0423043
0.95199 0.0422701
0.95239 0.042236
0.952791 0.042202
0.953191 0.0421679
0.953591 0.0421339
0.953991 0.0421
0.954391 0.0420661
0.954791 0.0420322
0.955191 0.0419984
0.955591 0.0419646
0.955991 0.0419309
0.956391 0.0418972
0.956791 0.0418635
0.957191 0.0418299
0.957592 0.0417963
0.957992 0.0417627
0.958392 0.0417292
0.958792 0.0416958
0.959192 0.0416624
0.959592 0.041629
0.959992 0.0415957
0.960392 0.0415624
0.960792 0.0415291
0.961192 0.0414959
0.961592 0.0414628
0.961992 0.0414296
0.962392 0.0413966
0.962793 0.0413636
0.963193 0.0413306
0.963593 0.0412976
0.963993 0.0412647
0.964393 0.0412319
0.964793 0.0411991
0.965193 0.0411663
0.965593 0.0411336
0.965993 0.041101
0.966393 0.0410684
0.966793 0.0410358
0.967193 0.0410033
0.967594 0.0409708
0.967994 0.0409384
0.968394 0.040906
0.968794 0.0408737
0.969194 0.0408414
0.969594 0.0408092
0.969994 0.040777
0.970394 0.0407448
0.970794 0.0407128
0.971194 0.0406807
0.971594 0.0406487
0.971994 0.0406168
0.972394 0.0405849
0.972795 0.0405531
0.973195 0.0405213
0.973595 0.0404896
0.973995 0.0404579
0.974395 0.0404263
0.974795 0.0403947
0.975195 0.0403632
0.975595 0.0403317
0.975995 0.0403003
0.976395 0.0402689
0.976795 0.0402376
0.977195 0.0402063
0.977596 0.0401751
0.977996 0.0401439
0.978396 0.0401128
0.978796 0.0400817
0.979196 0.0400506
0.979596 0.0400196
0.979996 0.0399886
0.980396 0.0399577
0.980796 0.0399268
0.981196 0.0398959
0.981596 0.0398651
0.981996 0.0398343
0.982396 0.0398035
0.982797 0.0397727
0.983197 0.039742
0.983597 0.0397113
0.983997 0.0396807
0.984397 0.03965
0.984797 0.0396194
0.985197 0.0395888
0.985597 0.0395582
0.985997 0.0395277
0.986397 0.0394972
0.986797 0.0394666
0.987197 0.0394361
0.987598 0.0394057
0.987998 0.0393752
0.988398 0.0393447
0.988798 0.0393143
0.989198 0.0392839
0.989598 0.0392534
0.989998 0.039223
0.990398 0.0391926
0.990798 0.0391622
0.991198 0.0391318
0.991598 0.0391014
0.991998 0.039071
0.992398 0.0390406
0.992799 0.0390102
0.993199 0.0389798
0.993599 0.0389494
0.993999 0.038919
0.994399 0.0388886
0.994799 0.0388582
0.995199 0.0388277
0.995599 0.0387973
0.995999 0.0387669
0.996399 0.0387364
0.996799 0.0387059
0.997199 0.0386754
0.9976 0.0386449
0.998 0.0386144
0.9984 0.0385839
0.9988 0.0385533
0.9992 0.0385228
0.9996 0.0384922
