-1 0.0384615
-0.9996 0.0384129
-0.9992 0.0383644
-0.9988 0.0383158
-0.9984 0.0382672
-0.998 0.0382186
-0.9976 0.03817
-0.997199 0.0381214
-0.996799 0.0380729
-0.996399 0.0380243
-0.995999 0.0379757
-0.995599 0.0379272
-0.995199 0.0378786
-0.994799 0.0378301
-0.994399 0.0377815
-0.993999 0.037733
-0.993599 0.0376845
-0.993199 0.037636
-0.992799 0.0375875
-0.992398 0.037539
-0.991998 0.0374906
-0.991598 0.0374421
-0.991198 0.0373937
-0.990798 0.0373452
-0.990398 0.0372968
-0.989998 0.0372484
-0.989598 0.0372001
-0.989198 0.0371517
-0.988798 0.0371034
-0.988398 0.037055
-0.987998 0.0370067
-0.987598 0.0369584
-0.987197 0.0369102
-0.986797 0.0368619
-0.986397 0.0368137
-0.985997 0.0367655
-0.985597 0.0367173
-0.985197 0.0366692
-0.984797 0.0366211
-0.984397 0.036573
-0.983997 0.0365249
-0.983597 0.0364768
-0.983197 0.0364288
-0.982797 0.0363808
-0.982396 0.0363328
-0.981996 0.0362849
-0.981596 0.036237
-0.981196 0.0361891
-0.980796 0.0361413
-0.980396 0.0360935
-0.979996 0.0360457
-0.979596 0.0359979
-0.979196 0.0359502
-0.978796 0.0359025
-0.978396 0.0358549
-0.977996 0.0358073
-0.977596 0.0357597
-0.977195 0.0357122
-0.976795 0.0356647
-0.976395 0.0356172
-0.975995 0.0355698
-0.975595 0.0355224
-0.975195 0.0354751
-0.974795 0.0354277
-0.974395 0.0353805
-0.973995 0.0353333
-0.973595 0.0352861
-0.973195 0.035239
-0.972795 0.0351919
-0.972394 0.0351448
-0.971994 0.0350978
-0.971594 0.0350509
-0.971194 0.035004
-0.970794 0.0349571
-0.970394 0.0349103
-0.969994 0.0348636
-0.969594 0.0348169
-0.969194 0.0347702
-0.968794 0.0347236
-0.968394 0.034677
-0.967994 0.0346305
-0.967594 0.0345841
-0.967193 0.0345377
-0.966793 0.0344913
-0.966393 0.0344451
-0.965993 0.0343988
-0.965593 0.0343527
-0.965193 0.0343065
-0.964793 0.0342605
-0.964393 0.0342145
-0.963993 0.0341685
-0.963593 0.0341226
-0.963193 0.0340768
-0.962793 0.034031
-0.962392 0.0339853
-0.961992 0.0339397
-0.961592 0.0338941
-0.961192 0.0338486
-0.960792 0.0338032
-0.960392 0.0337578
-0.959992 0.0337125
-0.959592 0.0336672
-0.959192 0.033622
-0.958792 0.0335769
-0.958392 0.0335318
-0.957992 0.0334869
-0.957592 0.0334419
-0.957191 0.0333971
-0.956791 0.0333523
-0.956391 0.0333076
-0.955991 0.033263
-0.955591 0.0332184
-0.955191 0.033174
-0.954791 0.0331296
-0.954391 0.0330852
-0.953991 0.033041
-0.953591 0.0329968
-0.953191 0.0329527
-0.952791 0.0329086
-0.95239 0.0328647
-0.95199 0.0328208
-0.95159 0.032777
-0.95119 0.0327333
-0.95079 0.0326897
-0.95039 0.0326461
-0.94999 0.0326027
-0.94959 0.0325593
-0.94919 0.032516
-0.94879 0.0324728
-0.94839 0.0324296
-0.94799 0.0323866
-0.94759 0.0323436
-0.947189 0.0323007
-0.946789 0.0322579
-0.946389 0.0322152
-0.945989 0.0321726
-0.945589 0.0321301
-0.945189 0.0320877
-0.944789 0.0320453
-0.944389 0.0320031
-0.943989 0.0319609
-0.943589 0.0319188
-0.943189 0.0318769
-0.942789 0.031835
-0.942388 0.0317932
-0.941988 0.0317515
-0.941588 0.0317099
-0.941188 0.0316684
-0.940788 0.031627
-0.940388 0.0315857
-0.939988 0.0315445
-0.939588 0.0315034
-0.939188 0.0314624
-0.938788 0.0314215
-0.938388 0.0313807
-0.937988 0.03134
-0.937588 0.0312994
-0.937187 0.0312589
-0.936787 0.0312185
-0.936387 0.0311782
-0.935987 0.031138
-0.935587 0.031098
-0.935187 0.031058
-0.934787 0.0310181
-0.934387 0.0309784
-0.933987 0.0309387
-0.933587 0.0308992
-0.933187 0.0308597
-0.932787 0.0308204
-0.932386 0.0307812
-0.931986 0.0307421
-0.931586 0.0307031
-0.931186 0.0306643
-0.930786 0.0306255
-0.930386 0.0305869
-0.929986 0.0305483
-0.929586 0.0305099
-0.929186 0.0304716
-0.928786 0.0304335
-0.928386 0.0303954
-0.927986 0.0303575
-0.927586 0.0303196
-0.927185 0.0302819
-0.926785 0.0302444
-0.926385 0.0302069
-0.925985 0.0301696
-0.925585 0.0301323
-0.925185 0.0300952
-0.924785 0.0300583
-0.924385 0.0300214
-0.923985 0.0299847
-0.923585 0.0299481
-0.923185 0.0299116
-0.922785 0.0298753
-0.922384 0.0298391
-0.921984 0.029803
-0.921584 0.029767
-0.921184 0.0297312
-0.920784 0.0296955
-0.920384 0.0296599
-0.919984 0.0296245
-0.919584 0.0295892
-0.919184 0.029554
-0.918784 0.029519
-0.918384 0.0294841
-0.917984 0.0294493
-0.917584 0.0294147
-0.917183 0.0293802
-0.916783 0.0293458
-0.916383 0.0293116
-0.915983 0.0292775
-0.915583 0.0292436
-0.915183 0.0292098
-0.914783 0.0291761
-0.914383 0.0291426
-0.913983 0.0291092
-0.913583 0.0290759
-0.913183 0.0290428
-0.912783 0.0290099
-0.912382 0.0289771
-0.911982 0.0289444
-0.911582 0.0289119
-0.911182 0.0288795
-0.910782 0.0288473
-0.910382 0.0288152
-0.909982 0.0287833
-0.909582 0.0287515
-0.909182 0.0287199
-0.908782 0.0286884
-0.908382 0.028657
-0.907982 0.0286259
-0.907582 0.0285948
-0.907181 0.028564
-0.906781 0.0285332
-0.906381 0.0285027
-0.905981 0.0284723
-0.905581 0.028442
-0.905181 0.0284119
-0.904781 0.0283819
-0.904381 0.0283522
-0.903981 0.0283225
-0.903581 0.028293
-0.903181 0.0282637
-0.902781 0.0282346
-0.90238 0.0282056
-0.90198 0.0281768
-0.90158 0.0281481
-0.90118 0.0281196
-0.90078 0.0280912
-0.90038 0.0280631
-0.89998 0.028035
-0.89958 0.0280072
-0.89918 0.0279795
-0.89878 0.027952
-0.89838 0.0279246
-0.89798 0.0278975
-0.89758 0.0278704
-0.897179 0.0278436
-0.896779 0.0278169
-0.896379 0.0277904
-0.895979 0.0277641
-0.895579 0.0277379
-0.895179 0.0277119
-0.894779 0.0276861
-0.894379 0.0276605
-0.893979 0.027635
-0.893579 0.0276097
-0.893179 0.0275846
-0.892779 0.0275597
-0.892378 0.0275349
-0.891978 0.0275103
-0.891578 0.0274859
-0.891178 0.0274617
-0.890778 0.0274376
-0.890378 0.0274138
-0.889978 0.0273901
-0.889578 0.0273666
-0.889178 0.0273433
-0.888778 0.0273201
-0.888378 0.0272972
-0.887978 0.0272744
-0.887578 0.0272518
-0.887177 0.0272294
-0.886777 0.0272072
-0.886377 0.0271852
-0.885977 0.0271634
-0.885577 0.0271417
-0.885177 0.0271203
-0.884777 0.027099
-0.884377 0.0270779
-0.883977 0.027057
-0.883577 0.0270363
-0.883177 0.0270158
-0.882777 0.0269955
-0.882376 0.0269754
-0.881976 0.0269555
-0.881576 0.0269357
-0.881176 0.0269162
-0.880776 0.0268969
-0.880376 0.0268777
-0.879976 0.0268588
-0.879576 0.02684
-0.879176 0.0268215
-0.878776 0.0268032
-0.878376 0.026785
-0.877976 0.0267671
-0.877576 0.0267493
-0.877175 0.0267318
-0.876775 0.0267145
-0.876375 0.0266973
-0.875975 0.0266804
-0.875575 0.0266637
-0.875175 0.0266472
-0.874775 0.0266308
-0.874375 0.0266147
-0.873975 0.0265988
-0.873575 0.0265832
-0.873175 0.0265677
-0.872775 0.0265524
-0.872374 0.0265373
-0.871974 0.0265225
-0.871574 0.0265079
-0.871174 0.0264934
-0.870774 0.0264792
-0.870374 0.0264652
-0.869974 0.0264514
-0.869574 0.0264379
-0.869174 0.0264245
-0.868774 0.0264114
-0.868374 0.0263985
-0.867974 0.0263858
-0.867574 0.0263733
-0.867173 0.026361
-0.866773 0.026349
-0.866373 0.0263371
-0.865973 0.0263255
-0.865573 0.0263141
-0.865173 0.026303
-0.864773 0.026292
-0.864373 0.0262813
-0.863973 0.0262708
-0.863573 0.0262606
-0.863173 0.0262505
-0.862773 0.0262407
-0.862372 0.0262311
-0.861972 0.0262218
-0.861572 0.0262126
-0.861172 0.0262037
-0.860772 0.026195
-0.860372 0.0261866
-0.859972 0.0261784
-0.859572 0.0261704
-0.859172 0.0261626
-0.858772 0.0261551
-0.858372 0.0261478
-0.857972 0.0261408
-0.857572 0.026134
-0.857171 0.0261274
-0.856771 0.026121
-0.856371 0.0261149
-0.855971 0.0261091
-0.855571 0.0261034
-0.855171 0.026098
-0.854771 0.0260929
-0.854371 0.026088
-0.853971 0.0260833
-0.853571 0.0260789
-0.853171 0.0260747
-0.852771 0.0260707
-0.85237 0.026067
-0.85197 0.0260636
-0.85157 0.0260603
-0.85117 0.0260574
-0.85077 0.0260547
-0.85037 0.0260522
-0.84997 0.0260499
-0.84957 0.026048
-0.84917 0.0260462
-0.84877 0.0260447
-0.84837 0.0260435
-0.84797 0.0260425
-0.84757 0.0260418
-0.847169 0.0260413
-0.846769 0.0260411
-0.846369 0.0260411
-0.845969 0.0260414
-0.845569 0.0260419
-0.845169 0.0260427
-0.844769 0.0260437
-0.844369 0.026045
-0.843969 0.0260466
-0.843569 0.0260484
-0.843169 0.0260505
-0.842769 0.0260528
-0.842368 0.0260554
-0.841968 0.0260583
-0.841568 0.0260614
-0.841168 0.0260648
-0.840768 0.0260684
-0.840368 0.0260723
-0.839968 0.0260765
-0.839568 0.0260809
-0.839168 0.0260856
-0.838768 0.0260905
-0.838368 0.0260958
-0.837968 0.0261013
-0.837568 0.026107
-0.837167 0.0261131
-0.836767 0.0261194
-0.836367 0.0261259
-0.835967 0.0261328
-0.835567 0.0261399
-0.835167 0.0261473
-0.834767 0.0261549
-0.834367 0.0261628
-0.833967 0.026171
-0.833567 0.0261795
-0.833167 0.0261883
-0.832767 0.0261973
-0.832366 0.0262066
-0.831966 0.0262162
-0.831566 0.026226
-0.831166 0.0262362
-0.830766 0.0262466
-0.830366 0.0262573
-0.829966 0.0262683
-0.829566 0.0262795
-0.829166 0.026291
-0.828766 0.0263029
-0.828366 0.026315
-0.827966 0.0263274
-0.827566 0.02634
-0.827165 0.026353
-0.826765 0.0263662
-0.826365 0.0263797
-0.825965 0.0263936
-0.825565 0.0264077
-0.825165 0.0264221
-0.824765 0.0264367
-0.824365 0.0264517
-0.823965 0.026467
-0.823565 0.0264825
-0.823165 0.0264984
-0.822765 0.0265145
-0.822364 0.0265309
-0.821964 0.0265476
-0.821564 0.0265646
-0.821164 0.026582
-0.820764 0.0265996
-0.820364 0.0266175
-0.819964 0.0266357
-0.819564 0.0266542
-0.819164 0.0266729
-0.818764 0.026692
-0.818364 0.0267114
-0.817964 0.0267311
-0.817564 0.0267511
-0.817163 0.0267714
-0.816763 0.026792
-0.816363 0.0268129
-0.815963 0.0268341
-0.815563 0.0268556
-0.815163 0.0268774
-0.814763 0.0268995
-0.814363 0.026922
-0.813963 0.0269447
-0.813563 0.0269677
-0.813163 0.0269911
-0.812763 0.0270147
-0.812362 0.0270387
-0.811962 0.027063
-0.811562 0.0270875
-0.811162 0.0271124
-0.810762 0.0271377
-0.810362 0.0271632
-0.809962 0.027189
-0.809562 0.0272152
-0.809162 0.0272416
-0.808762 0.0272684
-0.808362 0.0272955
-0.807962 0.0273229
-0.807562 0.0273506
-0.807161 0.0273787
-0.806761 0.027407
-0.806361 0.0274357
-0.805961 0.0274647
-0.805561 0.027494
-0.805161 0.0275237
-0.804761 0.0275537
-0.804361 0.0275839
-0.803961 0.0276146
-0.803561 0.0276455
-0.803161 0.0276768
-0.802761 0.0277084
-0.80236 0.0277403
-0.80196 0.0277725
-0.80156 0.0278051
-0.80116 0.027838
-0.80076 0.0278712
-0.80036 0.0279047
-0.79996 0.0279386
-0.79956 0.0279728
-0.79916 0.0280074
-0.79876 0.0280423
-0.79836 0.0280775
-0.79796 0.028113
-0.79756 0.0281489
-0.797159 0.0281851
-0.796759 0.0282216
-0.796359 0.0282585
-0.795959 0.0282957
-0.795559 0.0283333
-0.795159 0.0283712
-0.794759 0.0284094
-0.794359 0.028448
-0.793959 0.0284869
-0.793559 0.0285262
-0.793159 0.0285657
-0.792759 0.0286057
-0.792358 0.028646
-0.791958 0.0286866
-0.791558 0.0287275
-0.791158 0.0287688
-0.790758 0.0288105
-0.790358 0.0288525
-0.789958 0.0288948
-0.789558 0.0289375
-0.789158 0.0289806
-0.788758 0.029024
-0.788358 0.0290677
-0.787958 0.0291118
-0.787558 0.0291562
-0.787157 0.029201
-0.786757 0.0292462
-0.786357 0.0292917
-0.785957 0.0293375
-0.785557 0.0293837
-0.785157 0.0294303
-0.784757 0.0294772
-0.784357 0.0295244
-0.783957 0.029572
-0.783557 0.02962
-0.783157 0.0296684
-0.782757 0.0297171
-0.782356 0.0297661
-0.781956 0.0298155
-0.781556 0.0298653
-0.781156 0.0299154
-0.780756 0.0299659
-0.780356 0.0300168
-0.779956 0.030068
-0.779556 0.0301196
-0.779156 0.0301715
-0.778756 0.0302238
-0.778356 0.0302765
-0.777956 0.0303296
-0.777556 0.030383
-0.777155 0.0304368
-0.776755 0.0304909
-0.776355 0.0305454
-0.775955 0.0306003
-0.775555 0.0306556
-0.775155 0.0307112
-0.774755 0.0307672
-0.774355 0.0308236
-0.773955 0.0308803
-0.773555 0.0309374
-0.773155 0.0309949
-0.772755 0.0310528
-0.772354 0.031111
-0.771954 0.0311697
-0.771554 0.0312287
-0.771154 0.031288
-0.770754 0.0313478
-0.770354 0.0314079
-0.769954 0.0314684
-0.769554 0.0315293
-0.769154 0.0315906
-0.768754 0.0316522
-0.768354 0.0317143
-0.767954 0.0317767
-0.767554 0.0318395
-0.767153 0.0319027
-0.766753 0.0319662
-0.766353 0.0320302
-0.765953 0.0320945
-0.765553 0.0321593
-0.765153 0.0322244
-0.764753 0.0322899
-0.764353 0.0323558
-0.763953 0.032422
-0.763553 0.0324887
-0.763153 0.0325558
-0.762753 0.0326232
-0.762352 0.0326911
-0.761952 0.0327593
-0.761552 0.0328279
-0.761152 0.032897
-0.760752 0.0329664
-0.760352 0.0330362
-0.759952 0.0331064
-0.759552 0.033177
-0.759152 0.033248
-0.758752 0.0333194
-0.758352 0.0333912
-0.757952 0.0334634
-0.757552 0.033536
-0.757151 0.033609
-0.756751 0.0336824
-0.756351 0.0337563
-0.755951 0.0338305
-0.755551 0.0339051
-0.755151 0.0339801
-0.754751 0.0340555
-0.754351 0.0341313
-0.753951 0.0342076
-0.753551 0.0342842
-0.753151 0.0343612
-0.752751 0.0344387
-0.75235 0.0345166
-0.75195 0.0345948
-0.75155 0.0346735
-0.75115 0.0347526
-0.75075 0.0348321
-0.75035 0.034912
-0.74995 0.0349923
-0.74955 0.0350731
-0.74915 0.0351542
-0.74875 0.0352358
-0.74835 0.0353178
-0.74795 0.0354002
-0.74755 0.035483
-0.747149 0.0355662
-0.746749 0.0356499
-0.746349 0.035734
-0.745949 0.0358185
-0.745549 0.0359034
-0.745149 0.0359887
-0.744749 0.0360744
-0.744349 0.0361606
-0.743949 0.0362472
-0.743549 0.0363342
-0.743149 0.0364217
-0.742749 0.0365095
-0.742348 0.0365978
-0.741948 0.0366865
-0.741548 0.0367757
-0.741148 0.0368653
-0.740748 0.0369552
-0.740348 0.0370457
-0.739948 0.0371365
-0.739548 0.0372278
-0.739148 0.0373195
-0.738748 0.0374117
-0.738348 0.0375043
-0.737948 0.0375973
-0.737548 0.0376907
-0.737147 0.0377846
-0.736747 0.0378789
-0.736347 0.0379736
-0.735947 0.0380688
-0.735547 0.0381644
-0.735147 0.0382605
-0.734747 0.038357
-0.734347 0.0384539
-0.733947 0.0385513
-0.733547 0.0386491
-0.733147 0.0387474
-0.732747 0.0388461
-0.732346 0.0389452
-0.731946 0.0390448
-0.731546 0.0391448
-0.731146 0.0392452
-0.730746 0.0393461
-0.730346 0.0394475
-0.729946 0.0395493
-0.729546 0.0396515
-0.729146 0.0397542
-0.728746 0.0398574
-0.728346 0.039961
-0.727946 0.040065
-0.727546 0.0401695
-0.727145 0.0402744
-0.726745 0.0403798
-0.726345 0.0404856
-0.725945 0.0405919
-0.725545 0.0406987
-0.725145 0.0408059
-0.724745 0.0409135
-0.724345 0.0410216
-0.723945 0.0411302
-0.723545 0.0412392
-0.723145 0.0413487
-0.722745 0.0414586
-0.722344 0.041569
-0.721944 0.0416798
-0.721544 0.0417911
-0.721144 0.0419029
-0.720744 0.0420151
-0.720344 0.0421278
-0.719944 0.042241
-0.719544 0.0423546
-0.719144 0.0424687
-0.718744 0.0425832
-0.718344 0.0426982
-0.717944 0.0428137
-0.717544 0.0429296
-0.717143 0.043046
-0.716743 0.0431629
-0.716343 0.0432802
-0.715943 0.043398
-0.715543 0.0435163
-0.715143 0.0436351
-0.714743 0.0437543
-0.714343 0.043874
-0.713943 0.0439941
-0.713543 0.0441148
-0.713143 0.0442359
-0.712743 0.0443575
-0.712342 0.0444795
-0.711942 0.0446021
-0.711542 0.0447251
-0.711142 0.0448486
-0.710742 0.0449725
-0.710342 0.045097
-0.709942 0.0452219
-0.709542 0.0453473
-0.709142 0.0454732
-0.708742 0.0455995
-0.708342 0.0457264
-0.707942 0.0458537
-0.707542 0.0459815
-0.707141 0.0461098
-0.706741 0.0462386
-0.706341 0.0463678
-0.705941 0.0464976
-0.705541 0.0466278
-0.705141 0.0467585
-0.704741 0.0468897
-0.704341 0.0470214
-0.703941 0.0471536
-0.703541 0.0472862
-0.703141 0.0474194
-0.702741 0.047553
-0.70234 0.0476872
-0.70194 0.0478218
-0.70154 0.0479569
-0.70114 0.0480926
-0.70074 0.0482287
-0.70034 0.0483653
-0.69994 0.0485024
-0.69954 0.04864
-0.69914 0.0487781
-0.69874 0.0489167
-0.69834 0.0490557
-0.69794 0.0491953
-0.69754 0.0493354
-0.697139 0.049476
-0.696739 0.0496171
-0.696339 0.0497587
-0.695939 0.0499008
-0.695539 0.0500434
-0.695139 0.0501865
-0.694739 0.0503301
-0.694339 0.0504742
-0.693939 0.0506188
-0.693539 0.0507639
-0.693139 0.0509095
-0.692739 0.0510556
-0.692338 0.0512023
-0.691938 0.0513494
-0.691538 0.0514971
-0.691138 0.0516452
-0.690738 0.0517939
-0.690338 0.0519431
-0.689938 0.0520928
-0.689538 0.052243
-0.689138 0.0523937
-0.688738 0.0525449
-0.688338 0.0526967
-0.687938 0.0528489
-0.687538 0.0530017
-0.687137 0.053155
-0.686737 0.0533088
-0.686337 0.0534632
-0.685937 0.053618
-0.685537 0.0537734
-0.685137 0.0539293
-0.684737 0.0540857
-0.684337 0.0542426
-0.683937 0.0544001
-0.683537 0.054558
-0.683137 0.0547165
-0.682737 0.0548755
-0.682336 0.0550351
-0.681936 0.0551952
-0.681536 0.0553557
-0.681136 0.0555169
-0.680736 0.0556785
-0.680336 0.0558407
-0.679936 0.0560034
-0.679536 0.0561666
-0.679136 0.0563304
-0.678736 0.0564947
-0.678336 0.0566595
-0.677936 0.0568249
-0.677536 0.0569907
-0.677135 0.0571572
-0.676735 0.0573241
-0.676335 0.0574916
-0.675935 0.0576596
-0.675535 0.0578282
-0.675135 0.0579973
-0.674735 0.0581669
-0.674335 0.0583371
-0.673935 0.0585078
-0.673535 0.058679
-0.673135 0.0588508
-0.672735 0.0590231
-0.672334 0.059196
-0.671934 0.0593694
-0.671534 0.0595434
-0.671134 0.0597178
-0.670734 0.0598929
-0.670334 0.0600685
-0.669934 0.0602446
-0.669534 0.0604213
-0.669134 0.0605985
-0.668734 0.0607762
-0.668334 0.0609545
-0.667934 0.0611334
-0.667534 0.0613128
-0.667133 0.0614928
-0.666733 0.0616733
-0.666333 0.0618543
-0.665933 0.0620359
-0.665533 0.0622181
-0.665133 0.0624008
-0.664733 0.0625841
-0.664333 0.0627679
-0.663933 0.0629523
-0.663533 0.0631372
-0.663133 0.0633227
-0.662733 0.0635087
-0.662332 0.0636953
-0.661932 0.0638825
-0.661532 0.0640702
-0.661132 0.0642585
-0.660732 0.0644473
-0.660332 0.0646367
-0.659932 0.0648267
-0.659532 0.0650172
-0.659132 0.0652083
-0.658732 0.0653999
-0.658332 0.0655921
-0.657932 0.0657849
-0.657532 0.0659782
-0.657131 0.0661721
-0.656731 0.0663666
-0.656331 0.0665617
-0.655931 0.0667573
-0.655531 0.0669534
-0.655131 0.0671502
-0.654731 0.0673475
-0.654331 0.0675454
-0.653931 0.0677438
-0.653531 0.0679429
-0.653131 0.0681425
-0.652731 0.0683426
-0.65233 0.0685434
-0.65193 0.0687447
-0.65153 0.0689466
-0.65113 0.0691491
-0.65073 0.0693521
-0.65033 0.0695558
-0.64993 0.06976
-0.64953 0.0699648
-0.64913 0.0701701
-0.64873 0.0703761
-0.64833 0.0705826
-0.64793 0.0707897
-0.64753 0.0709974
-0.647129 0.0712056
-0.646729 0.0714145
-0.646329 0.0716239
-0.645929 0.0718339
-0.645529 0.0720446
-0.645129 0.0722557
-0.644729 0.0724675
-0.644329 0.0726799
-0.643929 0.0728928
-0.643529 0.0731064
-0.643129 0.0733205
-0.642729 0.0735352
-0.642328 0.0737505
-0.641928 0.0739664
-0.641528 0.0741829
-0.641128 0.0744
-0.640728 0.0746177
-0.640328 0.074836
-0.639928 0.0750548
-0.639528 0.0752743
-0.639128 0.0754943
-0.638728 0.075715
-0.638328 0.0759362
-0.637928 0.0761581
-0.637528 0.0763805
-0.637127 0.0766036
-0.636727 0.0768272
-0.636327 0.0770515
-0.635927 0.0772763
-0.635527 0.0775018
-0.635127 0.0777278
-0.634727 0.0779545
-0.634327 0.0781817
-0.633927 0.0784096
-0.633527 0.078638
-0.633127 0.0788671
-0.632727 0.0790968
-0.632326 0.0793271
-0.631926 0.079558
-0.631526 0.0797895
-0.631126 0.0800216
-0.630726 0.0802543
-0.630326 0.0804876
-0.629926 0.0807216
-0.629526 0.0809561
-0.629126 0.0811913
-0.628726 0.0814271
-0.628326 0.0816634
-0.627926 0.0819004
-0.627526 0.0821381
-0.627125 0.0823763
-0.626725 0.0826151
-0.626325 0.0828546
-0.625925 0.0830947
-0.625525 0.0833354
-0.625125 0.0835767
-0.624725 0.0838187
-0.624325 0.0840612
-0.623925 0.0843044
-0.623525 0.0845482
-0.623125 0.0847926
-0.622725 0.0850377
-0.622324 0.0852834
-0.621924 0.0855297
-0.621524 0.0857766
-0.621124 0.0860241
-0.620724 0.0862723
-0.620324 0.0865211
-0.619924 0.0867705
-0.619524 0.0870206
-0.619124 0.0872713
-0.618724 0.0875226
-0.618324 0.0877745
-0.617924 0.0880271
-0.617524 0.0882803
-0.617123 0.0885341
-0.616723 0.0887886
-0.616323 0.0890437
-0.615923 0.0892994
-0.615523 0.0895558
-0.615123 0.0898128
-0.614723 0.0900705
-0.614323 0.0903287
-0.613923 0.0905876
-0.613523 0.0908472
-0.613123 0.0911074
-0.612723 0.0913682
-0.612322 0.0916297
-0.611922 0.0918918
-0.611522 0.0921546
-0.611122 0.092418
-0.610722 0.092682
-0.610322 0.0929467
-0.609922 0.093212
-0.609522 0.093478
-0.609122 0.0937446
-0.608722 0.0940119
-0.608322 0.0942798
-0.607922 0.0945483
-0.607522 0.0948175
-0.607121 0.0950874
-0.606721 0.0953579
-0.606321 0.095629
-0.605921 0.0959008
-0.605521 0.0961733
-0.605121 0.0964464
-0.604721 0.0967202
-0.604321 0.0969946
-0.603921 0.0972696
-0.603521 0.0975453
-0.603121 0.0978217
-0.602721 0.0980988
-0.60232 0.0983764
-0.60192 0.0986548
-0.60152 0.0989338
-0.60112 0.0992134
-0.60072 0.0994938
-0.60032 0.0997747
-0.59992 0.100056
-0.59952 0.100339
-0.59912 0.100622
-0.59872 0.100905
-0.59832 0.10119
-0.59792 0.101474
-0.59752 0.10176
-0.597119 0.102046
-0.596719 0.102333
-0.596319 0.102621
-0.595919 0.102909
-0.595519 0.103198
-0.595119 0.103487
-0.594719 0.103777
-0.594319 0.104068
-0.593919 0.10436
-0.593519 0.104652
-0.593119 0.104944
-0.592719 0.105238
-0.592318 0.105532
-0.591918 0.105826
-0.591518 0.106121
-0.591118 0.106417
-0.590718 0.106714
-0.590318 0.107011
-0.589918 0.107309
-0.589518 0.107607
-0.589118 0.107906
-0.588718 0.108206
-0.588318 0.108506
-0.587918 0.108807
-0.587518 0.109109
-0.587117 0.109411
-0.586717 0.109714
-0.586317 0.110017
-0.585917 0.110321
-0.585517 0.110626
-0.585117 0.110931
-0.584717 0.111237
-0.584317 0.111543
-0.583917 0.11185
-0.583517 0.112158
-0.583117 0.112466
-0.582717 0.112775
-0.582316 0.113085
-0.581916 0.113395
-0.581516 0.113705
-0.581116 0.114017
-0.580716 0.114329
-0.580316 0.114641
-0.579916 0.114954
-0.579516 0.115268
-0.579116 0.115582
-0.578716 0.115897
-0.578316 0.116213
-0.577916 0.116529
-0.577516 0.116845
-0.577115 0.117163
-0.576715 0.117481
-0.576315 0.117799
-0.575915 0.118118
-0.575515 0.118438
-0.575115 0.118758
-0.574715 0.119079
-0.574315 0.1194
-0.573915 0.119722
-0.573515 0.120044
-0.573115 0.120368
-0.572715 0.120691
-0.572314 0.121015
-0.571914 0.12134
-0.571514 0.121666
-0.571114 0.121992
-0.570714 0.122318
-0.570314 0.122645
-0.569914 0.122973
-0.569514 0.123301
-0.569114 0.12363
-0.568714 0.123959
-0.568314 0.124289
-0.567914 0.12462
-0.567514 0.124951
-0.567113 0.125282
-0.566713 0.125614
-0.566313 0.125947
-0.565913 0.12628
-0.565513 0.126614
-0.565113 0.126949
-0.564713 0.127283
-0.564313 0.127619
-0.563913 0.127955
-0.563513 0.128291
-0.563113 0.128629
-0.562713 0.128966
-0.562312 0.129304
-0.561912 0.129643
-0.561512 0.129982
-0.561112 0.130322
-0.560712 0.130663
-0.560312 0.131003
-0.559912 0.131345
-0.559512 0.131687
-0.559112 0.132029
-0.558712 0.132372
-0.558312 0.132716
-0.557912 0.13306
-0.557512 0.133404
-0.557111 0.13375
-0.556711 0.134095
-0.556311 0.134441
-0.555911 0.134788
-0.555511 0.135135
-0.555111 0.135483
-0.554711 0.135831
-0.554311 0.13618
-0.553911 0.136529
-0.553511 0.136879
-0.553111 0.137229
-0.552711 0.13758
-0.55231 0.137931
-0.55191 0.138283
-0.55151 0.138636
-0.55111 0.138988
-0.55071 0.139342
-0.55031 0.139696
-0.54991 0.14005
-0.54951 0.140405
-0.54911 0.14076
-0.54871 0.141116
-0.54831 0.141472
-0.54791 0.141829
-0.54751 0.142187
-0.547109 0.142545
-0.546709 0.142903
-0.546309 0.143262
-0.545909 0.143621
-0.545509 0.143981
-0.545109 0.144341
-0.544709 0.144702
-0.544309 0.145063
-0.543909 0.145425
-0.543509 0.145787
-0.543109 0.14615
-0.542709 0.146513
-0.542308 0.146877
-0.541908 0.147241
-0.541508 0.147606
-0.541108 0.147971
-0.540708 0.148336
-0.540308 0.148702
-0.539908 0.149069
-0.539508 0.149436
-0.539108 0.149803
-0.538708 0.150171
-0.538308 0.15054
-0.537908 0.150908
-0.537508 0.151278
-0.537107 0.151647
-0.536707 0.152018
-0.536307 0.152388
-0.535907 0.15276
-0.535507 0.153131
-0.535107 0.153503
-0.534707 0.153876
-0.534307 0.154249
-0.533907 0.154622
-0.533507 0.154996
-0.533107 0.15537
-0.532707 0.155745
-0.532306 0.15612
-0.531906 0.156496
-0.531506 0.156872
-0.531106 0.157249
-0.530706 0.157626
-0.530306 0.158003
-0.529906 0.158381
-0.529506 0.158759
-0.529106 0.159138
-0.528706 0.159517
-0.528306 0.159897
-0.527906 0.160277
-0.527506 0.160657
-0.527105 0.161038
-0.526705 0.16142
-0.526305 0.161801
-0.525905 0.162184
-0.525505 0.162566
-0.525105 0.162949
-0.524705 0.163333
-0.524305 0.163717
-0.523905 0.164101
-0.523505 0.164486
-0.523105 0.164871
-0.522705 0.165256
-0.522304 0.165642
-0.521904 0.166029
-0.521504 0.166416
-0.521104 0.166803
-0.520704 0.16719
-0.520304 0.167579
-0.519904 0.167967
-0.519504 0.168356
-0.519104 0.168745
-0.518704 0.169135
-0.518304 0.169525
-0.517904 0.169915
-0.517504 0.170306
-0.517103 0.170697
-0.516703 0.171089
-0.516303 0.171481
-0.515903 0.171873
-0.515503 0.172266
-0.515103 0.17266
-0.514703 0.173053
-0.514303 0.173447
-0.513903 0.173842
-0.513503 0.174236
-0.513103 0.174632
-0.512703 0.175027
-0.512302 0.175423
-0.511902 0.175819
-0.511502 0.176216
-0.511102 0.176613
-0.510702 0.177011
-0.510302 0.177408
-0.509902 0.177807
-0.509502 0.178205
-0.509102 0.178604
-0.508702 0.179004
-0.508302 0.179403
-0.507902 0.179803
-0.507502 0.180204
-0.507101 0.180605
-0.506701 0.181006
-0.506301 0.181407
-0.505901 0.181809
-0.505501 0.182211
-0.505101 0.182614
-0.504701 0.183017
-0.504301 0.18342
-0.503901 0.183824
-0.503501 0.184228
-0.503101 0.184632
-0.502701 0.185037
-0.5023 0.185442
-0.5019 0.185848
-0.5015 0.186254
-0.5011 0.18666
-0.5007 0.187066
-0.5003 0.187473
-0.4999 0.18788
-0.4995 0.188288
-0.4991 0.188696
-0.4987 0.189104
-0.4983 0.189512
-0.4979 0.189921
-0.497499 0.19033
-0.497099 0.19074
-0.496699 0.19115
-0.496299 0.19156
-0.495899 0.191971
-0.495499 0.192381
-0.495099 0.192793
-0.494699 0.193204
-0.494299 0.193616
-0.493899 0.194028
-0.493499 0.194441
-0.493099 0.194854
-0.492699 0.195267
-0.492298 0.19568
-0.491898 0.196094
-0.491498 0.196508
-0.491098 0.196923
-0.490698 0.197337
-0.490298 0.197752
-0.489898 0.198168
-0.489498 0.198583
-0.489098 0.198999
-0.488698 0.199416
-0.488298 0.199832
-0.487898 0.200249
-0.487497 0.200666
-0.487097 0.201084
-0.486697 0.201502
-0.486297 0.20192
-0.485897 0.202338
-0.485497 0.202757
-0.485097 0.203176
-0.484697 0.203595
-0.484297 0.204015
-0.483897 0.204435
-0.483497 0.204855
-0.483097 0.205275
-0.482697 0.205696
-0.482296 0.206117
-0.481896 0.206538
-0.481496 0.20696
-0.481096 0.207382
-0.480696 0.207804
-0.480296 0.208226
-0.479896 0.208649
-0.479496 0.209072
-0.479096 0.209496
-0.478696 0.209919
-0.478296 0.210343
-0.477896 0.210767
-0.477495 0.211191
-0.477095 0.211616
-0.476695 0.212041
-0.476295 0.212466
-0.475895 0.212892
-0.475495 0.213317
-0.475095 0.213743
-0.474695 0.21417
-0.474295 0.214596
-0.473895 0.215023
-0.473495 0.21545
-0.473095 0.215877
-0.472695 0.216305
-0.472294 0.216733
-0.471894 0.217161
-0.471494 0.217589
-0.471094 0.218018
-0.470694 0.218447
-0.470294 0.218876
-0.469894 0.219305
-0.469494 0.219734
-0.469094 0.220164
-0.468694 0.220594
-0.468294 0.221025
-0.467894 0.221455
-0.467493 0.221886
-0.467093 0.222317
-0.466693 0.222748
-0.466293 0.22318
-0.465893 0.223612
-0.465493 0.224043
-0.465093 0.224476
-0.464693 0.224908
-0.464293 0.225341
-0.463893 0.225774
-0.463493 0.226207
-0.463093 0.22664
-0.462693 0.227074
-0.462292 0.227507
-0.461892 0.227941
-0.461492 0.228376
-0.461092 0.22881
-0.460692 0.229245
-0.460292 0.22968
-0.459892 0.230115
-0.459492 0.23055
-0.459092 0.230986
-0.458692 0.231421
-0.458292 0.231857
-0.457892 0.232294
-0.457491 0.23273
-0.457091 0.233167
-0.456691 0.233603
-0.456291 0.23404
-0.455891 0.234478
-0.455491 0.234915
-0.455091 0.235353
-0.454691 0.23579
-0.454291 0.236228
-0.453891 0.236667
-0.453491 0.237105
-0.453091 0.237544
-0.452691 0.237982
-0.45229 0.238421
-0.45189 0.238861
-0.45149 0.2393
-0.45109 0.239739
-0.45069 0.240179
-0.45029 0.240619
-0.44989 0.241059
-0.44949 0.241499
-0.44909 0.24194
-0.44869 0.242381
-0.44829 0.242821
-0.44789 0.243262
-0.447489 0.243704
-0.447089 0.244145
-0.446689 0.244586
-0.446289 0.245028
-0.445889 0.24547
-0.445489 0.245912
-0.445089 0.246354
-0.444689 0.246797
-0.444289 0.247239
-0.443889 0.247682
-0.443489 0.248125
-0.443089 0.248568
-0.442689 0.249011
-0.442288 0.249454
-0.441888 0.249898
-0.441488 0.250342
-0.441088 0.250786
-0.440688 0.25123
-0.440288 0.251674
-0.439888 0.252118
-0.439488 0.252562
-0.439088 0.253007
-0.438688 0.253452
-0.438288 0.253897
-0.437888 0.254342
-0.437487 0.254787
-0.437087 0.255232
-0.436687 0.255678
-0.436287 0.256123
-0.435887 0.256569
-0.435487 0.257015
-0.435087 0.257461
-0.434687 0.257907
-0.434287 0.258353
-0.433887 0.2588
-0.433487 0.259246
-0.433087 0.259693
-0.432687 0.26014
-0.432286 0.260587
-0.431886 0.261034
-0.431486 0.261481
-0.431086 0.261929
-0.430686 0.262376
-0.430286 0.262824
-0.429886 0.263271
-0.429486 0.263719
-0.429086 0.264167
-0.428686 0.264615
-0.428286 0.265063
-0.427886 0.265512
-0.427485 0.26596
-0.427085 0.266408
-0.426685 0.266857
-0.426285 0.267306
-0.425885 0.267755
-0.425485 0.268204
-0.425085 0.268653
-0.424685 0.269102
-0.424285 0.269551
-0.423885 0.27
-0.423485 0.27045
-0.423085 0.270899
-0.422685 0.271349
-0.422284 0.271799
-0.421884 0.272249
-0.421484 0.272699
-0.421084 0.273149
-0.420684 0.273599
-0.420284 0.274049
-0.419884 0.274499
-0.419484 0.27495
-0.419084 0.2754
-0.418684 0.275851
-0.418284 0.276301
-0.417884 0.276752
-0.417483 0.277203
-0.417083 0.277654
-0.416683 0.278105
-0.416283 0.278556
-0.415883 0.279007
-0.415483 0.279458
-0.415083 0.279909
-0.414683 0.280361
-0.414283 0.280812
-0.413883 0.281264
-0.413483 0.281715
-0.413083 0.282167
-0.412683 0.282618
-0.412282 0.28307
-0.411882 0.283522
-0.411482 0.283974
-0.411082 0.284426
-0.410682 0.284878
-0.410282 0.28533
-0.409882 0.285782
-0.409482 0.286234
-0.409082 0.286686
-0.408682 0.287139
-0.408282 0.287591
-0.407882 0.288043
-0.407481 0.288496
-0.407081 0.288948
-0.406681 0.289401
-0.406281 0.289853
-0.405881 0.290306
-0.405481 0.290759
-0.405081 0.291211
-0.404681 0.291664
-0.404281 0.292117
-0.403881 0.29257
-0.403481 0.293022
-0.403081 0.293475
-0.402681 0.293928
-0.40228 0.294381
-0.40188 0.294834
-0.40148 0.295287
-0.40108 0.29574
-0.40068 0.296193
-0.40028 0.296646
-0.39988 0.2971
-0.39948 0.297553
-0.39908 0.298006
-0.39868 0.298459
-0.39828 0.298912
-0.39788 0.299365
-0.397479 0.299819
-0.397079 0.300272
-0.396679 0.300725
-0.396279 0.301179
-0.395879 0.301632
-0.395479 0.302085
-0.395079 0.302538
-0.394679 0.302992
-0.394279 0.303445
-0.393879 0.303898
-0.393479 0.304352
-0.393079 0.304805
-0.392679 0.305259
-0.392278 0.305712
-0.391878 0.306165
-0.391478 0.306619
-0.391078 0.307072
-0.390678 0.307525
-0.390278 0.307979
-0.389878 0.308432
-0.389478 0.308885
-0.389078 0.309339
-0.388678 0.309792
-0.388278 0.310245
-0.387878 0.310699
-0.387477 0.311152
-0.387077 0.311605
-0.386677 0.312058
-0.386277 0.312512
-0.385877 0.312965
-0.385477 0.313418
-0.385077 0.313871
-0.384677 0.314324
-0.384277 0.314777
-0.383877 0.31523
-0.383477 0.315683
-0.383077 0.316137
-0.382677 0.31659
-0.382276 0.317042
-0.381876 0.317495
-0.381476 0.317948
-0.381076 0.318401
-0.380676 0.318854
-0.380276 0.319307
-0.379876 0.31976
-0.379476 0.320212
-0.379076 0.320665
-0.378676 0.321118
-0.378276 0.32157
-0.377876 0.322023
-0.377475 0.322475
-0.377075 0.322928
-0.376675 0.32338
-0.376275 0.323832
-0.375875 0.324285
-0.375475 0.324737
-0.375075 0.325189
-0.374675 0.325641
-0.374275 0.326093
-0.373875 0.326545
-0.373475 0.326997
-0.373075 0.327449
-0.372675 0.327901
-0.372274 0.328353
-0.371874 0.328805
-0.371474 0.329256
-0.371074 0.329708
-0.370674 0.330159
-0.370274 0.330611
-0.369874 0.331062
-0.369474 0.331514
-0.369074 0.331965
-0.368674 0.332416
-0.368274 0.332867
-0.367874 0.333318
-0.367473 0.333769
-0.367073 0.33422
-0.366673 0.334671
-0.366273 0.335121
-0.365873 0.335572
-0.365473 0.336022
-0.365073 0.336473
-0.364673 0.336923
-0.364273 0.337374
-0.363873 0.337824
-0.363473 0.338274
-0.363073 0.338724
-0.362673 0.339174
-0.362272 0.339623
-0.361872 0.340073
-0.361472 0.340523
-0.361072 0.340972
-0.360672 0.341422
-0.360272 0.341871
-0.359872 0.34232
-0.359472 0.342769
-0.359072 0.343218
-0.358672 0.343667
-0.358272 0.344116
-0.357872 0.344565
-0.357471 0.345013
-0.357071 0.345462
-0.356671 0.34591
-0.356271 0.346358
-0.355871 0.346806
-0.355471 0.347254
-0.355071 0.347702
-0.354671 0.34815
-0.354271 0.348598
-0.353871 0.349045
-0.353471 0.349493
-0.353071 0.34994
-0.352671 0.350387
-0.35227 0.350834
-0.35187 0.351281
-0.35147 0.351728
-0.35107 0.352174
-0.35067 0.352621
-0.35027 0.353067
-0.34987 0.353514
-0.34947 0.35396
-0.34907 0.354406
-0.34867 0.354851
-0.34827 0.355297
-0.34787 0.355743
-0.347469 0.356188
-0.347069 0.356633
-0.346669 0.357079
-0.346269 0.357523
-0.345869 0.357968
-0.345469 0.358413
-0.345069 0.358858
-0.344669 0.359302
-0.344269 0.359746
-0.343869 0.36019
-0.343469 0.360634
-0.343069 0.361078
-0.342669 0.361522
-0.342268 0.361965
-0.341868 0.362408
-0.341468 0.362851
-0.341068 0.363294
-0.340668 0.363737
-0.340268 0.36418
-0.339868 0.364622
-0.339468 0.365065
-0.339068 0.365507
-0.338668 0.365949
-0.338268 0.366391
-0.337868 0.366832
-0.337467 0.367274
-0.337067 0.367715
-0.336667 0.368156
-0.336267 0.368597
-0.335867 0.369038
-0.335467 0.369478
-0.335067 0.369919
-0.334667 0.370359
-0.334267 0.370799
-0.333867 0.371239
-0.333467 0.371678
-0.333067 0.372118
-0.332667 0.372557
-0.332266 0.372996
-0.331866 0.373435
-0.331466 0.373874
-0.331066 0.374312
-0.330666 0.374751
-0.330266 0.375189
-0.329866 0.375627
-0.329466 0.376064
-0.329066 0.376502
-0.328666 0.376939
-0.328266 0.377376
-0.327866 0.377813
-0.327465 0.37825
-0.327065 0.378686
-0.326665 0.379123
-0.326265 0.379559
-0.325865 0.379995
-0.325465 0.38043
-0.325065 0.380866
-0.324665 0.381301
-0.324265 0.381736
-0.323865 0.382171
-0.323465 0.382605
-0.323065 0.38304
-0.322665 0.383474
-0.322264 0.383908
-0.321864 0.384341
-0.321464 0.384775
-0.321064 0.385208
-0.320664 0.385641
-0.320264 0.386074
-0.319864 0.386507
-0.319464 0.386939
-0.319064 0.387371
-0.318664 0.387803
-0.318264 0.388234
-0.317864 0.388666
-0.317463 0.389097
-0.317063 0.389528
-0.316663 0.389959
-0.316263 0.390389
-0.315863 0.390819
-0.315463 0.391249
-0.315063 0.391679
-0.314663 0.392108
-0.314263 0.392538
-0.313863 0.392967
-0.313463 0.393395
-0.313063 0.393824
-0.312663 0.394252
-0.312262 0.39468
-0.311862 0.395108
-0.311462 0.395535
-0.311062 0.395962
-0.310662 0.396389
-0.310262 0.396816
-0.309862 0.397242
-0.309462 0.397668
-0.309062 0.398094
-0.308662 0.39852
-0.308262 0.398945
-0.307862 0.39937
-0.307461 0.399795
-0.307061 0.40022
-0.306661 0.400644
-0.306261 0.401068
-0.305861 0.401492
-0.305461 0.401915
-0.305061 0.402338
-0.304661 0.402761
-0.304261 0.403184
-0.303861 0.403606
-0.303461 0.404028
-0.303061 0.40445
-0.302661 0.404871
-0.30226 0.405293
-0.30186 0.405714
-0.30146 0.406134
-0.30106 0.406555
-0.30066 0.406975
-0.30026 0.407394
-0.29986 0.407814
-0.29946 0.408233
-0.29906 0.408652
-0.29866 0.40907
-0.29826 0.409489
-0.29786 0.409907
-0.297459 0.410324
-0.297059 0.410742
-0.296659 0.411159
-0.296259 0.411576
-0.295859 0.411992
-0.295459 0.412408
-0.295059 0.412824
-0.294659 0.41324
-0.294259 0.413655
-0.293859 0.41407
-0.293459 0.414484
-0.293059 0.414899
-0.292659 0.415312
-0.292258 0.415726
-0.291858 0.416139
-0.291458 0.416552
-0.291058 0.416965
-0.290658 0.417378
-0.290258 0.41779
-0.289858 0.418201
-0.289458 0.418613
-0.289058 0.419024
-0.288658 0.419434
-0.288258 0.419845
-0.287858 0.420255
-0.287457 0.420665
-0.287057 0.421074
-0.286657 0.421483
-0.286257 0.421892
-0.285857 0.4223
-0.285457 0.422708
-0.285057 0.423116
-0.284657 0.423523
-0.284257 0.42393
-0.283857 0.424337
-0.283457 0.424743
-0.283057 0.425149
-0.282657 0.425555
-0.282256 0.42596
-0.281856 0.426365
-0.281456 0.42677
-0.281056 0.427174
-0.280656 0.427578
-0.280256 0.427982
-0.279856 0.428385
-0.279456 0.428788
-0.279056 0.42919
-0.278656 0.429592
-0.278256 0.429994
-0.277856 0.430395
-0.277455 0.430796
-0.277055 0.431197
-0.276655 0.431597
-0.276255 0.431997
-0.275855 0.432397
-0.275455 0.432796
-0.275055 0.433195
-0.274655 0.433593
-0.274255 0.433991
-0.273855 0.434389
-0.273455 0.434786
-0.273055 0.435183
-0.272655 0.435579
-0.272254 0.435976
-0.271854 0.436371
-0.271454 0.436767
-0.271054 0.437162
-0.270654 0.437556
-0.270254 0.437951
-0.269854 0.438344
-0.269454 0.438738
-0.269054 0.439131
-0.268654 0.439524
-0.268254 0.439916
-0.267854 0.440308
-0.267453 0.440699
-0.267053 0.44109
-0.266653 0.441481
-0.266253 0.441871
-0.265853 0.442261
-0.265453 0.442651
-0.265053 0.44304
-0.264653 0.443428
-0.264253 0.443817
-0.263853 0.444205
-0.263453 0.444592
-0.263053 0.444979
-0.262653 0.445366
-0.262252 0.445752
-0.261852 0.446138
-0.261452 0.446523
-0.261052 0.446908
-0.260652 0.447293
-0.260252 0.447677
-0.259852 0.44806
-0.259452 0.448444
-0.259052 0.448826
-0.258652 0.449209
-0.258252 0.449591
-0.257852 0.449973
-0.257451 0.450354
-0.257051 0.450734
-0.256651 0.451115
-0.256251 0.451495
-0.255851 0.451874
-0.255451 0.452253
-0.255051 0.452632
-0.254651 0.45301
-0.254251 0.453387
-0.253851 0.453765
-0.253451 0.454141
-0.253051 0.454518
-0.252651 0.454894
-0.25225 0.455269
-0.25185 0.455644
-0.25145 0.456019
-0.25105 0.456393
-0.25065 0.456767
-0.25025 0.45714
-0.24985 0.457513
-0.24945 0.457885
-0.24905 0.458257
-0.24865 0.458628
-0.24825 0.458999
-0.24785 0.45937
-0.247449 0.45974
-0.247049 0.460109
-0.246649 0.460478
-0.246249 0.460847
-0.245849 0.461215
-0.245449 0.461583
-0.245049 0.46195
-0.244649 0.462317
-0.244249 0.462683
-0.243849 0.463049
-0.243449 0.463414
-0.243049 0.463779
-0.242649 0.464144
-0.242248 0.464508
-0.241848 0.464871
-0.241448 0.465234
-0.241048 0.465597
-0.240648 0.465959
-0.240248 0.46632
-0.239848 0.466681
-0.239448 0.467042
-0.239048 0.467402
-0.238648 0.467762
-0.238248 0.468121
-0.237848 0.468479
-0.237447 0.468837
-0.237047 0.469195
-0.236647 0.469552
-0.236247 0.469909
-0.235847 0.470265
-0.235447 0.470621
-0.235047 0.470976
-0.234647 0.47133
-0.234247 0.471684
-0.233847 0.472038
-0.233447 0.472391
-0.233047 0.472744
-0.232647 0.473096
-0.232246 0.473448
-0.231846 0.473799
-0.231446 0.474149
-0.231046 0.474499
-0.230646 0.474849
-0.230246 0.475198
-0.229846 0.475546
-0.229446 0.475895
-0.229046 0.476242
-0.228646 0.476589
-0.228246 0.476935
-0.227846 0.477281
-0.227445 0.477627
-0.227045 0.477972
-0.226645 0.478316
-0.226245 0.47866
-0.225845 0.479003
-0.225445 0.479346
-0.225045 0.479688
-0.224645 0.48003
-0.224245 0.480371
-0.223845 0.480712
-0.223445 0.481052
-0.223045 0.481391
-0.222645 0.48173
-0.222244 0.482069
-0.221844 0.482407
-0.221444 0.482744
-0.221044 0.483081
-0.220644 0.483417
-0.220244 0.483753
-0.219844 0.484088
-0.219444 0.484423
-0.219044 0.484757
-0.218644 0.485091
-0.218244 0.485424
-0.217844 0.485756
-0.217443 0.486088
-0.217043 0.486419
-0.216643 0.48675
-0.216243 0.48708
-0.215843 0.48741
-0.215443 0.487739
-0.215043 0.488068
-0.214643 0.488396
-0.214243 0.488723
-0.213843 0.48905
-0.213443 0.489376
-0.213043 0.489702
-0.212643 0.490027
-0.212242 0.490352
-0.211842 0.490676
-0.211442 0.490999
-0.211042 0.491322
-0.210642 0.491644
-0.210242 0.491966
-0.209842 0.492287
-0.209442 0.492607
-0.209042 0.492927
-0.208642 0.493247
-0.208242 0.493566
-0.207842 0.493884
-0.207441 0.494201
-0.207041 0.494518
-0.206641 0.494835
-0.206241 0.495151
-0.205841 0.495466
-0.205441 0.49578
-0.205041 0.496095
-0.204641 0.496408
-0.204241 0.496721
-0.203841 0.497033
-0.203441 0.497345
-0.203041 0.497656
-0.202641 0.497966
-0.20224 0.498276
-0.20184 0.498585
-0.20144 0.498894
-0.20104 0.499202
-0.20064 0.499509
-0.20024 0.499816
-0.19984 0.500122
-0.19944 0.500428
-0.19904 0.500733
-0.19864 0.501037
-0.19824 0.501341
-0.19784 0.501644
-0.197439 0.501947
-0.197039 0.502249
-0.196639 0.50255
-0.196239 0.502851
-0.195839 0.503151
-0.195439 0.50345
-0.195039 0.503749
-0.194639 0.504047
-0.194239 0.504345
-0.193839 0.504642
-0.193439 0.504938
-0.193039 0.505234
-0.192639 0.505529
-0.192238 0.505824
-0.191838 0.506118
-0.191438 0.506411
-0.191038 0.506704
-0.190638 0.506996
-0.190238 0.507287
-0.189838 0.507578
-0.189438 0.507869
-0.189038 0.508158
-0.188638 0.508447
-0.188238 0.508736
-0.187838 0.509024
-0.187437 0.509311
-0.187037 0.509597
-0.186637 0.509883
-0.186237 0.510169
-0.185837 0.510453
-0.185437 0.510738
-0.185037 0.511021
-0.184637 0.511304
-0.184237 0.511586
-0.183837 0.511868
-0.183437 0.512149
-0.183037 0.51243
-0.182637 0.512709
-0.182236 0.512989
-0.181836 0.513267
-0.181436 0.513545
-0.181036 0.513823
-0.180636 0.5141
-0.180236 0.514376
-0.179836 0.514651
-0.179436 0.514926
-0.179036 0.515201
-0.178636 0.515474
-0.178236 0.515748
-0.177836 0.51602
-0.177435 0.516292
-0.177035 0.516563
-0.176635 0.516834
-0.176235 0.517104
-0.175835 0.517373
-0.175435 0.517642
-0.175035 0.517911
-0.174635 0.518178
-0.174235 0.518445
-0.173835 0.518712
-0.173435 0.518977
-0.173035 0.519242
-0.172635 0.519507
-0.172234 0.519771
-0.171834 0.520034
-0.171434 0.520297
-0.171034 0.520559
-0.170634 0.520821
-0.170234 0.521081
-0.169834 0.521342
-0.169434 0.521601
-0.169034 0.52186
-0.168634 0.522119
-0.168234 0.522377
-0.167834 0.522634
-0.167433 0.52289
-0.167033 0.523146
-0.166633 0.523402
-0.166233 0.523657
-0.165833 0.523911
-0.165433 0.524164
-0.165033 0.524417
-0.164633 0.524669
-0.164233 0.524921
-0.163833 0.525172
-0.163433 0.525423
-0.163033 0.525673
-0.162633 0.525922
-0.162232 0.52617
-0.161832 0.526418
-0.161432 0.526666
-0.161032 0.526913
-0.160632 0.527159
-0.160232 0.527404
-0.159832 0.527649
-0.159432 0.527894
-0.159032 0.528137
-0.158632 0.528381
-0.158232 0.528623
-0.157832 0.528865
-0.157431 0.529106
-0.157031 0.529347
-0.156631 0.529587
-0.156231 0.529826
-0.155831 0.530065
-0.155431 0.530303
-0.155031 0.530541
-0.154631 0.530778
-0.154231 0.531014
-0.153831 0.53125
-0.153431 0.531485
-0.153031 0.53172
-0.152631 0.531954
-0.15223 0.532187
-0.15183 0.53242
-0.15143 0.532652
-0.15103 0.532883
-0.15063 0.533114
-0.15023 0.533345
-0.14983 0.533574
-0.14943 0.533803
-0.14903 0.534032
-0.14863 0.53426
-0.14823 0.534487
-0.14783 0.534713
-0.147429 0.534939
-0.147029 0.535165
-0.146629 0.535389
-0.146229 0.535614
-0.145829 0.535837
-0.145429 0.53606
-0.145029 0.536282
-0.144629 0.536504
-0.144229 0.536725
-0.143829 0.536945
-0.143429 0.537165
-0.143029 0.537385
-0.142629 0.537603
-0.142228 0.537821
-0.141828 0.538039
-0.141428 0.538255
-0.141028 0.538472
-0.140628 0.538687
-0.140228 0.538902
-0.139828 0.539116
-0.139428 0.53933
-0.139028 0.539543
-0.138628 0.539756
-0.138228 0.539968
-0.137828 0.540179
-0.137427 0.54039
-0.137027 0.5406
-0.136627 0.540809
-0.136227 0.541018
-0.135827 0.541226
-0.135427 0.541434
-0.135027 0.541641
-0.134627 0.541847
-0.134227 0.542053
-0.133827 0.542258
-0.133427 0.542462
-0.133027 0.542666
-0.132627 0.54287
-0.132226 0.543072
-0.131826 0.543275
-0.131426 0.543476
-0.131026 0.543677
-0.130626 0.543877
-0.130226 0.544077
-0.129826 0.544276
-0.129426 0.544474
-0.129026 0.544672
-0.128626 0.544869
-0.128226 0.545066
-0.127826 0.545262
-0.127425 0.545457
-0.127025 0.545652
-0.126625 0.545846
-0.126225 0.546039
-0.125825 0.546232
-0.125425 0.546425
-0.125025 0.546616
-0.124625 0.546807
-0.124225 0.546998
-0.123825 0.547188
-0.123425 0.547377
-0.123025 0.547566
-0.122625 0.547754
-0.122224 0.547941
-0.121824 0.548128
-0.121424 0.548314
-0.121024 0.548499
-0.120624 0.548684
-0.120224 0.548869
-0.119824 0.549052
-0.119424 0.549236
-0.119024 0.549418
-0.118624 0.5496
-0.118224 0.549781
-0.117824 0.549962
-0.117423 0.550142
-0.117023 0.550321
-0.116623 0.5505
-0.116223 0.550678
-0.115823 0.550856
-0.115423 0.551033
-0.115023 0.551209
-0.114623 0.551385
-0.114223 0.55156
-0.113823 0.551735
-0.113423 0.551909
-0.113023 0.552082
-0.112623 0.552255
-0.112222 0.552427
-0.111822 0.552598
-0.111422 0.552769
-0.111022 0.552939
-0.110622 0.553109
-0.110222 0.553278
-0.109822 0.553446
-0.109422 0.553614
-0.109022 0.553781
-0.108622 0.553948
-0.108222 0.554114
-0.107822 0.554279
-0.107421 0.554444
-0.107021 0.554608
-0.106621 0.554772
-0.106221 0.554934
-0.105821 0.555097
-0.105421 0.555258
-0.105021 0.555419
-0.104621 0.55558
-0.104221 0.55574
-0.103821 0.555899
-0.103421 0.556058
-0.103021 0.556216
-0.102621 0.556373
-0.10222 0.55653
-0.10182 0.556686
-0.10142 0.556841
-0.10102 0.556996
-0.10062 0.557151
-0.10022 0.557304
-0.09982 0.557457
-0.0994199 0.55761
-0.0990198 0.557762
-0.0986197 0.557913
-0.0982196 0.558064
-0.0978196 0.558214
-0.0974195 0.558363
-0.0970194 0.558512
-0.0966193 0.55866
-0.0962192 0.558808
-0.0958192 0.558955
-0.0954191 0.559101
-0.095019 0.559247
-0.0946189 0.559392
-0.0942188 0.559537
-0.0938188 0.55968
-0.0934187 0.559824
-0.0930186 0.559966
-0.0926185 0.560109
-0.0922184 0.56025
-0.0918184 0.560391
-0.0914183 0.560531
-0.0910182 0.560671
-0.0906181 0.56081
-0.090218 0.560948
-0.089818 0.561086
-0.0894179 0.561223
-0.0890178 0.56136
-0.0886177 0.561496
-0.0882176 0.561631
-0.0878176 0.561766
-0.0874175 0.5619
-0.0870174 0.562033
-0.0866173 0.562166
-0.0862172 0.562298
-0.0858172 0.56243
-0.0854171 0.562561
-0.085017 0.562692
-0.0846169 0.562821
-0.0842168 0.562951
-0.0838168 0.563079
-0.0834167 0.563207
-0.0830166 0.563335
-0.0826165 0.563461
-0.0822164 0.563588
-0.0818164 0.563713
-0.0814163 0.563838
-0.0810162 0.563962
-0.0806161 0.564086
-0.080216 0.564209
-0.079816 0.564332
-0.0794159 0.564453
-0.0790158 0.564575
-0.0786157 0.564695
-0.0782156 0.564815
-0.0778156 0.564935
-0.0774155 0.565054
-0.0770154 0.565172
-0.0766153 0.565289
-0.0762152 0.565406
-0.0758152 0.565523
-0.0754151 0.565638
-0.075015 0.565754
-0.0746149 0.565868
-0.0742148 0.565982
-0.0738148 0.566095
-0.0734147 0.566208
-0.0730146 0.56632
-0.0726145 0.566431
-0.0722144 0.566542
-0.0718144 0.566653
-0.0714143 0.566762
-0.0710142 0.566871
-0.0706141 0.56698
-0.070214 0.567087
-0.069814 0.567194
-0.0694139 0.567301
-0.0690138 0.567407
-0.0686137 0.567512
-0.0682136 0.567617
-0.0678136 0.567721
-0.0674135 0.567825
-0.0670134 0.567928
-0.0666133 0.56803
-0.0662132 0.568131
-0.0658132 0.568233
-0.0654131 0.568333
-0.065013 0.568433
-0.0646129 0.568532
-0.0642128 0.568631
-0.0638128 0.568729
-0.0634127 0.568826
-0.0630126 0.568923
-0.0626125 0.569019
-0.0622124 0.569114
-0.0618124 0.569209
-0.0614123 0.569304
-0.0610122 0.569397
-0.0606121 0.56949
-0.060212 0.569583
-0.059812 0.569675
-0.0594119 0.569766
-0.0590118 0.569857
-0.0586117 0.569947
-0.0582116 0.570036
-0.0578116 0.570125
-0.0574115 0.570213
-0.0570114 0.570301
-0.0566113 0.570388
-0.0562112 0.570474
-0.0558112 0.57056
-0.0554111 0.570645
-0.055011 0.570729
-0.0546109 0.570813
-0.0542108 0.570896
-0.0538108 0.570979
-0.0534107 0.571061
-0.0530106 0.571143
-0.0526105 0.571223
-0.0522104 0.571304
-0.0518104 0.571383
-0.0514103 0.571462
-0.0510102 0.571541
-0.0506101 0.571618
-0.05021 0.571696
-0.04981 0.571772
-0.0494099 0.571848
-0.0490098 0.571923
-0.0486097 0.571998
-0.0482096 0.572072
-0.0478096 0.572146
-0.0474095 0.572219
-0.0470094 0.572291
-0.0466093 0.572362
-0.0462092 0.572434
-0.0458092 0.572504
-0.0454091 0.572574
-0.045009 0.572643
-0.0446089 0.572712
-0.0442088 0.57278
-0.0438088 0.572847
-0.0434087 0.572914
-0.0430086 0.57298
-0.0426085 0.573045
-0.0422084 0.57311
-0.0418084 0.573174
-0.0414083 0.573238
-0.0410082 0.573301
-0.0406081 0.573364
-0.040208 0.573426
-0.039808 0.573487
-0.0394079 0.573547
-0.0390078 0.573607
-0.0386077 0.573667
-0.0382076 0.573726
-0.0378076 0.573784
-0.0374075 0.573841
-0.0370074 0.573898
-0.0366073 0.573955
-0.0362072 0.57401
-0.0358072 0.574066
-0.0354071 0.57412
-0.035007 0.574174
-0.0346069 0.574227
-0.0342068 0.57428
-0.0338068 0.574332
-0.0334067 0.574383
-0.0330066 0.574434
-0.0326065 0.574484
-0.0322064 0.574534
-0.0318064 0.574583
-0.0314063 0.574631
-0.0310062 0.574679
-0.0306061 0.574726
-0.030206 0.574773
-0.029806 0.574819
-0.0294059 0.574864
-0.0290058 0.574909
-0.0286057 0.574953
-0.0282056 0.574996
-0.0278056 0.575039
-0.0274055 0.575081
-0.0270054 0.575123
-0.0266053 0.575164
-0.0262052 0.575205
-0.0258052 0.575244
-0.0254051 0.575284
-0.025005 0.575322
-0.0246049 0.57536
-0.0242048 0.575397
-0.0238048 0.575434
-0.0234047 0.57547
-0.0230046 0.575506
-0.0226045 0.575541
-0.0222044 0.575575
-0.0218044 0.575609
-0.0214043 0.575642
-0.0210042 0.575674
-0.0206041 0.575706
-0.020204 0.575737
-0.019804 0.575768
-0.0194039 0.575798
-0.0190038 0.575827
-0.0186037 0.575856
-0.0182036 0.575884
-0.0178036 0.575912
-0.0174035 0.575939
-0.0170034 0.575965
-0.0166033 0.575991
-0.0162032 0.576016
-0.0158032 0.57604
-0.0154031 0.576064
-0.015003 0.576088
-0.0146029 0.57611
-0.0142028 0.576132
-0.0138028 0.576154
-0.0134027 0.576175
-0.0130026 0.576195
-0.0126025 0.576214
-0.0122024 0.576233
-0.0118024 0.576252
-0.0114023 0.57627
-0.0110022 0.576287
-0.0106021 0.576303
-0.010202 0.576319
-0.00980196 0.576334
-0.00940188 0.576349
-0.0090018 0.576363
-0.00860172 0.576377
-0.00820164 0.57639
-0.00780156 0.576402
-0.00740148 0.576413
-0.0070014 0.576424
-0.00660132 0.576435
-0.00620124 0.576445
-0.00580116 0.576454
-0.00540108 0.576462
-0.005001 0.57647
-0.00460092 0.576478
-0.00420084 0.576484
-0.00380076 0.576491
-0.00340068 0.576496
-0.0030006 0.576501
-0.00260052 0.576505
-0.00220044 0.576509
-0.00180036 0.576512
-0.00140028 0.576514
-0.0010002 0.576516
-0.00060012 0.576518
-0.00020004 0.576518
0.00020004 0.576518
0.00060012 0.576518
0.0010002 0.576516
0.00140028 0.576514
0.00180036 0.576512
0.00220044 0.576509
0.00260052 0.576505
0.0030006 0.576501
0.00340068 0.576496
0.00380076 0.576491
0.00420084 0.576484
0.00460092 0.576478
0.005001 0.57647
0.00540108 0.576462
0.00580116 0.576454
0.00620124 0.576445
0.00660132 0.576435
0.0070014 0.576424
0.00740148 0.576413
0.00780156 0.576402
0.00820164 0.57639
0.00860172 0.576377
0.0090018 0.576363
0.00940188 0.576349
0.00980196 0.576334
0.010202 0.576319
0.0106021 0.576303
0.0110022 0.576287
0.0114023 0.57627
0.0118024 0.576252
0.0122024 0.576233
0.0126025 0.576214
0.0130026 0.576195
0.0134027 0.576175
0.0138028 0.576154
0.0142028 0.576132
0.0146029 0.57611
0.015003 0.576088
0.0154031 0.576064
0.0158032 0.57604
0.0162032 0.576016
0.0166033 0.575991
0.0170034 0.575965
0.0174035 0.575939
0.0178036 0.575912
0.0182036 0.575884
0.0186037 0.575856
0.0190038 0.575827
0.0194039 0.575798
0.019804 0.575768
0.020204 0.575737
0.0206041 0.575706
0.0210042 0.575674
0.0214043 0.575642
0.0218044 0.575609
0.0222044 0.575575
0.0226045 0.575541
0.0230046 0.575506
0.0234047 0.57547
0.0238048 0.575434
0.0242048 0.575397
0.0246049 0.57536
0.025005 0.575322
0.0254051 0.575284
0.0258052 0.575244
0.0262052 0.575205
0.0266053 0.575164
0.0270054 0.575123
0.0274055 0.575081
0.0278056 0.575039
0.0282056 0.574996
0.0286057 0.574953
0.0290058 0.574909
0.0294059 0.574864
0.029806 0.574819
0.030206 0.574773
0.0306061 0.574726
0.0310062 0.574679
0.0314063 0.574631
0.0318064 0.574583
0.0322064 0.574534
0.0326065 0.574484
0.0330066 0.574434
0.0334067 0.574383
0.0338068 0.574332
0.0342068 0.57428
0.0346069 0.574227
0.035007 0.574174
0.0354071 0.57412
0.0358072 0.574066
0.0362072 0.57401
0.0366073 0.573955
0.0370074 0.573898
0.0374075 0.573841
0.0378076 0.573784
0.0382076 0.573726
0.0386077 0.573667
0.0390078 0.573607
0.0394079 0.573547
0.039808 0.573487
0.040208 0.573426
0.0406081 0.573364
0.0410082 0.573301
0.0414083 0.573238
0.0418084 0.573174
0.0422084 0.57311
0.0426085 0.573045
0.0430086 0.57298
0.0434087 0.572914
0.0438088 0.572847
0.0442088 0.57278
0.0446089 0.572712
0.045009 0.572643
0.0454091 0.572574
0.0458092 0.572504
0.0462092 0.572434
0.0466093 0.572362
0.0470094 0.572291
0.0474095 0.572219
0.0478096 0.572146
0.0482096 0.572072
0.0486097 0.571998
0.0490098 0.571923
0.0494099 0.571848
0.04981 0.571772
0.05021 0.571696
0.0506101 0.571618
0.0510102 0.571541
0.0514103 0.571462
0.0518104 0.571383
0.0522104 0.571304
0.0526105 0.571223
0.0530106 0.571143
0.0534107 0.571061
0.0538108 0.570979
0.0542108 0.570896
0.0546109 0.570813
0.055011 0.570729
0.0554111 0.570645
0.0558112 0.57056
0.0562112 0.570474
0.0566113 0.570388
0.0570114 0.570301
0.0574115 0.570213
0.0578116 0.570125
0.0582116 0.570036
0.0586117 0.569947
0.0590118 0.569857
0.0594119 0.569766
0.059812 0.569675
0.060212 0.569583
0.0606121 0.56949
0.0610122 0.569397
0.0614123 0.569304
0.0618124 0.569209
0.0622124 0.569114
0.0626125 0.569019
0.0630126 0.568923
0.0634127 0.568826
0.0638128 0.568729
0.0642128 0.568631
0.0646129 0.568532
0.065013 0.568433
0.0654131 0.568333
0.0658132 0.568233
0.0662132 0.568131
0.0666133 0.56803
0.0670134 0.567928
0.0674135 0.567825
0.0678136 0.567721
0.0682136 0.567617
0.0686137 0.567512
0.0690138 0.567407
0.0694139 0.567301
0.069814 0.567194
0.070214 0.567087
0.0706141 0.56698
0.0710142 0.566871
0.0714143 0.566762
0.0718144 0.566653
0.0722144 0.566542
0.0726145 0.566431
0.0730146 0.56632
0.0734147 0.566208
0.0738148 0.566095
0.0742148 0.565982
0.0746149 0.565868
0.075015 0.565754
0.0754151 0.565638
0.0758152 0.565523
0.0762152 0.565406
0.0766153 0.565289
0.0770154 0.565172
0.0774155 0.565054
0.0778156 0.564935
0.0782156 0.564815
0.0786157 0.564695
0.0790158 0.564575
0.0794159 0.564453
0.079816 0.564332
0.080216 0.564209
0.0806161 0.564086
0.0810162 0.563962
0.0814163 0.563838
0.0818164 0.563713
0.0822164 0.563588
0.0826165 0.563461
0.0830166 0.563335
0.0834167 0.563207
0.0838168 0.563079
0.0842168 0.562951
0.0846169 0.562821
0.085017 0.562692
0.0854171 0.562561
0.0858172 0.56243
0.0862172 0.562298
0.0866173 0.562166
0.0870174 0.562033
0.0874175 0.5619
0.0878176 0.561766
0.0882176 0.561631
0.0886177 0.561496
0.0890178 0.56136
0.0894179 0.561223
0.089818 0.561086
0.090218 0.560948
0.0906181 0.56081
0.0910182 0.560671
0.0914183 0.560531
0.0918184 0.560391
0.0922184 0.56025
0.0926185 0.560109
0.0930186 0.559966
0.0934187 0.559824
0.0938188 0.55968
0.0942188 0.559537
0.0946189 0.559392
0.095019 0.559247
0.0954191 0.559101
0.0958192 0.558955
0.0962192 0.558808
0.0966193 0.55866
0.0970194 0.558512
0.0974195 0.558363
0.0978196 0.558214
0.0982196 0.558064
0.0986197 0.557913
0.0990198 0.557762
0.0994199 0.55761
0.09982 0.557457
0.10022 0.557304
0.10062 0.557151
0.10102 0.556996
0.10142 0.556841
0.10182 0.556686
0.10222 0.55653
0.102621 0.556373
0.103021 0.556216
0.103421 0.556058
0.103821 0.555899
0.104221 0.55574
0.104621 0.55558
0.105021 0.555419
0.105421 0.555258
0.105821 0.555097
0.106221 0.554934
0.106621 0.554772
0.107021 0.554608
0.107421 0.554444
0.107822 0.554279
0.108222 0.554114
0.108622 0.553948
0.109022 0.553781
0.109422 0.553614
0.109822 0.553446
0.110222 0.553278
0.110622 0.553109
0.111022 0.552939
0.111422 0.552769
0.111822 0.552598
0.112222 0.552427
0.112623 0.552255
0.113023 0.552082
0.113423 0.551909
0.113823 0.551735
0.114223 0.55156
0.114623 0.551385
0.115023 0.551209
0.115423 0.551033
0.115823 0.550856
0.116223 0.550678
0.116623 0.5505
0.117023 0.550321
0.117423 0.550142
0.117824 0.549962
0.118224 0.549781
0.118624 0.5496
0.119024 0.549418
0.119424 0.549236
0.119824 0.549052
0.120224 0.548869
0.120624 0.548684
0.121024 0.548499
0.121424 0.548314
0.121824 0.548128
0.122224 0.547941
0.122625 0.547754
0.123025 0.547566
0.123425 0.547377
0.123825 0.547188
0.124225 0.546998
0.124625 0.546807
0.125025 0.546616
0.125425 0.546425
0.125825 0.546232
0.126225 0.546039
0.126625 0.545846
0.127025 0.545652
0.127425 0.545457
0.127826 0.545262
0.128226 0.545066
0.128626 0.544869
0.129026 0.544672
0.129426 0.544474
0.129826 0.544276
0.130226 0.544077
0.130626 0.543877
0.131026 0.543677
0.131426 0.543476
0.131826 0.543275
0.132226 0.543072
0.132627 0.54287
0.133027 0.542666
0.133427 0.542462
0.133827 0.542258
0.134227 0.542053
0.134627 0.541847
0.135027 0.541641
0.135427 0.541434
0.135827 0.541226
0.136227 0.541018
0.136627 0.540809
0.137027 0.5406
0.137427 0.54039
0.137828 0.540179
0.138228 0.539968
0.138628 0.539756
0.139028 0.539543
0.139428 0.53933
0.139828 0.539116
0.140228 0.538902
0.140628 0.538687
0.141028 0.538472
0.141428 0.538255
0.141828 0.538039
0.142228 0.537821
0.142629 0.537603
0.143029 0.537385
0.143429 0.537165
0.143829 0.536945
0.144229 0.536725
0.144629 0.536504
0.145029 0.536282
0.145429 0.53606
0.145829 0.535837
0.146229 0.535614
0.146629 0.535389
0.147029 0.535165
0.147429 0.534939
0.14783 0.534713
0.14823 0.534487
0.14863 0.53426
0.14903 0.534032
0.14943 0.533803
0.14983 0.533574
0.15023 0.533345
0.15063 0.533114
0.15103 0.532883
0.15143 0.532652
0.15183 0.53242
0.15223 0.532187
0.152631 0.531954
0.153031 0.53172
0.153431 0.531485
0.153831 0.53125
0.154231 0.531014
0.154631 0.530778
0.155031 0.530541
0.155431 0.530303
0.155831 0.530065
0.156231 0.529826
0.156631 0.529587
0.157031 0.529347
0.157431 0.529106
0.157832 0.528865
0.158232 0.528623
0.158632 0.528381
0.159032 0.528137
0.159432 0.527894
0.159832 0.527649
0.160232 0.527404
0.160632 0.527159
0.161032 0.526913
0.161432 0.526666
0.161832 0.526418
0.162232 0.52617
0.162633 0.525922
0.163033 0.525673
0.163433 0.525423
0.163833 0.525172
0.164233 0.524921
0.164633 0.524669
0.165033 0.524417
0.165433 0.524164
0.165833 0.523911
0.166233 0.523657
0.166633 0.523402
0.167033 0.523146
0.167433 0.52289
0.167834 0.522634
0.168234 0.522377
0.168634 0.522119
0.169034 0.52186
0.169434 0.521601
0.169834 0.521342
0.170234 0.521081
0.170634 0.520821
0.171034 0.520559
0.171434 0.520297
0.171834 0.520034
0.172234 0.519771
0.172635 0.519507
0.173035 0.519242
0.173435 0.518977
0.173835 0.518712
0.174235 0.518445
0.174635 0.518178
0.175035 0.517911
0.175435 0.517642
0.175835 0.517373
0.176235 0.517104
0.176635 0.516834
0.177035 0.516563
0.177435 0.516292
0.177836 0.51602
0.178236 0.515748
0.178636 0.515474
0.179036 0.515201
0.179436 0.514926
0.179836 0.514651
0.180236 0.514376
0.180636 0.5141
0.181036 0.513823
0.181436 0.513545
0.181836 0.513267
0.182236 0.512989
0.182637 0.512709
0.183037 0.51243
0.183437 0.512149
0.183837 0.511868
0.184237 0.511586
0.184637 0.511304
0.185037 0.511021
0.185437 0.510738
0.185837 0.510453
0.186237 0.510169
0.186637 0.509883
0.187037 0.509597
0.187437 0.509311
0.187838 0.509024
0.188238 0.508736
0.188638 0.508447
0.189038 0.508158
0.189438 0.507869
0.189838 0.507578
0.190238 0.507287
0.190638 0.506996
0.191038 0.506704
0.191438 0.506411
0.191838 0.506118
0.192238 0.505824
0.192639 0.505529
0.193039 0.505234
0.193439 0.504938
0.193839 0.504642
0.194239 0.504345
0.194639 0.504047
0.195039 0.503749
0.195439 0.50345
0.195839 0.503151
0.196239 0.502851
0.196639 0.50255
0.197039 0.502249
0.197439 0.501947
0.19784 0.501644
0.19824 0.501341
0.19864 0.501037
0.19904 0.500733
0.19944 0.500428
0.19984 0.500122
0.20024 0.499816
0.20064 0.499509
0.20104 0.499202
0.20144 0.498894
0.20184 0.498585
0.20224 0.498276
0.202641 0.497966
0.203041 0.497656
0.203441 0.497345
0.203841 0.497033
0.204241 0.496721
0.204641 0.496408
0.205041 0.496095
0.205441 0.49578
0.205841 0.495466
0.206241 0.495151
0.206641 0.494835
0.207041 0.494518
0.207441 0.494201
0.207842 0.493884
0.208242 0.493566
0.208642 0.493247
0.209042 0.492927
0.209442 0.492607
0.209842 0.492287
0.210242 0.491966
0.210642 0.491644
0.211042 0.491322
0.211442 0.490999
0.211842 0.490676
0.212242 0.490352
0.212643 0.490027
0.213043 0.489702
0.213443 0.489376
0.213843 0.48905
0.214243 0.488723
0.214643 0.488396
0.215043 0.488068
0.215443 0.487739
0.215843 0.48741
0.216243 0.48708
0.216643 0.48675
0.217043 0.486419
0.217443 0.486088
0.217844 0.485756
0.218244 0.485424
0.218644 0.485091
0.219044 0.484757
0.219444 0.484423
0.219844 0.484088
0.220244 0.483753
0.220644 0.483417
0.221044 0.483081
0.221444 0.482744
0.221844 0.482407
0.222244 0.482069
0.222645 0.48173
0.223045 0.481391
0.223445 0.481052
0.223845 0.480712
0.224245 0.480371
0.224645 0.48003
0.225045 0.479688
0.225445 0.479346
0.225845 0.479003
0.226245 0.47866
0.226645 0.478316
0.227045 0.477972
0.227445 0.477627
0.227846 0.477281
0.228246 0.476935
0.228646 0.476589
0.229046 0.476242
0.229446 0.475895
0.229846 0.475546
0.230246 0.475198
0.230646 0.474849
0.231046 0.474499
0.231446 0.474149
0.231846 0.473799
0.232246 0.473448
0.232647 0.473096
0.233047 0.472744
0.233447 0.472391
0.233847 0.472038
0.234247 0.471684
0.234647 0.47133
0.235047 0.470976
0.235447 0.470621
0.235847 0.470265
0.236247 0.469909
0.236647 0.469552
0.237047 0.469195
0.237447 0.468837
0.237848 0.468479
0.238248 0.468121
0.238648 0.467762
0.239048 0.467402
0.239448 0.467042
0.239848 0.466681
0.240248 0.46632
0.240648 0.465959
0.241048 0.465597
0.241448 0.465234
0.241848 0.464871
0.242248 0.464508
0.242649 0.464144
0.243049 0.463779
0.243449 0.463414
0.243849 0.463049
0.244249 0.462683
0.244649 0.462317
0.245049 0.46195
0.245449 0.461583
0.245849 0.461215
0.246249 0.460847
0.246649 0.460478
0.247049 0.460109
0.247449 0.45974
0.24785 0.45937
0.24825 0.458999
0.24865 0.458628
0.24905 0.458257
0.24945 0.457885
0.24985 0.457513
0.25025 0.45714
0.25065 0.456767
0.25105 0.456393
0.25145 0.456019
0.25185 0.455644
0.25225 0.455269
0.252651 0.454894
0.253051 0.454518
0.253451 0.454141
0.253851 0.453765
0.254251 0.453387
0.254651 0.45301
0.255051 0.452632
0.255451 0.452253
0.255851 0.451874
0.256251 0.451495
0.256651 0.451115
0.257051 0.450734
0.257451 0.450354
0.257852 0.449973
0.258252 0.449591
0.258652 0.449209
0.259052 0.448826
0.259452 0.448444
0.259852 0.44806
0.260252 0.447677
0.260652 0.447293
0.261052 0.446908
0.261452 0.446523
0.261852 0.446138
0.262252 0.445752
0.262653 0.445366
0.263053 0.444979
0.263453 0.444592
0.263853 0.444205
0.264253 0.443817
0.264653 0.443428
0.265053 0.44304
0.265453 0.442651
0.265853 0.442261
0.266253 0.441871
0.266653 0.441481
0.267053 0.44109
0.267453 0.440699
0.267854 0.440308
0.268254 0.439916
0.268654 0.439524
0.269054 0.439131
0.269454 0.438738
0.269854 0.438344
0.270254 0.437951
0.270654 0.437556
0.271054 0.437162
0.271454 0.436767
0.271854 0.436371
0.272254 0.435976
0.272655 0.435579
0.273055 0.435183
0.273455 0.434786
0.273855 0.434389
0.274255 0.433991
0.274655 0.433593
0.275055 0.433195
0.275455 0.432796
0.275855 0.432397
0.276255 0.431997
0.276655 0.431597
0.277055 0.431197
0.277455 0.430796
0.277856 0.430395
0.278256 0.429994
0.278656 0.429592
0.279056 0.42919
0.279456 0.428788
0.279856 0.428385
0.280256 0.427982
0.280656 0.427578
0.281056 0.427174
0.281456 0.42677
0.281856 0.426365
0.282256 0.42596
0.282657 0.425555
0.283057 0.425149
0.283457 0.424743
0.283857 0.424337
0.284257 0.42393
0.284657 0.423523
0.285057 0.423116
0.285457 0.422708
0.285857 0.4223
0.286257 0.421892
0.286657 0.421483
0.287057 0.421074
0.287457 0.420665
0.287858 0.420255
0.288258 0.419845
0.288658 0.419434
0.289058 0.419024
0.289458 0.418613
0.289858 0.418201
0.290258 0.41779
0.290658 0.417378
0.291058 0.416965
0.291458 0.416552
0.291858 0.416139
0.292258 0.415726
0.292659 0.415312
0.293059 0.414899
0.293459 0.414484
0.293859 0.41407
0.294259 0.413655
0.294659 0.41324
0.295059 0.412824
0.295459 0.412408
0.295859 0.411992
0.296259 0.411576
0.296659 0.411159
0.297059 0.410742
0.297459 0.410324
0.29786 0.409907
0.29826 0.409489
0.29866 0.40907
0.29906 0.408652
0.29946 0.408233
0.29986 0.407814
0.30026 0.407394
0.30066 0.406975
0.30106 0.406555
0.30146 0.406134
0.30186 0.405714
0.30226 0.405293
0.302661 0.404871
0.303061 0.40445
0.303461 0.404028
0.303861 0.403606
0.304261 0.403184
0.304661 0.402761
0.305061 0.402338
0.305461 0.401915
0.305861 0.401492
0.306261 0.401068
0.306661 0.400644
0.307061 0.40022
0.307461 0.399795
0.307862 0.39937
0.308262 0.398945
0.308662 0.39852
0.309062 0.398094
0.309462 0.397668
0.309862 0.397242
0.310262 0.396816
0.310662 0.396389
0.311062 0.395962
0.311462 0.395535
0.311862 0.395108
0.312262 0.39468
0.312663 0.394252
0.313063 0.393824
0.313463 0.393395
0.313863 0.392967
0.314263 0.392538
0.314663 0.392108
0.315063 0.391679
0.315463 0.391249
0.315863 0.390819
0.316263 0.390389
0.316663 0.389959
0.317063 0.389528
0.317463 0.389097
0.317864 0.388666
0.318264 0.388234
0.318664 0.387803
0.319064 0.387371
0.319464 0.386939
0.319864 0.386507
0.320264 0.386074
0.320664 0.385641
0.321064 0.385208
0.321464 0.384775
0.321864 0.384341
0.322264 0.383908
0.322665 0.383474
0.323065 0.38304
0.323465 0.382605
0.323865 0.382171
0.324265 0.381736
0.324665 0.381301
0.325065 0.380866
0.325465 0.38043
0.325865 0.379995
0.326265 0.379559
0.326665 0.379123
0.327065 0.378686
0.327465 0.37825
0.327866 0.377813
0.328266 0.377376
0.328666 0.376939
0.329066 0.376502
0.329466 0.376064
0.329866 0.375627
0.330266 0.375189
0.330666 0.374751
0.331066 0.374312
0.331466 0.373874
0.331866 0.373435
0.332266 0.372996
0.332667 0.372557
0.333067 0.372118
0.333467 0.371678
0.333867 0.371239
0.334267 0.370799
0.334667 0.370359
0.335067 0.369919
0.335467 0.369478
0.335867 0.369038
0.336267 0.368597
0.336667 0.368156
0.337067 0.367715
0.337467 0.367274
0.337868 0.366832
0.338268 0.366391
0.338668 0.365949
0.339068 0.365507
0.339468 0.365065
0.339868 0.364622
0.340268 0.36418
0.340668 0.363737
0.341068 0.363294
0.341468 0.362851
0.341868 0.362408
0.342268 0.361965
0.342669 0.361522
0.343069 0.361078
0.343469 0.360634
0.343869 0.36019
0.344269 0.359746
0.344669 0.359302
0.345069 0.358858
0.345469 0.358413
0.345869 0.357968
0.346269 0.357523
0.346669 0.357079
0.347069 0.356633
0.347469 0.356188
0.34787 0.355743
0.34827 0.355297
0.34867 0.354851
0.34907 0.354406
0.34947 0.35396
0.34987 0.353514
0.35027 0.353067
0.35067 0.352621
0.35107 0.352174
0.35147 0.351728
0.35187 0.351281
0.35227 0.350834
0.352671 0.350387
0.353071 0.34994
0.353471 0.349493
0.353871 0.349045
0.354271 0.348598
0.354671 0.34815
0.355071 0.347702
0.355471 0.347254
0.355871 0.346806
0.356271 0.346358
0.356671 0.34591
0.357071 0.345462
0.357471 0.345013
0.357872 0.344565
0.358272 0.344116
0.358672 0.343667
0.359072 0.343218
0.359472 0.342769
0.359872 0.34232
0.360272 0.341871
0.360672 0.341422
0.361072 0.340972
0.361472 0.340523
0.361872 0.340073
0.362272 0.339623
0.362673 0.339174
0.363073 0.338724
0.363473 0.338274
0.363873 0.337824
0.364273 0.337374
0.364673 0.336923
0.365073 0.336473
0.365473 0.336022
0.365873 0.335572
0.366273 0.335121
0.366673 0.334671
0.367073 0.33422
0.367473 0.333769
0.367874 0.333318
0.368274 0.332867
0.368674 0.332416
0.369074 0.331965
0.369474 0.331514
0.369874 0.331062
0.370274 0.330611
0.370674 0.330159
0.371074 0.329708
0.371474 0.329256
0.371874 0.328805
0.372274 0.328353
0.372675 0.327901
0.373075 0.327449
0.373475 0.326997
0.373875 0.326545
0.374275 0.326093
0.374675 0.325641
0.375075 0.325189
0.375475 0.324737
0.375875 0.324285
0.376275 0.323832
0.376675 0.32338
0.377075 0.322928
0.377475 0.322475
0.377876 0.322023
0.378276 0.32157
0.378676 0.321118
0.379076 0.320665
0.379476 0.320212
0.379876 0.31976
0.380276 0.319307
0.380676 0.318854
0.381076 0.318401
0.381476 0.317948
0.381876 0.317495
0.382276 0.317042
0.382677 0.31659
0.383077 0.316137
0.383477 0.315683
0.383877 0.31523
0.384277 0.314777
0.384677 0.314324
0.385077 0.313871
0.385477 0.313418
0.385877 0.312965
0.386277 0.312512
0.386677 0.312058
0.387077 0.311605
0.387477 0.311152
0.387878 0.310699
0.388278 0.310245
0.388678 0.309792
0.389078 0.309339
0.389478 0.308885
0.389878 0.308432
0.390278 0.307979
0.390678 0.307525
0.391078 0.307072
0.391478 0.306619
0.391878 0.306165
0.392278 0.305712
0.392679 0.305259
0.393079 0.304805
0.393479 0.304352
0.393879 0.303898
0.394279 0.303445
0.394679 0.302992
0.395079 0.302538
0.395479 0.302085
0.395879 0.301632
0.396279 0.301179
0.396679 0.300725
0.397079 0.300272
0.397479 0.299819
0.39788 0.299365
0.39828 0.298912
0.39868 0.298459
0.39908 0.298006
0.39948 0.297553
0.39988 0.2971
0.40028 0.296646
0.40068 0.296193
0.40108 0.29574
0.40148 0.295287
0.40188 0.294834
0.40228 0.294381
0.402681 0.293928
0.403081 0.293475
0.403481 0.293022
0.403881 0.29257
0.404281 0.292117
0.404681 0.291664
0.405081 0.291211
0.405481 0.290759
0.405881 0.290306
0.406281 0.289853
0.406681 0.289401
0.407081 0.288948
0.407481 0.288496
0.407882 0.288043
0.408282 0.287591
0.408682 0.287139
0.409082 0.286686
0.409482 0.286234
0.409882 0.285782
0.410282 0.28533
0.410682 0.284878
0.411082 0.284426
0.411482 0.283974
0.411882 0.283522
0.412282 0.28307
0.412683 0.282618
0.413083 0.282167
0.413483 0.281715
0.413883 0.281264
0.414283 0.280812
0.414683 0.280361
0.415083 0.279909
0.415483 0.279458
0.415883 0.279007
0.416283 0.278556
0.416683 0.278105
0.417083 0.277654
0.417483 0.277203
0.417884 0.276752
0.418284 0.276301
0.418684 0.275851
0.419084 0.2754
0.419484 0.27495
0.419884 0.274499
0.420284 0.274049
0.420684 0.273599
0.421084 0.273149
0.421484 0.272699
0.421884 0.272249
0.422284 0.271799
0.422685 0.271349
0.423085 0.270899
0.423485 0.27045
0.423885 0.27
0.424285 0.269551
0.424685 0.269102
0.425085 0.268653
0.425485 0.268204
0.425885 0.267755
0.426285 0.267306
0.426685 0.266857
0.427085 0.266408
0.427485 0.26596
0.427886 0.265512
0.428286 0.265063
0.428686 0.264615
0.429086 0.264167
0.429486 0.263719
0.429886 0.263271
0.430286 0.262824
0.430686 0.262376
0.431086 0.261929
0.431486 0.261481
0.431886 0.261034
0.432286 0.260587
0.432687 0.26014
0.433087 0.259693
0.433487 0.259246
0.433887 0.2588
0.434287 0.258353
0.434687 0.257907
0.435087 0.257461
0.435487 0.257015
0.435887 0.256569
0.436287 0.256123
0.436687 0.255678
0.437087 0.255232
0.437487 0.254787
0.437888 0.254342
0.438288 0.253897
0.438688 0.253452
0.439088 0.253007
0.439488 0.252562
0.439888 0.252118
0.440288 0.251674
0.440688 0.25123
0.441088 0.250786
0.441488 0.250342
0.441888 0.249898
0.442288 0.249454
0.442689 0.249011
0.443089 0.248568
0.443489 0.248125
0.443889 0.247682
0.444289 0.247239
0.444689 0.246797
0.445089 0.246354
0.445489 0.245912
0.445889 0.24547
0.446289 0.245028
0.446689 0.244586
0.447089 0.244145
0.447489 0.243704
0.44789 0.243262
0.44829 0.242821
0.44869 0.242381
0.44909 0.24194
0.44949 0.241499
0.44989 0.241059
0.45029 0.240619
0.45069 0.240179
0.45109 0.239739
0.45149 0.2393
0.45189 0.238861
0.45229 0.238421
0.452691 0.237982
0.453091 0.237544
0.453491 0.237105
0.453891 0.236667
0.454291 0.236228
0.454691 0.23579
0.455091 0.235353
0.455491 0.234915
0.455891 0.234478
0.456291 0.23404
0.456691 0.233603
0.457091 0.233167
0.457491 0.23273
0.457892 0.232294
0.458292 0.231857
0.458692 0.231421
0.459092 0.230986
0.459492 0.23055
0.459892 0.230115
0.460292 0.22968
0.460692 0.229245
0.461092 0.22881
0.461492 0.228376
0.461892 0.227941
0.462292 0.227507
0.462693 0.227074
0.463093 0.22664
0.463493 0.226207
0.463893 0.225774
0.464293 0.225341
0.464693 0.224908
0.465093 0.224476
0.465493 0.224043
0.465893 0.223612
0.466293 0.22318
0.466693 0.222748
0.467093 0.222317
0.467493 0.221886
0.467894 0.221455
0.468294 0.221025
0.468694 0.220594
0.469094 0.220164
0.469494 0.219734
0.469894 0.219305
0.470294 0.218876
0.470694 0.218447
0.471094 0.218018
0.471494 0.217589
0.471894 0.217161
0.472294 0.216733
0.472695 0.216305
0.473095 0.215877
0.473495 0.21545
0.473895 0.215023
0.474295 0.214596
0.474695 0.21417
0.475095 0.213743
0.475495 0.213317
0.475895 0.212892
0.476295 0.212466
0.476695 0.212041
0.477095 0.211616
0.477495 0.211191
0.477896 0.210767
0.478296 0.210343
0.478696 0.209919
0.479096 0.209496
0.479496 0.209072
0.479896 0.208649
0.480296 0.208226
0.480696 0.207804
0.481096 0.207382
0.481496 0.20696
0.481896 0.206538
0.482296 0.206117
0.482697 0.205696
0.483097 0.205275
0.483497 0.204855
0.483897 0.204435
0.484297 0.204015
0.484697 0.203595
0.485097 0.203176
0.485497 0.202757
0.485897 0.202338
0.486297 0.20192
0.486697 0.201502
0.487097 0.201084
0.487497 0.200666
0.487898 0.200249
0.488298 0.199832
0.488698 0.199416
0.489098 0.198999
0.489498 0.198583
0.489898 0.198168
0.490298 0.197752
0.490698 0.197337
0.491098 0.196923
0.491498 0.196508
0.491898 0.196094
0.492298 0.19568
0.492699 0.195267
0.493099 0.194854
0.493499 0.194441
0.493899 0.194028
0.494299 0.193616
0.494699 0.193204
0.495099 0.192793
0.495499 0.192381
0.495899 0.191971
0.496299 0.19156
0.496699 0.19115
0.497099 0.19074
0.497499 0.19033
0.4979 0.189921
0.4983 0.189512
0.4987 0.189104
0.4991 0.188696
0.4995 0.188288
0.4999 0.18788
0.5003 0.187473
0.5007 0.187066
0.5011 0.18666
0.5015 0.186254
0.5019 0.185848
0.5023 0.185442
0.502701 0.185037
0.503101 0.184632
0.503501 0.184228
0.503901 0.183824
0.504301 0.18342
0.504701 0.183017
0.505101 0.182614
0.505501 0.182211
0.505901 0.181809
0.506301 0.181407
0.506701 0.181006
0.507101 0.180605
0.507502 0.180204
0.507902 0.179803
0.508302 0.179403
0.508702 0.179004
0.509102 0.178604
0.509502 0.178205
0.509902 0.177807
0.510302 0.177408
0.510702 0.177011
0.511102 0.176613
0.511502 0.176216
0.511902 0.175819
0.512302 0.175423
0.512703 0.175027
0.513103 0.174632
0.513503 0.174236
0.513903 0.173842
0.514303 0.173447
0.514703 0.173053
0.515103 0.17266
0.515503 0.172266
0.515903 0.171873
0.516303 0.171481
0.516703 0.171089
0.517103 0.170697
0.517504 0.170306
0.517904 0.169915
0.518304 0.169525
0.518704 0.169135
0.519104 0.168745
0.519504 0.168356
0.519904 0.167967
0.520304 0.167579
0.520704 0.16719
0.521104 0.166803
0.521504 0.166416
0.521904 0.166029
0.522304 0.165642
0.522705 0.165256
0.523105 0.164871
0.523505 0.164486
0.523905 0.164101
0.524305 0.163717
0.524705 0.163333
0.525105 0.162949
0.525505 0.162566
0.525905 0.162184
0.526305 0.161801
0.526705 0.16142
0.527105 0.161038
0.527506 0.160657
0.527906 0.160277
0.528306 0.159897
0.528706 0.159517
0.529106 0.159138
0.529506 0.158759
0.529906 0.158381
0.530306 0.158003
0.530706 0.157626
0.531106 0.157249
0.531506 0.156872
0.531906 0.156496
0.532306 0.15612
0.532707 0.155745
0.533107 0.15537
0.533507 0.154996
0.533907 0.154622
0.534307 0.154249
0.534707 0.153876
0.535107 0.153503
0.535507 0.153131
0.535907 0.15276
0.536307 0.152388
0.536707 0.152018
0.537107 0.151647
0.537508 0.151278
0.537908 0.150908
0.538308 0.15054
0.538708 0.150171
0.539108 0.149803
0.539508 0.149436
0.539908 0.149069
0.540308 0.148702
0.540708 0.148336
0.541108 0.147971
0.541508 0.147606
0.541908 0.147241
0.542308 0.146877
0.542709 0.146513
0.543109 0.14615
0.543509 0.145787
0.543909 0.145425
0.544309 0.145063
0.544709 0.144702
0.545109 0.144341
0.545509 0.143981
0.545909 0.143621
0.546309 0.143262
0.546709 0.142903
0.547109 0.142545
0.54751 0.142187
0.54791 0.141829
0.54831 0.141472
0.54871 0.141116
0.54911 0.14076
0.54951 0.140405
0.54991 0.14005
0.55031 0.139696
0.55071 0.139342
0.55111 0.138988
0.55151 0.138636
0.55191 0.138283
0.55231 0.137931
0.552711 0.13758
0.553111 0.137229
0.553511 0.136879
0.553911 0.136529
0.554311 0.13618
0.554711 0.135831
0.555111 0.135483
0.555511 0.135135
0.555911 0.134788
0.556311 0.134441
0.556711 0.134095
0.557111 0.13375
0.557512 0.133404
0.557912 0.13306
0.558312 0.132716
0.558712 0.132372
0.559112 0.132029
0.559512 0.131687
0.559912 0.131345
0.560312 0.131003
0.560712 0.130663
0.561112 0.130322
0.561512 0.129982
0.561912 0.129643
0.562312 0.129304
0.562713 0.128966
0.563113 0.128629
0.563513 0.128291
0.563913 0.127955
0.564313 0.127619
0.564713 0.127283
0.565113 0.126949
0.565513 0.126614
0.565913 0.12628
0.566313 0.125947
0.566713 0.125614
0.567113 0.125282
0.567514 0.124951
0.567914 0.12462
0.568314 0.124289
0.568714 0.123959
0.569114 0.12363
0.569514 0.123301
0.569914 0.122973
0.570314 0.122645
0.570714 0.122318
0.571114 0.121992
0.571514 0.121666
0.571914 0.12134
0.572314 0.121015
0.572715 0.120691
0.573115 0.120368
0.573515 0.120044
0.573915 0.119722
0.574315 0.1194
0.574715 0.119079
0.575115 0.118758
0.575515 0.118438
0.575915 0.118118
0.576315 0.117799
0.576715 0.117481
0.577115 0.117163
0.577516 0.116845
0.577916 0.116529
0.578316 0.116213
0.578716 0.115897
0.579116 0.115582
0.579516 0.115268
0.579916 0.114954
0.580316 0.114641
0.580716 0.114329
0.581116 0.114017
0.581516 0.113705
0.581916 0.113395
0.582316 0.113085
0.582717 0.112775
0.583117 0.112466
0.583517 0.112158
0.583917 0.11185
0.584317 0.111543
0.584717 0.111237
0.585117 0.110931
0.585517 0.110626
0.585917 0.110321
0.586317 0.110017
0.586717 0.109714
0.587117 0.109411
0.587518 0.109109
0.587918 0.108807
0.588318 0.108506
0.588718 0.108206
0.589118 0.107906
0.589518 0.107607
0.589918 0.107309
0.590318 0.107011
0.590718 0.106714
0.591118 0.106417
0.591518 0.106121
0.591918 0.105826
0.592318 0.105532
0.592719 0.105238
0.593119 0.104944
0.593519 0.104652
0.593919 0.10436
0.594319 0.104068
0.594719 0.103777
0.595119 0.103487
0.595519 0.103198
0.595919 0.102909
0.596319 0.102621
0.596719 0.102333
0.597119 0.102046
0.59752 0.10176
0.59792 0.101474
0.59832 0.10119
0.59872 0.100905
0.59912 0.100622
0.59952 0.100339
0.59992 0.100056
0.60032 0.0997747
0.60072 0.0994938
0.60112 0.0992134
0.60152 0.0989338
0.60192 0.0986548
0.60232 0.0983764
0.602721 0.0980988
0.603121 0.0978217
0.603521 0.0975453
0.603921 0.0972696
0.604321 0.0969946
0.604721 0.0967202
0.605121 0.0964464
0.605521 0.0961733
0.605921 0.0959008
0.606321 0.095629
0.606721 0.0953579
0.607121 0.0950874
0.607522 0.0948175
0.607922 0.0945483
0.608322 0.0942798
0.608722 0.0940119
0.609122 0.0937446
0.609522 0.093478
0.609922 0.093212
0.610322 0.0929467
0.610722 0.092682
0.611122 0.092418
0.611522 0.0921546
0.611922 0.0918918
0.612322 0.0916297
0.612723 0.0913682
0.613123 0.0911074
0.613523 0.0908472
0.613923 0.0905876
0.614323 0.0903287
0.614723 0.0900705
0.615123 0.0898128
0.615523 0.0895558
0.615923 0.0892994
0.616323 0.0890437
0.616723 0.0887886
0.617123 0.0885341
0.617524 0.0882803
0.617924 0.0880271
0.618324 0.0877745
0.618724 0.0875226
0.619124 0.0872713
0.619524 0.0870206
0.619924 0.0867705
0.620324 0.0865211
0.620724 0.0862723
0.621124 0.0860241
0.621524 0.0857766
0.621924 0.0855297
0.622324 0.0852834
0.622725 0.0850377
0.623125 0.0847926
0.623525 0.0845482
0.623925 0.0843044
0.624325 0.0840612
0.624725 0.0838187
0.625125 0.0835767
0.625525 0.0833354
0.625925 0.0830947
0.626325 0.0828546
0.626725 0.0826152
0.627125 0.0823763
0.627526 0.0821381
0.627926 0.0819004
0.628326 0.0816634
0.628726 0.0814271
0.629126 0.0811913
0.629526 0.0809561
0.629926 0.0807216
0.630326 0.0804876
0.630726 0.0802543
0.631126 0.0800216
0.631526 0.0797895
0.631926 0.079558
0.632326 0.0793271
0.632727 0.0790968
0.633127 0.0788671
0.633527 0.078638
0.633927 0.0784096
0.634327 0.0781817
0.634727 0.0779545
0.635127 0.0777278
0.635527 0.0775018
0.635927 0.0772763
0.636327 0.0770515
0.636727 0.0768272
0.637127 0.0766036
0.637528 0.0763805
0.637928 0.0761581
0.638328 0.0759362
0.638728 0.075715
0.639128 0.0754943
0.639528 0.0752743
0.639928 0.0750548
0.640328 0.074836
0.640728 0.0746177
0.641128 0.0744
0.641528 0.0741829
0.641928 0.0739664
0.642328 0.0737505
0.642729 0.0735352
0.643129 0.0733205
0.643529 0.0731064
0.643929 0.0728928
0.644329 0.0726799
0.644729 0.0724675
0.645129 0.0722557
0.645529 0.0720446
0.645929 0.0718339
0.646329 0.0716239
0.646729 0.0714145
0.647129 0.0712056
0.64753 0.0709974
0.64793 0.0707897
0.64833 0.0705826
0.64873 0.0703761
0.64913 0.0701701
0.64953 0.0699648
0.64993 0.06976
0.65033 0.0695558
0.65073 0.0693521
0.65113 0.0691491
0.65153 0.0689466
0.65193 0.0687447
0.65233 0.0685434
0.652731 0.0683426
0.653131 0.0681425
0.653531 0.0679429
0.653931 0.0677438
0.654331 0.0675454
0.654731 0.0673475
0.655131 0.0671502
0.655531 0.0669534
0.655931 0.0667573
0.656331 0.0665617
0.656731 0.0663666
0.657131 0.0661721
0.657532 0.0659782
0.657932 0.0657849
0.658332 0.0655921
0.658732 0.0653999
0.659132 0.0652083
0.659532 0.0650172
0.659932 0.0648267
0.660332 0.0646367
0.660732 0.0644473
0.661132 0.0642585
0.661532 0.0640702
0.661932 0.0638825
0.662332 0.0636953
0.662733 0.0635087
0.663133 0.0633227
0.663533 0.0631372
0.663933 0.0629523
0.664333 0.0627679
0.664733 0.0625841
0.665133 0.0624008
0.665533 0.0622181
0.665933 0.0620359
0.666333 0.0618543
0.666733 0.0616733
0.667133 0.0614928
0.667534 0.0613128
0.667934 0.0611334
0.668334 0.0609545
0.668734 0.0607762
0.669134 0.0605985
0.669534 0.0604213
0.669934 0.0602446
0.670334 0.0600685
0.670734 0.0598929
0.671134 0.0597178
0.671534 0.0595434
0.671934 0.0593694
0.672334 0.059196
0.672735 0.0590231
0.673135 0.0588508
0.673535 0.058679
0.673935 0.0585078
0.674335 0.0583371
0.674735 0.0581669
0.675135 0.0579973
0.675535 0.0578282
0.675935 0.0576596
0.676335 0.0574916
0.676735 0.0573241
0.677135 0.0571572
0.677536 0.0569907
0.677936 0.0568249
0.678336 0.0566595
0.678736 0.0564947
0.679136 0.0563304
0.679536 0.0561666
0.679936 0.0560034
0.680336 0.0558407
0.680736 0.0556785
0.681136 0.0555169
0.681536 0.0553558
0.681936 0.0551952
0.682336 0.0550351
0.682737 0.0548755
0.683137 0.0547165
0.683537 0.054558
0.683937 0.0544001
0.684337 0.0542426
0.684737 0.0540857
0.685137 0.0539293
0.685537 0.0537734
0.685937 0.053618
0.686337 0.0534632
0.686737 0.0533088
0.687137 0.053155
0.687538 0.0530017
0.687938 0.0528489
0.688338 0.0526967
0.688738 0.0525449
0.689138 0.0523937
0.689538 0.052243
0.689938 0.0520928
0.690338 0.0519431
0.690738 0.0517939
0.691138 0.0516452
0.691538 0.0514971
0.691938 0.0513494
0.692338 0.0512023
0.692739 0.0510556
0.693139 0.0509095
0.693539 0.0507639
0.693939 0.0506188
0.694339 0.0504742
0.694739 0.0503301
0.695139 0.0501865
0.695539 0.0500434
0.695939 0.0499008
0.696339 0.0497587
0.696739 0.0496171
0.697139 0.049476
0.69754 0.0493354
0.69794 0.0491953
0.69834 0.0490558
0.69874 0.0489167
0.69914 0.0487781
0.69954 0.04864
0.69994 0.0485024
0.70034 0.0483653
0.70074 0.0482287
0.70114 0.0480926
0.70154 0.0479569
0.70194 0.0478218
0.70234 0.0476872
0.702741 0.0475531
0.703141 0.0474194
0.703541 0.0472862
0.703941 0.0471536
0.704341 0.0470214
0.704741 0.0468897
0.705141 0.0467585
0.705541 0.0466278
0.705941 0.0464976
0.706341 0.0463678
0.706741 0.0462386
0.707141 0.0461098
0.707542 0.0459815
0.707942 0.0458537
0.708342 0.0457264
0.708742 0.0455995
0.709142 0.0454732
0.709542 0.0453473
0.709942 0.0452219
0.710342 0.045097
0.710742 0.0449725
0.711142 0.0448486
0.711542 0.0447251
0.711942 0.0446021
0.712342 0.0444795
0.712743 0.0443575
0.713143 0.0442359
0.713543 0.0441148
0.713943 0.0439942
0.714343 0.043874
0.714743 0.0437543
0.715143 0.0436351
0.715543 0.0435163
0.715943 0.0433981
0.716343 0.0432802
0.716743 0.0431629
0.717143 0.043046
0.717544 0.0429296
0.717944 0.0428137
0.718344 0.0426982
0.718744 0.0425832
0.719144 0.0424687
0.719544 0.0423546
0.719944 0.042241
0.720344 0.0421278
0.720744 0.0420151
0.721144 0.0419029
0.721544 0.0417911
0.721944 0.0416798
0.722344 0.041569
0.722745 0.0414586
0.723145 0.0413487
0.723545 0.0412392
0.723945 0.0411302
0.724345 0.0410216
0.724745 0.0409135
0.725145 0.0408059
0.725545 0.0406987
0.725945 0.0405919
0.726345 0.0404856
0.726745 0.0403798
0.727145 0.0402744
0.727546 0.0401695
0.727946 0.040065
0.728346 0.039961
0.728746 0.0398574
0.729146 0.0397542
0.729546 0.0396515
0.729946 0.0395493
0.730346 0.0394475
0.730746 0.0393462
0.731146 0.0392452
0.731546 0.0391448
0.731946 0.0390448
0.732346 0.0389452
0.732747 0.0388461
0.733147 0.0387474
0.733547 0.0386491
0.733947 0.0385513
0.734347 0.0384539
0.734747 0.038357
0.735147 0.0382605
0.735547 0.0381645
0.735947 0.0380688
0.736347 0.0379737
0.736747 0.0378789
0.737147 0.0377846
0.737548 0.0376907
0.737948 0.0375973
0.738348 0.0375043
0.738748 0.0374117
0.739148 0.0373195
0.739548 0.0372278
0.739948 0.0371365
0.740348 0.0370457
0.740748 0.0369553
0.741148 0.0368653
0.741548 0.0367757
0.741948 0.0366865
0.742348 0.0365978
0.742749 0.0365095
0.743149 0.0364217
0.743549 0.0363342
0.743949 0.0362472
0.744349 0.0361606
0.744749 0.0360744
0.745149 0.0359887
0.745549 0.0359034
0.745949 0.0358185
0.746349 0.035734
0.746749 0.0356499
0.747149 0.0355662
0.74755 0.035483
0.74795 0.0354002
0.74835 0.0353178
0.74875 0.0352358
0.74915 0.0351542
0.74955 0.0350731
0.74995 0.0349924
0.75035 0.034912
0.75075 0.0348321
0.75115 0.0347526
0.75155 0.0346735
0.75195 0.0345948
0.75235 0.0345166
0.752751 0.0344387
0.753151 0.0343613
0.753551 0.0342842
0.753951 0.0342076
0.754351 0.0341313
0.754751 0.0340555
0.755151 0.0339801
0.755551 0.0339051
0.755951 0.0338305
0.756351 0.0337563
0.756751 0.0336825
0.757151 0.0336091
0.757552 0.033536
0.757952 0.0334634
0.758352 0.0333912
0.758752 0.0333194
0.759152 0.033248
0.759552 0.033177
0.759952 0.0331064
0.760352 0.0330362
0.760752 0.0329664
0.761152 0.032897
0.761552 0.032828
0.761952 0.0327593
0.762352 0.0326911
0.762753 0.0326232
0.763153 0.0325558
0.763553 0.0324887
0.763953 0.0324221
0.764353 0.0323558
0.764753 0.0322899
0.765153 0.0322244
0.765553 0.0321593
0.765953 0.0320945
0.766353 0.0320302
0.766753 0.0319662
0.767153 0.0319027
0.767554 0.0318395
0.767954 0.0317767
0.768354 0.0317143
0.768754 0.0316522
0.769154 0.0315906
0.769554 0.0315293
0.769954 0.0314684
0.770354 0.0314079
0.770754 0.0313478
0.771154 0.031288
0.771554 0.0312287
0.771954 0.0311697
0.772354 0.031111
0.772755 0.0310528
0.773155 0.0309949
0.773555 0.0309374
0.773955 0.0308803
0.774355 0.0308236
0.774755 0.0307672
0.775155 0.0307112
0.775555 0.0306556
0.775955 0.0306003
0.776355 0.0305454
0.776755 0.0304909
0.777155 0.0304368
0.777556 0.030383
0.777956 0.0303296
0.778356 0.0302765
0.778756 0.0302239
0.779156 0.0301715
0.779556 0.0301196
0.779956 0.030068
0.780356 0.0300168
0.780756 0.0299659
0.781156 0.0299154
0.781556 0.0298653
0.781956 0.0298155
0.782356 0.0297661
0.782757 0.0297171
0.783157 0.0296684
0.783557 0.02962
0.783957 0.029572
0.784357 0.0295244
0.784757 0.0294772
0.785157 0.0294303
0.785557 0.0293837
0.785957 0.0293375
0.786357 0.0292917
0.786757 0.0292462
0.787157 0.029201
0.787558 0.0291562
0.787958 0.0291118
0.788358 0.0290677
0.788758 0.029024
0.789158 0.0289806
0.789558 0.0289375
0.789958 0.0288949
0.790358 0.0288525
0.790758 0.0288105
0.791158 0.0287689
0.791558 0.0287275
0.791958 0.0286866
0.792358 0.028646
0.792759 0.0286057
0.793159 0.0285658
0.793559 0.0285262
0.793959 0.0284869
0.794359 0.028448
0.794759 0.0284094
0.795159 0.0283712
0.795559 0.0283333
0.795959 0.0282957
0.796359 0.0282585
0.796759 0.0282216
0.797159 0.0281851
0.79756 0.0281489
0.79796 0.028113
0.79836 0.0280775
0.79876 0.0280423
0.79916 0.0280074
0.79956 0.0279728
0.79996 0.0279386
0.80036 0.0279047
0.80076 0.0278712
0.80116 0.027838
0.80156 0.0278051
0.80196 0.0277725
0.80236 0.0277403
0.802761 0.0277084
0.803161 0.0276768
0.803561 0.0276455
0.803961 0.0276146
0.804361 0.027584
0.804761 0.0275537
0.805161 0.0275237
0.805561 0.0274941
0.805961 0.0274647
0.806361 0.0274357
0.806761 0.027407
0.807161 0.0273787
0.807562 0.0273506
0.807962 0.0273229
0.808362 0.0272955
0.808762 0.0272684
0.809162 0.0272416
0.809562 0.0272152
0.809962 0.027189
0.810362 0.0271632
0.810762 0.0271377
0.811162 0.0271124
0.811562 0.0270876
0.811962 0.027063
0.812362 0.0270387
0.812763 0.0270147
0.813163 0.0269911
0.813563 0.0269677
0.813963 0.0269447
0.814363 0.026922
0.814763 0.0268995
0.815163 0.0268774
0.815563 0.0268556
0.815963 0.0268341
0.816363 0.0268129
0.816763 0.026792
0.817163 0.0267714
0.817564 0.0267511
0.817964 0.0267311
0.818364 0.0267114
0.818764 0.026692
0.819164 0.026673
0.819564 0.0266542
0.819964 0.0266357
0.820364 0.0266175
0.820764 0.0265996
0.821164 0.026582
0.821564 0.0265646
0.821964 0.0265476
0.822364 0.0265309
0.822765 0.0265145
0.823165 0.0264984
0.823565 0.0264825
0.823965 0.026467
0.824365 0.0264517
0.824765 0.0264367
0.825165 0.0264221
0.825565 0.0264077
0.825965 0.0263936
0.826365 0.0263798
0.826765 0.0263662
0.827165 0.026353
0.827566 0.02634
0.827966 0.0263274
0.828366 0.026315
0.828766 0.0263029
0.829166 0.026291
0.829566 0.0262795
0.829966 0.0262683
0.830366 0.0262573
0.830766 0.0262466
0.831166 0.0262362
0.831566 0.026226
0.831966 0.0262162
0.832366 0.0262066
0.832767 0.0261973
0.833167 0.0261883
0.833567 0.0261795
0.833967 0.026171
0.834367 0.0261628
0.834767 0.0261549
0.835167 0.0261473
0.835567 0.0261399
0.835967 0.0261328
0.836367 0.0261259
0.836767 0.0261194
0.837167 0.0261131
0.837568 0.026107
0.837968 0.0261013
0.838368 0.0260958
0.838768 0.0260905
0.839168 0.0260856
0.839568 0.0260809
0.839968 0.0260765
0.840368 0.0260723
0.840768 0.0260684
0.841168 0.0260648
0.841568 0.0260614
0.841968 0.0260583
0.842368 0.0260554
0.842769 0.0260528
0.843169 0.0260505
0.843569 0.0260484
0.843969 0.0260466
0.844369 0.026045
0.844769 0.0260437
0.845169 0.0260427
0.845569 0.0260419
0.845969 0.0260414
0.846369 0.0260411
0.846769 0.0260411
0.847169 0.0260413
0.84757 0.0260418
0.84797 0.0260425
0.84837 0.0260435
0.84877 0.0260447
0.84917 0.0260462
0.84957 0.026048
0.84997 0.0260499
0.85037 0.0260522
0.85077 0.0260547
0.85117 0.0260574
0.85157 0.0260604
0.85197 0.0260636
0.85237 0.026067
0.852771 0.0260707
0.853171 0.0260747
0.853571 0.0260789
0.853971 0.0260833
0.854371 0.026088
0.854771 0.0260929
0.855171 0.026098
0.855571 0.0261034
0.855971 0.0261091
0.856371 0.0261149
0.856771 0.0261211
0.857171 0.0261274
0.857572 0.026134
0.857972 0.0261408
0.858372 0.0261478
0.858772 0.0261551
0.859172 0.0261626
0.859572 0.0261704
0.859972 0.0261784
0.860372 0.0261866
0.860772 0.026195
0.861172 0.0262037
0.861572 0.0262126
0.861972 0.0262218
0.862372 0.0262311
0.862773 0.0262407
0.863173 0.0262505
0.863573 0.0262606
0.863973 0.0262708
0.864373 0.0262813
0.864773 0.026292
0.865173 0.026303
0.865573 0.0263141
0.865973 0.0263255
0.866373 0.0263371
0.866773 0.026349
0.867173 0.026361
0.867574 0.0263733
0.867974 0.0263858
0.868374 0.0263985
0.868774 0.0264114
0.869174 0.0264245
0.869574 0.0264379
0.869974 0.0264514
0.870374 0.0264652
0.870774 0.0264792
0.871174 0.0264934
0.871574 0.0265079
0.871974 0.0265225
0.872374 0.0265373
0.872775 0.0265524
0.873175 0.0265677
0.873575 0.0265832
0.873975 0.0265988
0.874375 0.0266147
0.874775 0.0266308
0.875175 0.0266472
0.875575 0.0266637
0.875975 0.0266804
0.876375 0.0266973
0.876775 0.0267145
0.877175 0.0267318
0.877576 0.0267493
0.877976 0.0267671
0.878376 0.026785
0.878776 0.0268032
0.879176 0.0268215
0.879576 0.02684
0.879976 0.0268588
0.880376 0.0268777
0.880776 0.0268969
0.881176 0.0269162
0.881576 0.0269357
0.881976 0.0269555
0.882376 0.0269754
0.882777 0.0269955
0.883177 0.0270158
0.883577 0.0270363
0.883977 0.027057
0.884377 0.0270779
0.884777 0.027099
0.885177 0.0271203
0.885577 0.0271417
0.885977 0.0271634
0.886377 0.0271852
0.886777 0.0272072
0.887177 0.0272294
0.887578 0.0272518
0.887978 0.0272744
0.888378 0.0272972
0.888778 0.0273201
0.889178 0.0273433
0.889578 0.0273666
0.889978 0.0273901
0.890378 0.0274138
0.890778 0.0274377
0.891178 0.0274617
0.891578 0.0274859
0.891978 0.0275103
0.892378 0.0275349
0.892779 0.0275597
0.893179 0.0275846
0.893579 0.0276097
0.893979 0.027635
0.894379 0.0276605
0.894779 0.0276861
0.895179 0.0277119
0.895579 0.0277379
0.895979 0.0277641
0.896379 0.0277904
0.896779 0.0278169
0.897179 0.0278436
0.89758 0.0278704
0.89798 0.0278975
0.89838 0.0279246
0.89878 0.027952
0.89918 0.0279795
0.89958 0.0280072
0.89998 0.028035
0.90038 0.0280631
0.90078 0.0280912
0.90118 0.0281196
0.90158 0.0281481
0.90198 0.0281768
0.90238 0.0282056
0.902781 0.0282346
0.903181 0.0282637
0.903581 0.028293
0.903981 0.0283225
0.904381 0.0283522
0.904781 0.0283819
0.905181 0.0284119
0.905581 0.028442
0.905981 0.0284723
0.906381 0.0285027
0.906781 0.0285332
0.907181 0.028564
0.907582 0.0285948
0.907982 0.0286259
0.908382 0.0286571
0.908782 0.0286884
0.909182 0.0287199
0.909582 0.0287515
0.909982 0.0287833
0.910382 0.0288152
0.910782 0.0288473
0.911182 0.0288795
0.911582 0.0289119
0.911982 0.0289444
0.912382 0.0289771
0.912783 0.0290099
0.913183 0.0290429
0.913583 0.029076
0.913983 0.0291092
0.914383 0.0291426
0.914783 0.0291761
0.915183 0.0292098
0.915583 0.0292436
0.915983 0.0292775
0.916383 0.0293116
0.916783 0.0293458
0.917183 0.0293802
0.917584 0.0294147
0.917984 0.0294493
0.918384 0.0294841
0.918784 0.029519
0.919184 0.029554
0.919584 0.0295892
0.919984 0.0296245
0.920384 0.0296599
0.920784 0.0296955
0.921184 0.0297312
0.921584 0.029767
0.921984 0.029803
0.922384 0.0298391
0.922785 0.0298753
0.923185 0.0299116
0.923585 0.0299481
0.923985 0.0299847
0.924385 0.0300214
0.924785 0.0300583
0.925185 0.0300952
0.925585 0.0301323
0.925985 0.0301696
0.926385 0.0302069
0.926785 0.0302444
0.927185 0.0302819
0.927586 0.0303196
0.927986 0.0303575
0.928386 0.0303954
0.928786 0.0304335
0.929186 0.0304716
0.929586 0.0305099
0.929986 0.0305484
0.930386 0.0305869
0.930786 0.0306255
0.931186 0.0306643
0.931586 0.0307031
0.931986 0.0307421
0.932386 0.0307812
0.932787 0.0308204
0.933187 0.0308598
0.933587 0.0308992
0.933987 0.0309387
0.934387 0.0309784
0.934787 0.0310181
0.935187 0.031058
0.935587 0.031098
0.935987 0.031138
0.936387 0.0311782
0.936787 0.0312185
0.937187 0.0312589
0.937588 0.0312994
0.937988 0.03134
0.938388 0.0313807
0.938788 0.0314215
0.939188 0.0314624
0.939588 0.0315034
0.939988 0.0315445
0.940388 0.0315857
0.940788 0.031627
0.941188 0.0316684
0.941588 0.0317099
0.941988 0.0317515
0.942388 0.0317932
0.942789 0.031835
0.943189 0.0318769
0.943589 0.0319188
0.943989 0.0319609
0.944389 0.0320031
0.944789 0.0320453
0.945189 0.0320877
0.945589 0.0321301
0.945989 0.0321726
0.946389 0.0322152
0.946789 0.0322579
0.947189 0.0323007
0.94759 0.0323436
0.94799 0.0323866
0.94839 0.0324296
0.94879 0.0324728
0.94919 0.032516
0.94959 0.0325593
0.94999 0.0326027
0.95039 0.0326461
0.95079 0.0326897
0.95119 0.0327333
0.95159 0.032777
0.95199 0.0328208
0.95239 0.0328647
0.952791 0.0329086
0.953191 0.0329527
0.953591 0.0329968
0.953991 0.033041
0.954391 0.0330852
0.954791 0.0331296
0.955191 0.033174
0.955591 0.0332184
0.955991 0.033263
0.956391 0.0333076
0.956791 0.0333523
0.957191 0.0333971
0.957592 0.0334419
0.957992 0.0334869
0.958392 0.0335318
0.958792 0.0335769
0.959192 0.033622
0.959592 0.0336672
0.959992 0.0337125
0.960392 0.0337578
0.960792 0.0338032
0.961192 0.0338486
0.961592 0.0338941
0.961992 0.0339397
0.962392 0.0339853
0.962793 0.034031
0.963193 0.0340768
0.963593 0.0341226
0.963993 0.0341685
0.964393 0.0342145
0.964793 0.0342605
0.965193 0.0343065
0.965593 0.0343527
0.965993 0.0343988
0.966393 0.0344451
0.966793 0.0344913
0.967193 0.0345377
0.967594 0.0345841
0.967994 0.0346305
0.968394 0.034677
0.968794 0.0347236
0.969194 0.0347702
0.969594 0.0348169
0.969994 0.0348636
0.970394 0.0349103
0.970794 0.0349571
0.971194 0.035004
0.971594 0.0350509
0.971994 0.0350978
0.972394 0.0351448
0.972795 0.0351919
0.973195 0.035239
0.973595 0.0352861
0.973995 0.0353333
0.974395 0.0353805
0.974795 0.0354278
0.975195 0.0354751
0.975595 0.0355224
0.975995 0.0355698
0.976395 0.0356172
0.976795 0.0356647
0.977195 0.0357122
0.977596 0.0357597
0.977996 0.0358073
0.978396 0.0358549
0.978796 0.0359025
0.979196 0.0359502
0.979596 0.0359979
0.979996 0.0360457
0.980396 0.0360935
0.980796 0.0361413
0.981196 0.0361891
0.981596 0.036237
0.981996 0.0362849
0.982396 0.0363328
0.982797 0.0363808
0.983197 0.0364288
0.983597 0.0364768
0.983997 0.0365249
0.984397 0.036573
0.984797 0.0366211
0.985197 0.0366692
0.985597 0.0367173
0.985997 0.0367655
0.986397 0.0368137
0.986797 0.0368619
0.987197 0.0369102
0.987598 0.0369584
0.987998 0.0370067
0.988398 0.037055
0.988798 0.0371034
0.989198 0.0371517
0.989598 0.0372001
0.989998 0.0372484
0.990398 0.0372968
0.990798 0.0373452
0.991198 0.0373937
0.991598 0.0374421
0.991998 0.0374906
0.992398 0.037539
0.992799 0.0375875
0.993199 0.037636
0.993599 0.0376845
0.993999 0.037733
0.994399 0.0377815
0.994799 0.0378301
0.995199 0.0378786
0.995599 0.0379272
0.995999 0.0379757
0.996399 0.0380243
0.996799 0.0380729
0.997199 0.0381214
0.9976 0.03817
0.998 0.0382186
0.9984 0.0382672
0.9988 0.0383158
0.9992 0.0383644
0.9996 0.0384129
