-1 0.0384615
-0.9996 0.0384968
-0.9992 0.0385321
-0.9988 0.0385673
-0.9984 0.0386026
-0.998 0.0386379
-0.9976 0.0386731
-0.997199 0.0387084
-0.996799 0.0387437
-0.996399 0.0387789
-0.995999 0.0388142
-0.995599 0.0388495
-0.995199 0.0388847
-0.994799 0.03892
-0.994399 0.0389553
-0.993999 0.0389906
-0.993599 0.0390258
-0.993199 0.0390611
-0.992799 0.0390964
-0.992398 0.0391317
-0.991998 0.039167
-0.991598 0.0392023
-0.991198 0.0392376
-0.990798 0.0392729
-0.990398 0.0393082
-0.989998 0.0393435
-0.989598 0.0393788
-0.989198 0.0394141
-0.988798 0.0394494
-0.988398 0.0394847
-0.987998 0.03952
-0.987598 0.0395554
-0.987197 0.0395907
-0.986797 0.039626
-0.986397 0.0396614
-0.985997 0.0396967
-0.985597 0.0397321
-0.985197 0.0397674
-0.984797 0.0398028
-0.984397 0.0398381
-0.983997 0.0398735
-0.983597 0.0399089
-0.983197 0.0399442
-0.982797 0.0399796
-0.982396 0.040015
-0.981996 0.0400504
-0.981596 0.0400858
-0.981196 0.0401212
-0.980796 0.0401566
-0.980396 0.040192
-0.979996 0.0402275
-0.979596 0.0402629
-0.979196 0.0402983
-0.978796 0.0403338
-0.978396 0.0403692
-0.977996 0.0404047
-0.977596 0.0404401
-0.977195 0.0404756
-0.976795 0.0405111
-0.976395 0.0405466
-0.975995 0.0405821
-0.975595 0.0406176
-0.975195 0.0406531
-0.974795 0.0406886
-0.974395 0.0407241
-0.973995 0.0407597
-0.973595 0.0407952
-0.973195 0.0408308
-0.972795 0.0408663
-0.972394 0.0409019
-0.971994 0.0409375
-0.971594 0.0409731
-0.971194 0.0410087
-0.970794 0.0410443
-0.970394 0.0410799
-0.969994 0.0411155
-0.969594 0.0411512
-0.969194 0.0411868
-0.968794 0.0412225
-0.968394 0.0412582
-0.967994 0.0412938
-0.967594 0.0413295
-0.967193 0.0413652
-0.966793 0.0414009
-0.966393 0.0414367
-0.965993 0.0414724
-0.965593 0.0415081
-0.965193 0.0415439
-0.964793 0.0415797
-0.964393 0.0416154
-0.963993 0.0416512
-0.963593 0.041687
-0.963193 0.0417228
-0.962793 0.0417587
-0.962392 0.0417945
-0.961992 0.0418303
-0.961592 0.0418662
-0.961192 0.0419021
-0.960792 0.041938
-0.960392 0.0419739
-0.959992 0.0420098
-0.959592 0.0420457
-0.959192 0.0420817
-0.958792 0.0421176
-0.958392 0.0421536
-0.957992 0.0421896
-0.957592 0.0422256
-0.957191 0.0422616
-0.956791 0.0422976
-0.956391 0.0423336
-0.955991 0.0423697
-0.955591 0.0424057
-0.955191 0.0424418
-0.954791 0.0424779
-0.954391 0.042514
-0.953991 0.0425501
-0.953591 0.0425863
-0.953191 0.0426224
-0.952791 0.0426586
-0.95239 0.0426948
-0.95199 0.042731
-0.95159 0.0427672
-0.95119 0.0428034
-0.95079 0.0428397
-0.95039 0.042876
-0.94999 0.0429122
-0.94959 0.0429485
-0.94919 0.0429848
-0.94879 0.0430212
-0.94839 0.0430575
-0.94799 0.0430939
-0.94759 0.0431303
-0.947189 0.0431667
-0.946789 0.0432031
-0.946389 0.0432395
-0.945989 0.043276
-0.945589 0.0433124
-0.945189 0.0433489
-0.944789 0.0433854
-0.944389 0.043422
-0.943989 0.0434585
-0.943589 0.0434951
-0.943189 0.0435316
-0.942789 0.0435682
-0.942388 0.0436048
-0.941988 0.0436415
-0.941588 0.0436781
-0.941188 0.0437148
-0.940788 0.0437515
-0.940388 0.0437882
-0.939988 0.0438249
-0.939588 0.0438617
-0.939188 0.0438985
-0.938788 0.0439353
-0.938388 0.0439721
-0.937988 0.0440089
-0.937588 0.0440457
-0.937187 0.0440826
-0.936787 0.0441195
-0.936387 0.0441564
-0.935987 0.0441934
-0.935587 0.0442303
-0.935187 0.0442673
-0.934787 0.0443043
-0.934387 0.0443413
-0.933987 0.0443783
-0.933587 0.0444154
-0.933187 0.0444525
-0.932787 0.0444896
-0.932386 0.0445267
-0.931986 0.0445639
-0.931586 0.044601
-0.931186 0.0446382
-0.930786 0.0446755
-0.930386 0.0447127
-0.929986 0.04475
-0.929586 0.0447872
-0.929186 0.0448246
-0.928786 0.0448619
-0.928386 0.0448992
-0.927986 0.0449366
-0.927586 0.044974
-0.927185 0.0450114
-0.926785 0.0450489
-0.926385 0.0450864
-0.925985 0.0451239
-0.925585 0.0451614
-0.925185 0.0451989
-0.924785 0.0452365
-0.924385 0.0452741
-0.923985 0.0453117
-0.923585 0.0453494
-0.923185 0.045387
-0.922785 0.0454247
-0.922384 0.0454625
-0.921984 0.0455002
-0.921584 0.045538
-0.921184 0.0455758
-0.920784 0.0456136
-0.920384 0.0456515
-0.919984 0.0456893
-0.919584 0.0457272
-0.919184 0.0457652
-0.918784 0.0458031
-0.918384 0.0458411
-0.917984 0.0458791
-0.917584 0.0459171
-0.917183 0.0459552
-0.916783 0.0459933
-0.916383 0.0460314
-0.915983 0.0460696
-0.915583 0.0461077
-0.915183 0.0461459
-0.914783 0.0461842
-0.914383 0.0462224
-0.913983 0.0462607
-0.913583 0.046299
-0.913183 0.0463374
-0.912783 0.0463757
-0.912382 0.0464141
-0.911982 0.0464526
-0.911582 0.046491
-0.911182 0.0465295
-0.910782 0.046568
-0.910382 0.0466065
-0.909982 0.0466451
-0.909582 0.0466837
-0.909182 0.0467224
-0.908782 0.046761
-0.908382 0.0467997
-0.907982 0.0468384
-0.907582 0.0468772
-0.907181 0.046916
-0.906781 0.0469548
-0.906381 0.0469936
-0.905981 0.0470325
-0.905581 0.0470714
-0.905181 0.0471103
-0.904781 0.0471493
-0.904381 0.0471883
-0.903981 0.0472273
-0.903581 0.0472664
-0.903181 0.0473055
-0.902781 0.0473446
-0.90238 0.0473838
-0.90198 0.0474229
-0.90158 0.0474622
-0.90118 0.0475014
-0.90078 0.0475407
-0.90038 0.04758
-0.89998 0.0476194
-0.89958 0.0476588
-0.89918 0.0476982
-0.89878 0.0477376
-0.89838 0.0477771
-0.89798 0.0478166
-0.89758 0.0478562
-0.897179 0.0478957
-0.896779 0.0479354
-0.896379 0.047975
-0.895979 0.0480147
-0.895579 0.0480544
-0.895179 0.0480942
-0.894779 0.048134
-0.894379 0.0481738
-0.893979 0.0482136
-0.893579 0.0482535
-0.893179 0.0482935
-0.892779 0.0483334
-0.892378 0.0483734
-0.891978 0.0484134
-0.891578 0.0484535
-0.891178 0.0484936
-0.890778 0.0485338
-0.890378 0.0485739
-0.889978 0.0486141
-0.889578 0.0486544
-0.889178 0.0486947
-0.888778 0.048735
-0.888378 0.0487753
-0.887978 0.0488157
-0.887578 0.0488562
-0.887177 0.0488966
-0.886777 0.0489371
-0.886377 0.0489777
-0.885977 0.0490182
-0.885577 0.0490589
-0.885177 0.0490995
-0.884777 0.0491402
-0.884377 0.0491809
-0.883977 0.0492217
-0.883577 0.0492625
-0.883177 0.0493033
-0.882777 0.0493442
-0.882376 0.0493851
-0.881976 0.0494261
-0.881576 0.0494671
-0.881176 0.0495081
-0.880776 0.0495492
-0.880376 0.0495903
-0.879976 0.0496315
-0.879576 0.0496727
-0.879176 0.0497139
-0.878776 0.0497552
-0.878376 0.0497965
-0.877976 0.0498378
-0.877576 0.0498792
-0.877175 0.0499206
-0.876775 0.0499621
-0.876375 0.0500036
-0.875975 0.0500452
-0.875575 0.0500868
-0.875175 0.0501284
-0.874775 0.0501701
-0.874375 0.0502118
-0.873975 0.0502536
-0.873575 0.0502954
-0.873175 0.0503372
-0.872775 0.0503791
-0.872374 0.050421
-0.871974 0.050463
-0.871574 0.050505
-0.871174 0.050547
-0.870774 0.0505891
-0.870374 0.0506312
-0.869974 0.0506734
-0.869574 0.0507156
-0.869174 0.0507579
-0.868774 0.0508002
-0.868374 0.0508426
-0.867974 0.0508849
-0.867574 0.0509274
-0.867173 0.0509699
-0.866773 0.0510124
-0.866373 0.0510549
-0.865973 0.0510976
-0.865573 0.0511402
-0.865173 0.0511829
-0.864773 0.0512256
-0.864373 0.0512684
-0.863973 0.0513113
-0.863573 0.0513541
-0.863173 0.0513971
-0.862773 0.05144
-0.862372 0.051483
-0.861972 0.0515261
-0.861572 0.0515692
-0.861172 0.0516123
-0.860772 0.0516555
-0.860372 0.0516988
-0.859972 0.051742
-0.859572 0.0517854
-0.859172 0.0518287
-0.858772 0.0518722
-0.858372 0.0519156
-0.857972 0.0519591
-0.857572 0.0520027
-0.857171 0.0520463
-0.856771 0.05209
-0.856371 0.0521337
-0.855971 0.0521774
-0.855571 0.0522212
-0.855171 0.0522651
-0.854771 0.0523089
-0.854371 0.0523529
-0.853971 0.0523969
-0.853571 0.0524409
-0.853171 0.052485
-0.852771 0.0525291
-0.85237 0.0525733
-0.85197 0.0526175
-0.85157 0.0526618
-0.85117 0.0527061
-0.85077 0.0527505
-0.85037 0.0527949
-0.84997 0.0528394
-0.84957 0.0528839
-0.84917 0.0529285
-0.84877 0.0529731
-0.84837 0.0530178
-0.84797 0.0530625
-0.84757 0.0531072
-0.847169 0.0531521
-0.846769 0.0531969
-0.846369 0.0532418
-0.845969 0.0532868
-0.845569 0.0533318
-0.845169 0.0533769
-0.844769 0.053422
-0.844369 0.0534672
-0.843969 0.0535124
-0.843569 0.0535577
-0.843169 0.053603
-0.842769 0.0536484
-0.842368 0.0536938
-0.841968 0.0537393
-0.841568 0.0537848
-0.841168 0.0538304
-0.840768 0.0538761
-0.840368 0.0539218
-0.839968 0.0539675
-0.839568 0.0540133
-0.839168 0.0540591
-0.838768 0.054105
-0.838368 0.054151
-0.837968 0.054197
-0.837568 0.054243
-0.837167 0.0542892
-0.836767 0.0543353
-0.836367 0.0543815
-0.835967 0.0544278
-0.835567 0.0544741
-0.835167 0.0545205
-0.834767 0.054567
-0.834367 0.0546134
-0.833967 0.05466
-0.833567 0.0547066
-0.833167 0.0547532
-0.832767 0.0547999
-0.832366 0.0548467
-0.831966 0.0548935
-0.831566 0.0549404
-0.831166 0.0549873
-0.830766 0.0550343
-0.830366 0.0550813
-0.829966 0.0551284
-0.829566 0.0551756
-0.829166 0.0552228
-0.828766 0.05527
-0.828366 0.0553174
-0.827966 0.0553647
-0.827566 0.0554122
-0.827165 0.0554597
-0.826765 0.0555072
-0.826365 0.0555548
-0.825965 0.0556025
-0.825565 0.0556502
-0.825165 0.0556979
-0.824765 0.0557458
-0.824365 0.0557937
-0.823965 0.0558416
-0.823565 0.0558896
-0.823165 0.0559377
-0.822765 0.0559858
-0.822364 0.056034
-0.821964 0.0560822
-0.821564 0.0561305
-0.821164 0.0561788
-0.820764 0.0562272
-0.820364 0.0562757
-0.819964 0.0563242
-0.819564 0.0563728
-0.819164 0.0564215
-0.818764 0.0564702
-0.818364 0.0565189
-0.817964 0.0565678
-0.817564 0.0566167
-0.817163 0.0566656
-0.816763 0.0567146
-0.816363 0.0567637
-0.815963 0.0568128
-0.815563 0.056862
-0.815163 0.0569112
-0.814763 0.0569605
-0.814363 0.0570099
-0.813963 0.0570593
-0.813563 0.0571088
-0.813163 0.0571584
-0.812763 0.057208
-0.812362 0.0572576
-0.811962 0.0573074
-0.811562 0.0573572
-0.811162 0.057407
-0.810762 0.057457
-0.810362 0.0575069
-0.809962 0.057557
-0.809562 0.0576071
-0.809162 0.0576573
-0.808762 0.0577075
-0.808362 0.0577578
-0.807962 0.0578081
-0.807562 0.0578586
-0.807161 0.057909
-0.806761 0.0579596
-0.806361 0.0580102
-0.805961 0.0580609
-0.805561 0.0581116
-0.805161 0.0581624
-0.804761 0.0582133
-0.804361 0.0582642
-0.803961 0.0583152
-0.803561 0.0583663
-0.803161 0.0584174
-0.802761 0.0584686
-0.80236 0.0585198
-0.80196 0.0585711
-0.80156 0.0586225
-0.80116 0.058674
-0.80076 0.0587255
-0.80036 0.0587771
-0.79996 0.0588287
-0.79956 0.0588804
-0.79916 0.0589322
-0.79876 0.058984
-0.79836 0.0590359
-0.79796 0.0590879
-0.79756 0.0591399
-0.797159 0.0591921
-0.796759 0.0592442
-0.796359 0.0592965
-0.795959 0.0593488
-0.795559 0.0594012
-0.795159 0.0594536
-0.794759 0.0595062
-0.794359 0.0595587
-0.793959 0.0596114
-0.793559 0.0596641
-0.793159 0.059717
-0.792759 0.0597698
-0.792358 0.0598228
-0.791958 0.0598758
-0.791558 0.0599289
-0.791158 0.0599821
-0.790758 0.0600353
-0.790358 0.0600886
-0.789958 0.060142
-0.789558 0.0601955
-0.789158 0.060249
-0.788758 0.0603026
-0.788358 0.0603563
-0.787958 0.0604101
-0.787558 0.0604639
-0.787157 0.0605178
-0.786757 0.0605718
-0.786357 0.0606259
-0.785957 0.06068
-0.785557 0.0607342
-0.785157 0.0607885
-0.784757 0.0608429
-0.784357 0.0608974
-0.783957 0.0609519
-0.783557 0.0610065
-0.783157 0.0610612
-0.782757 0.061116
-0.782356 0.0611709
-0.781956 0.0612258
-0.781556 0.0612808
-0.781156 0.0613359
-0.780756 0.0613911
-0.780356 0.0614464
-0.779956 0.0615017
-0.779556 0.0615571
-0.779156 0.0616127
-0.778756 0.0616683
-0.778356 0.0617239
-0.777956 0.0617797
-0.777556 0.0618355
-0.777155 0.0618915
-0.776755 0.0619475
-0.776355 0.0620036
-0.775955 0.0620598
-0.775555 0.0621161
-0.775155 0.0621724
-0.774755 0.0622289
-0.774355 0.0622854
-0.773955 0.062342
-0.773555 0.0623988
-0.773155 0.0624556
-0.772755 0.0625125
-0.772354 0.0625694
-0.771954 0.0626265
-0.771554 0.0626837
-0.771154 0.0627409
-0.770754 0.0627982
-0.770354 0.0628557
-0.769954 0.0629132
-0.769554 0.0629708
-0.769154 0.0630285
-0.768754 0.0630863
-0.768354 0.0631442
-0.767954 0.0632022
-0.767554 0.0632602
-0.767153 0.0633184
-0.766753 0.0633767
-0.766353 0.063435
-0.765953 0.0634935
-0.765553 0.063552
-0.765153 0.0636107
-0.764753 0.0636694
-0.764353 0.0637282
-0.763953 0.0637872
-0.763553 0.0638462
-0.763153 0.0639053
-0.762753 0.0639645
-0.762352 0.0640238
-0.761952 0.0640833
-0.761552 0.0641428
-0.761152 0.0642024
-0.760752 0.0642621
-0.760352 0.0643219
-0.759952 0.0643818
-0.759552 0.0644418
-0.759152 0.0645019
-0.758752 0.0645621
-0.758352 0.0646224
-0.757952 0.0646829
-0.757552 0.0647434
-0.757151 0.064804
-0.756751 0.0648647
-0.756351 0.0649255
-0.755951 0.0649864
-0.755551 0.0650475
-0.755151 0.0651086
-0.754751 0.0651698
-0.754351 0.0652312
-0.753951 0.0652926
-0.753551 0.0653542
-0.753151 0.0654158
-0.752751 0.0654776
-0.75235 0.0655395
-0.75195 0.0656014
-0.75155 0.0656635
-0.75115 0.0657257
-0.75075 0.065788
-0.75035 0.0658504
-0.74995 0.0659129
-0.74955 0.0659755
-0.74915 0.0660383
-0.74875 0.0661011
-0.74835 0.066164
-0.74795 0.0662271
-0.74755 0.0662903
-0.747149 0.0663535
-0.746749 0.0664169
-0.746349 0.0664804
-0.745949 0.0665441
-0.745549 0.0666078
-0.745149 0.0666716
-0.744749 0.0667356
-0.744349 0.0667996
-0.743949 0.0668638
-0.743549 0.0669281
-0.743149 0.0669925
-0.742749 0.067057
-0.742348 0.0671216
-0.741948 0.0671864
-0.741548 0.0672513
-0.741148 0.0673162
-0.740748 0.0673813
-0.740348 0.0674465
-0.739948 0.0675119
-0.739548 0.0675773
-0.739148 0.0676429
-0.738748 0.0677086
-0.738348 0.0677744
-0.737948 0.0678403
-0.737548 0.0679063
-0.737147 0.0679725
-0.736747 0.0680387
-0.736347 0.0681051
-0.735947 0.0681717
-0.735547 0.0682383
-0.735147 0.0683051
-0.734747 0.0683719
-0.734347 0.0684389
-0.733947 0.0685061
-0.733547 0.0685733
-0.733147 0.0686407
-0.732747 0.0687082
-0.732346 0.0687758
-0.731946 0.0688435
-0.731546 0.0689114
-0.731146 0.0689794
-0.730746 0.0690475
-0.730346 0.0691157
-0.729946 0.0691841
-0.729546 0.0692525
-0.729146 0.0693212
-0.728746 0.0693899
-0.728346 0.0694588
-0.727946 0.0695278
-0.727546 0.0695969
-0.727145 0.0696661
-0.726745 0.0697355
-0.726345 0.069805
-0.725945 0.0698746
-0.725545 0.0699444
-0.725145 0.0700143
-0.724745 0.0700843
-0.724345 0.0701545
-0.723945 0.0702247
-0.723545 0.0702952
-0.723145 0.0703657
-0.722745 0.0704364
-0.722344 0.0705072
-0.721944 0.0705781
-0.721544 0.0706492
-0.721144 0.0707204
-0.720744 0.0707917
-0.720344 0.0708632
-0.719944 0.0709348
-0.719544 0.0710066
-0.719144 0.0710784
-0.718744 0.0711504
-0.718344 0.0712226
-0.717944 0.0712949
-0.717544 0.0713673
-0.717143 0.0714398
-0.716743 0.0715125
-0.716343 0.0715854
-0.715943 0.0716583
-0.715543 0.0717314
-0.715143 0.0718047
-0.714743 0.0718781
-0.714343 0.0719516
-0.713943 0.0720252
-0.713543 0.072099
-0.713143 0.072173
-0.712743 0.072247
-0.712342 0.0723213
-0.711942 0.0723956
-0.711542 0.0724701
-0.711142 0.0725448
-0.710742 0.0726195
-0.710342 0.0726945
-0.709942 0.0727695
-0.709542 0.0728447
-0.709142 0.0729201
-0.708742 0.0729956
-0.708342 0.0730712
-0.707942 0.073147
-0.707542 0.0732229
-0.707141 0.073299
-0.706741 0.0733752
-0.706341 0.0734516
-0.705941 0.0735281
-0.705541 0.0736048
-0.705141 0.0736816
-0.704741 0.0737585
-0.704341 0.0738356
-0.703941 0.0739129
-0.703541 0.0739903
-0.703141 0.0740678
-0.702741 0.0741455
-0.70234 0.0742234
-0.70194 0.0743013
-0.70154 0.0743795
-0.70114 0.0744578
-0.70074 0.0745362
-0.70034 0.0746148
-0.69994 0.0746935
-0.69954 0.0747724
-0.69914 0.0748515
-0.69874 0.0749307
-0.69834 0.07501
-0.69794 0.0750895
-0.69754 0.0751692
-0.697139 0.075249
-0.696739 0.075329
-0.696339 0.0754091
-0.695939 0.0754894
-0.695539 0.0755698
-0.695139 0.0756504
-0.694739 0.0757311
-0.694339 0.075812
-0.693939 0.0758931
-0.693539 0.0759743
-0.693139 0.0760556
-0.692739 0.0761372
-0.692338 0.0762188
-0.691938 0.0763007
-0.691538 0.0763827
-0.691138 0.0764648
-0.690738 0.0765471
-0.690338 0.0766296
-0.689938 0.0767122
-0.689538 0.076795
-0.689138 0.076878
-0.688738 0.0769611
-0.688338 0.0770444
-0.687938 0.0771278
-0.687538 0.0772114
-0.687137 0.0772952
-0.686737 0.0773791
-0.686337 0.0774632
-0.685937 0.0775474
-0.685537 0.0776318
-0.685137 0.0777164
-0.684737 0.0778011
-0.684337 0.0778861
-0.683937 0.0779711
-0.683537 0.0780564
-0.683137 0.0781418
-0.682737 0.0782273
-0.682336 0.0783131
-0.681936 0.078399
-0.681536 0.078485
-0.681136 0.0785713
-0.680736 0.0786577
-0.680336 0.0787442
-0.679936 0.078831
-0.679536 0.0789179
-0.679136 0.0790049
-0.678736 0.0790922
-0.678336 0.0791796
-0.677936 0.0792672
-0.677536 0.0793549
-0.677135 0.0794429
-0.676735 0.079531
-0.676335 0.0796192
-0.675935 0.0797077
-0.675535 0.0797963
-0.675135 0.0798851
-0.674735 0.079974
-0.674335 0.0800631
-0.673935 0.0801524
-0.673535 0.0802419
-0.673135 0.0803316
-0.672735 0.0804214
-0.672334 0.0805114
-0.671934 0.0806016
-0.671534 0.0806919
-0.671134 0.0807824
-0.670734 0.0808731
-0.670334 0.080964
-0.669934 0.0810551
-0.669534 0.0811463
-0.669134 0.0812377
-0.668734 0.0813293
-0.668334 0.0814211
-0.667934 0.081513
-0.667534 0.0816051
-0.667133 0.0816974
-0.666733 0.0817899
-0.666333 0.0818826
-0.665933 0.0819754
-0.665533 0.0820685
-0.665133 0.0821617
-0.664733 0.0822551
-0.664333 0.0823486
-0.663933 0.0824424
-0.663533 0.0825363
-0.663133 0.0826304
-0.662733 0.0827247
-0.662332 0.0828192
-0.661932 0.0829139
-0.661532 0.0830087
-0.661132 0.0831037
-0.660732 0.083199
-0.660332 0.0832944
-0.659932 0.08339
-0.659532 0.0834857
-0.659132 0.0835817
-0.658732 0.0836778
-0.658332 0.0837742
-0.657932 0.0838707
-0.657532 0.0839674
-0.657131 0.0840643
-0.656731 0.0841614
-0.656331 0.0842587
-0.655931 0.0843561
-0.655531 0.0844538
-0.655131 0.0845516
-0.654731 0.0846496
-0.654331 0.0847479
-0.653931 0.0848463
-0.653531 0.0849449
-0.653131 0.0850437
-0.652731 0.0851427
-0.65233 0.0852418
-0.65193 0.0853412
-0.65153 0.0854408
-0.65113 0.0855405
-0.65073 0.0856405
-0.65033 0.0857406
-0.64993 0.085841
-0.64953 0.0859415
-0.64913 0.0860422
-0.64873 0.0861431
-0.64833 0.0862442
-0.64793 0.0863456
-0.64753 0.0864471
-0.647129 0.0865488
-0.646729 0.0866507
-0.646329 0.0867528
-0.645929 0.0868551
-0.645529 0.0869576
-0.645129 0.0870603
-0.644729 0.0871631
-0.644329 0.0872662
-0.643929 0.0873695
-0.643529 0.087473
-0.643129 0.0875767
-0.642729 0.0876806
-0.642328 0.0877847
-0.641928 0.087889
-0.641528 0.0879935
-0.641128 0.0880981
-0.640728 0.088203
-0.640328 0.0883081
-0.639928 0.0884134
-0.639528 0.0885189
-0.639128 0.0886246
-0.638728 0.0887306
-0.638328 0.0888367
-0.637928 0.088943
-0.637528 0.0890495
-0.637127 0.0891562
-0.636727 0.0892632
-0.636327 0.0893703
-0.635927 0.0894776
-0.635527 0.0895852
-0.635127 0.089693
-0.634727 0.0898009
-0.634327 0.0899091
-0.633927 0.0900175
-0.633527 0.0901261
-0.633127 0.0902349
-0.632727 0.0903439
-0.632326 0.0904531
-0.631926 0.0905625
-0.631526 0.0906721
-0.631126 0.090782
-0.630726 0.090892
-0.630326 0.0910023
-0.629926 0.0911128
-0.629526 0.0912235
-0.629126 0.0913344
-0.628726 0.0914455
-0.628326 0.0915568
-0.627926 0.0916683
-0.627526 0.0917801
-0.627125 0.091892
-0.626725 0.0920042
-0.626325 0.0921166
-0.625925 0.0922292
-0.625525 0.092342
-0.625125 0.0924551
-0.624725 0.0925683
-0.624325 0.0926818
-0.623925 0.0927955
-0.623525 0.0929094
-0.623125 0.0930235
-0.622725 0.0931378
-0.622324 0.0932524
-0.621924 0.0933672
-0.621524 0.0934822
-0.621124 0.0935974
-0.620724 0.0937128
-0.620324 0.0938284
-0.619924 0.0939443
-0.619524 0.0940604
-0.619124 0.0941767
-0.618724 0.0942932
-0.618324 0.09441
-0.617924 0.094527
-0.617524 0.0946442
-0.617123 0.0947616
-0.616723 0.0948792
-0.616323 0.0949971
-0.615923 0.0951151
-0.615523 0.0952335
-0.615123 0.095352
-0.614723 0.0954707
-0.614323 0.0955897
-0.613923 0.0957089
-0.613523 0.0958284
-0.613123 0.095948
-0.612723 0.0960679
-0.612322 0.096188
-0.611922 0.0963083
-0.611522 0.0964289
-0.611122 0.0965497
-0.610722 0.0966707
-0.610322 0.096792
-0.609922 0.0969134
-0.609522 0.0970351
-0.609122 0.0971571
-0.608722 0.0972792
-0.608322 0.0974016
-0.607922 0.0975242
-0.607522 0.0976471
-0.607121 0.0977702
-0.606721 0.0978935
-0.606321 0.098017
-0.605921 0.0981408
-0.605521 0.0982648
-0.605121 0.098389
-0.604721 0.0985135
-0.604321 0.0986382
-0.603921 0.0987632
-0.603521 0.0988883
-0.603121 0.0990137
-0.602721 0.0991394
-0.60232 0.0992653
-0.60192 0.0993914
-0.60152 0.0995177
-0.60112 0.0996443
-0.60072 0.0997711
-0.60032 0.0998982
-0.59992 0.100025
-0.59952 0.100153
-0.59912 0.100281
-0.59872 0.100409
-0.59832 0.100537
-0.59792 0.100666
-0.59752 0.100794
-0.597119 0.100923
-0.596719 0.101052
-0.596319 0.101182
-0.595919 0.101312
-0.595519 0.101441
-0.595119 0.101572
-0.594719 0.101702
-0.594319 0.101833
-0.593919 0.101964
-0.593519 0.102095
-0.593119 0.102226
-0.592719 0.102358
-0.592318 0.10249
-0.591918 0.102622
-0.591518 0.102754
-0.591118 0.102887
-0.590718 0.103019
-0.590318 0.103152
-0.589918 0.103286
-0.589518 0.103419
-0.589118 0.103553
-0.588718 0.103687
-0.588318 0.103822
-0.587918 0.103956
-0.587518 0.104091
-0.587117 0.104226
-0.586717 0.104361
-0.586317 0.104497
-0.585917 0.104633
-0.585517 0.104769
-0.585117 0.104905
-0.584717 0.105041
-0.584317 0.105178
-0.583917 0.105315
-0.583517 0.105452
-0.583117 0.10559
-0.582717 0.105728
-0.582316 0.105866
-0.581916 0.106004
-0.581516 0.106143
-0.581116 0.106281
-0.580716 0.106421
-0.580316 0.10656
-0.579916 0.106699
-0.579516 0.106839
-0.579116 0.106979
-0.578716 0.10712
-0.578316 0.10726
-0.577916 0.107401
-0.577516 0.107542
-0.577115 0.107683
-0.576715 0.107825
-0.576315 0.107967
-0.575915 0.108109
-0.575515 0.108251
-0.575115 0.108394
-0.574715 0.108537
-0.574315 0.10868
-0.573915 0.108823
-0.573515 0.108967
-0.573115 0.109111
-0.572715 0.109255
-0.572314 0.109399
-0.571914 0.109544
-0.571514 0.109689
-0.571114 0.109834
-0.570714 0.10998
-0.570314 0.110125
-0.569914 0.110271
-0.569514 0.110418
-0.569114 0.110564
-0.568714 0.110711
-0.568314 0.110858
-0.567914 0.111005
-0.567514 0.111153
-0.567113 0.111301
-0.566713 0.111449
-0.566313 0.111597
-0.565913 0.111746
-0.565513 0.111894
-0.565113 0.112044
-0.564713 0.112193
-0.564313 0.112343
-0.563913 0.112493
-0.563513 0.112643
-0.563113 0.112793
-0.562713 0.112944
-0.562312 0.113095
-0.561912 0.113246
-0.561512 0.113398
-0.561112 0.11355
-0.560712 0.113702
-0.560312 0.113854
-0.559912 0.114007
-0.559512 0.11416
-0.559112 0.114313
-0.558712 0.114466
-0.558312 0.11462
-0.557912 0.114774
-0.557512 0.114928
-0.557111 0.115082
-0.556711 0.115237
-0.556311 0.115392
-0.555911 0.115548
-0.555511 0.115703
-0.555111 0.115859
-0.554711 0.116015
-0.554311 0.116172
-0.553911 0.116328
-0.553511 0.116485
-0.553111 0.116643
-0.552711 0.1168
-0.55231 0.116958
-0.55191 0.117116
-0.55151 0.117274
-0.55111 0.117433
-0.55071 0.117592
-0.55031 0.117751
-0.54991 0.11791
-0.54951 0.11807
-0.54911 0.11823
-0.54871 0.11839
-0.54831 0.118551
-0.54791 0.118712
-0.54751 0.118873
-0.547109 0.119034
-0.546709 0.119196
-0.546309 0.119358
-0.545909 0.11952
-0.545509 0.119683
-0.545109 0.119845
-0.544709 0.120008
-0.544309 0.120172
-0.543909 0.120335
-0.543509 0.120499
-0.543109 0.120664
-0.542709 0.120828
-0.542308 0.120993
-0.541908 0.121158
-0.541508 0.121323
-0.541108 0.121489
-0.540708 0.121655
-0.540308 0.121821
-0.539908 0.121987
-0.539508 0.122154
-0.539108 0.122321
-0.538708 0.122489
-0.538308 0.122656
-0.537908 0.122824
-0.537508 0.122992
-0.537107 0.123161
-0.536707 0.12333
-0.536307 0.123499
-0.535907 0.123668
-0.535507 0.123838
-0.535107 0.124007
-0.534707 0.124178
-0.534307 0.124348
-0.533907 0.124519
-0.533507 0.12469
-0.533107 0.124861
-0.532707 0.125033
-0.532306 0.125205
-0.531906 0.125377
-0.531506 0.12555
-0.531106 0.125723
-0.530706 0.125896
-0.530306 0.126069
-0.529906 0.126243
-0.529506 0.126417
-0.529106 0.126591
-0.528706 0.126766
-0.528306 0.126941
-0.527906 0.127116
-0.527506 0.127291
-0.527105 0.127467
-0.526705 0.127643
-0.526305 0.12782
-0.525905 0.127996
-0.525505 0.128173
-0.525105 0.12835
-0.524705 0.128528
-0.524305 0.128706
-0.523905 0.128884
-0.523505 0.129062
-0.523105 0.129241
-0.522705 0.12942
-0.522304 0.1296
-0.521904 0.129779
-0.521504 0.129959
-0.521104 0.130139
-0.520704 0.13032
-0.520304 0.130501
-0.519904 0.130682
-0.519504 0.130863
-0.519104 0.131045
-0.518704 0.131227
-0.518304 0.131409
-0.517904 0.131592
-0.517504 0.131775
-0.517103 0.131958
-0.516703 0.132142
-0.516303 0.132326
-0.515903 0.13251
-0.515503 0.132694
-0.515103 0.132879
-0.514703 0.133064
-0.514303 0.13325
-0.513903 0.133435
-0.513503 0.133621
-0.513103 0.133808
-0.512703 0.133994
-0.512302 0.134181
-0.511902 0.134368
-0.511502 0.134556
-0.511102 0.134744
-0.510702 0.134932
-0.510302 0.135121
-0.509902 0.135309
-0.509502 0.135498
-0.509102 0.135688
-0.508702 0.135877
-0.508302 0.136068
-0.507902 0.136258
-0.507502 0.136448
-0.507101 0.136639
-0.506701 0.136831
-0.506301 0.137022
-0.505901 0.137214
-0.505501 0.137406
-0.505101 0.137599
-0.504701 0.137792
-0.504301 0.137985
-0.503901 0.138178
-0.503501 0.138372
-0.503101 0.138566
-0.502701 0.138761
-0.5023 0.138955
-0.5019 0.13915
-0.5015 0.139346
-0.5011 0.139541
-0.5007 0.139737
-0.5003 0.139934
-0.4999 0.14013
-0.4995 0.140327
-0.4991 0.140524
-0.4987 0.140722
-0.4983 0.14092
-0.4979 0.141118
-0.497499 0.141317
-0.497099 0.141515
-0.496699 0.141715
-0.496299 0.141914
-0.495899 0.142114
-0.495499 0.142314
-0.495099 0.142514
-0.494699 0.142715
-0.494299 0.142916
-0.493899 0.143118
-0.493499 0.143319
-0.493099 0.143522
-0.492699 0.143724
-0.492298 0.143927
-0.491898 0.14413
-0.491498 0.144333
-0.491098 0.144537
-0.490698 0.144741
-0.490298 0.144945
-0.489898 0.14515
-0.489498 0.145355
-0.489098 0.14556
-0.488698 0.145766
-0.488298 0.145972
-0.487898 0.146178
-0.487497 0.146384
-0.487097 0.146591
-0.486697 0.146799
-0.486297 0.147006
-0.485897 0.147214
-0.485497 0.147422
-0.485097 0.147631
-0.484697 0.14784
-0.484297 0.148049
-0.483897 0.148259
-0.483497 0.148469
-0.483097 0.148679
-0.482697 0.148889
-0.482296 0.1491
-0.481896 0.149311
-0.481496 0.149523
-0.481096 0.149735
-0.480696 0.149947
-0.480296 0.15016
-0.479896 0.150373
-0.479496 0.150586
-0.479096 0.150799
-0.478696 0.151013
-0.478296 0.151227
-0.477896 0.151442
-0.477495 0.151657
-0.477095 0.151872
-0.476695 0.152088
-0.476295 0.152304
-0.475895 0.15252
-0.475495 0.152736
-0.475095 0.152953
-0.474695 0.153171
-0.474295 0.153388
-0.473895 0.153606
-0.473495 0.153824
-0.473095 0.154043
-0.472695 0.154262
-0.472294 0.154481
-0.471894 0.154701
-0.471494 0.154921
-0.471094 0.155141
-0.470694 0.155362
-0.470294 0.155583
-0.469894 0.155804
-0.469494 0.156026
-0.469094 0.156248
-0.468694 0.15647
-0.468294 0.156693
-0.467894 0.156916
-0.467493 0.157139
-0.467093 0.157363
-0.466693 0.157587
-0.466293 0.157811
-0.465893 0.158036
-0.465493 0.158261
-0.465093 0.158487
-0.464693 0.158713
-0.464293 0.158939
-0.463893 0.159165
-0.463493 0.159392
-0.463093 0.159619
-0.462693 0.159847
-0.462292 0.160075
-0.461892 0.160303
-0.461492 0.160531
-0.461092 0.16076
-0.460692 0.16099
-0.460292 0.161219
-0.459892 0.161449
-0.459492 0.161679
-0.459092 0.16191
-0.458692 0.162141
-0.458292 0.162373
-0.457892 0.162604
-0.457491 0.162836
-0.457091 0.163069
-0.456691 0.163302
-0.456291 0.163535
-0.455891 0.163768
-0.455491 0.164002
-0.455091 0.164236
-0.454691 0.164471
-0.454291 0.164706
-0.453891 0.164941
-0.453491 0.165176
-0.453091 0.165412
-0.452691 0.165649
-0.45229 0.165885
-0.45189 0.166122
-0.45149 0.16636
-0.45109 0.166597
-0.45069 0.166836
-0.45029 0.167074
-0.44989 0.167313
-0.44949 0.167552
-0.44909 0.167792
-0.44869 0.168031
-0.44829 0.168272
-0.44789 0.168512
-0.447489 0.168753
-0.447089 0.168995
-0.446689 0.169236
-0.446289 0.169478
-0.445889 0.169721
-0.445489 0.169963
-0.445089 0.170207
-0.444689 0.17045
-0.444289 0.170694
-0.443889 0.170938
-0.443489 0.171183
-0.443089 0.171428
-0.442689 0.171673
-0.442288 0.171919
-0.441888 0.172165
-0.441488 0.172411
-0.441088 0.172658
-0.440688 0.172905
-0.440288 0.173152
-0.439888 0.1734
-0.439488 0.173648
-0.439088 0.173897
-0.438688 0.174146
-0.438288 0.174395
-0.437888 0.174645
-0.437487 0.174895
-0.437087 0.175145
-0.436687 0.175396
-0.436287 0.175647
-0.435887 0.175899
-0.435487 0.176151
-0.435087 0.176403
-0.434687 0.176656
-0.434287 0.176909
-0.433887 0.177162
-0.433487 0.177416
-0.433087 0.17767
-0.432687 0.177924
-0.432286 0.178179
-0.431886 0.178434
-0.431486 0.17869
-0.431086 0.178946
-0.430686 0.179202
-0.430286 0.179459
-0.429886 0.179716
-0.429486 0.179974
-0.429086 0.180231
-0.428686 0.18049
-0.428286 0.180748
-0.427886 0.181007
-0.427485 0.181266
-0.427085 0.181526
-0.426685 0.181786
-0.426285 0.182047
-0.425885 0.182308
-0.425485 0.182569
-0.425085 0.18283
-0.424685 0.183092
-0.424285 0.183355
-0.423885 0.183617
-0.423485 0.183881
-0.423085 0.184144
-0.422685 0.184408
-0.422284 0.184672
-0.421884 0.184937
-0.421484 0.185202
-0.421084 0.185467
-0.420684 0.185733
-0.420284 0.185999
-0.419884 0.186266
-0.419484 0.186533
-0.419084 0.1868
-0.418684 0.187068
-0.418284 0.187336
-0.417884 0.187604
-0.417483 0.187873
-0.417083 0.188142
-0.416683 0.188412
-0.416283 0.188682
-0.415883 0.188952
-0.415483 0.189223
-0.415083 0.189494
-0.414683 0.189765
-0.414283 0.190037
-0.413883 0.19031
-0.413483 0.190582
-0.413083 0.190855
-0.412683 0.191129
-0.412282 0.191403
-0.411882 0.191677
-0.411482 0.191952
-0.411082 0.192227
-0.410682 0.192502
-0.410282 0.192778
-0.409882 0.193054
-0.409482 0.19333
-0.409082 0.193607
-0.408682 0.193885
-0.408282 0.194162
-0.407882 0.194441
-0.407481 0.194719
-0.407081 0.194998
-0.406681 0.195277
-0.406281 0.195557
-0.405881 0.195837
-0.405481 0.196118
-0.405081 0.196399
-0.404681 0.19668
-0.404281 0.196961
-0.403881 0.197243
-0.403481 0.197526
-0.403081 0.197809
-0.402681 0.198092
-0.40228 0.198376
-0.40188 0.19866
-0.40148 0.198944
-0.40108 0.199229
-0.40068 0.199514
-0.40028 0.1998
-0.39988 0.200086
-0.39948 0.200372
-0.39908 0.200659
-0.39868 0.200946
-0.39828 0.201234
-0.39788 0.201522
-0.397479 0.201811
-0.397079 0.202099
-0.396679 0.202389
-0.396279 0.202679
-0.395879 0.202969
-0.395479 0.20326
-0.395079 0.203551
-0.394679 0.203842
-0.394279 0.204134
-0.393879 0.204427
-0.393479 0.20472
-0.393079 0.205014
-0.392679 0.205308
-0.392278 0.205602
-0.391878 0.205897
-0.391478 0.206192
-0.391078 0.206488
-0.390678 0.206785
-0.390278 0.207082
-0.389878 0.20738
-0.389478 0.207678
-0.389078 0.207976
-0.388678 0.208275
-0.388278 0.208575
-0.387878 0.208875
-0.387477 0.209176
-0.387077 0.209478
-0.386677 0.209779
-0.386277 0.210082
-0.385877 0.210385
-0.385477 0.210689
-0.385077 0.210993
-0.384677 0.211298
-0.384277 0.211603
-0.383877 0.211909
-0.383477 0.212216
-0.383077 0.212523
-0.382677 0.212831
-0.382276 0.213139
-0.381876 0.213448
-0.381476 0.213758
-0.381076 0.214068
-0.380676 0.214379
-0.380276 0.214691
-0.379876 0.215003
-0.379476 0.215316
-0.379076 0.21563
-0.378676 0.215944
-0.378276 0.216259
-0.377876 0.216575
-0.377475 0.216891
-0.377075 0.217208
-0.376675 0.217526
-0.376275 0.217844
-0.375875 0.218163
-0.375475 0.218483
-0.375075 0.218804
-0.374675 0.219125
-0.374275 0.219447
-0.373875 0.21977
-0.373475 0.220093
-0.373075 0.220417
-0.372675 0.220742
-0.372274 0.221068
-0.371874 0.221394
-0.371474 0.221721
-0.371074 0.222049
-0.370674 0.222378
-0.370274 0.222708
-0.369874 0.223038
-0.369474 0.223369
-0.369074 0.223701
-0.368674 0.224033
-0.368274 0.224367
-0.367874 0.224701
-0.367473 0.225036
-0.367073 0.225372
-0.366673 0.225709
-0.366273 0.226046
-0.365873 0.226385
-0.365473 0.226724
-0.365073 0.227064
-0.364673 0.227405
-0.364273 0.227747
-0.363873 0.228089
-0.363473 0.228433
-0.363073 0.228777
-0.362673 0.229122
-0.362272 0.229468
-0.361872 0.229815
-0.361472 0.230163
-0.361072 0.230512
-0.360672 0.230861
-0.360272 0.231212
-0.359872 0.231563
-0.359472 0.231916
-0.359072 0.232269
-0.358672 0.232623
-0.358272 0.232979
-0.357872 0.233335
-0.357471 0.233692
-0.357071 0.23405
-0.356671 0.234409
-0.356271 0.234768
-0.355871 0.235129
-0.355471 0.235491
-0.355071 0.235854
-0.354671 0.236218
-0.354271 0.236582
-0.353871 0.236948
-0.353471 0.237315
-0.353071 0.237682
-0.352671 0.238051
-0.35227 0.238421
-0.35187 0.238792
-0.35147 0.239163
-0.35107 0.239536
-0.35067 0.23991
-0.35027 0.240285
-0.34987 0.240661
-0.34947 0.241038
-0.34907 0.241416
-0.34867 0.241795
-0.34827 0.242175
-0.34787 0.242556
-0.347469 0.242938
-0.347069 0.243321
-0.346669 0.243706
-0.346269 0.244091
-0.345869 0.244478
-0.345469 0.244865
-0.345069 0.245254
-0.344669 0.245644
-0.344269 0.246035
-0.343869 0.246427
-0.343469 0.24682
-0.343069 0.247214
-0.342669 0.24761
-0.342268 0.248006
-0.341868 0.248404
-0.341468 0.248803
-0.341068 0.249203
-0.340668 0.249604
-0.340268 0.250007
-0.339868 0.25041
-0.339468 0.250815
-0.339068 0.251221
-0.338668 0.251628
-0.338268 0.252036
-0.337868 0.252445
-0.337467 0.252856
-0.337067 0.253268
-0.336667 0.253681
-0.336267 0.254095
-0.335867 0.25451
-0.335467 0.254927
-0.335067 0.255345
-0.334667 0.255764
-0.334267 0.256184
-0.333867 0.256606
-0.333467 0.257029
-0.333067 0.257453
-0.332667 0.257879
-0.332266 0.258305
-0.331866 0.258733
-0.331466 0.259162
-0.331066 0.259593
-0.330666 0.260025
-0.330266 0.260458
-0.329866 0.260892
-0.329466 0.261328
-0.329066 0.261765
-0.328666 0.262203
-0.328266 0.262642
-0.327866 0.263083
-0.327465 0.263526
-0.327065 0.263969
-0.326665 0.264414
-0.326265 0.26486
-0.325865 0.265308
-0.325465 0.265757
-0.325065 0.266207
-0.324665 0.266659
-0.324265 0.267112
-0.323865 0.267566
-0.323465 0.268022
-0.323065 0.268479
-0.322665 0.268938
-0.322264 0.269398
-0.321864 0.269859
-0.321464 0.270322
-0.321064 0.270786
-0.320664 0.271252
-0.320264 0.271719
-0.319864 0.272187
-0.319464 0.272657
-0.319064 0.273128
-0.318664 0.273601
-0.318264 0.274075
-0.317864 0.274551
-0.317463 0.275028
-0.317063 0.275506
-0.316663 0.275986
-0.316263 0.276468
-0.315863 0.276951
-0.315463 0.277435
-0.315063 0.277921
-0.314663 0.278409
-0.314263 0.278897
-0.313863 0.279388
-0.313463 0.27988
-0.313063 0.280373
-0.312663 0.280868
-0.312262 0.281365
-0.311862 0.281863
-0.311462 0.282362
-0.311062 0.282863
-0.310662 0.283366
-0.310262 0.28387
-0.309862 0.284376
-0.309462 0.284883
-0.309062 0.285392
-0.308662 0.285902
-0.308262 0.286414
-0.307862 0.286928
-0.307461 0.287443
-0.307061 0.28796
-0.306661 0.288478
-0.306261 0.288998
-0.305861 0.289519
-0.305461 0.290043
-0.305061 0.290567
-0.304661 0.291094
-0.304261 0.291622
-0.303861 0.292151
-0.303461 0.292683
-0.303061 0.293215
-0.302661 0.29375
-0.30226 0.294286
-0.30186 0.294824
-0.30146 0.295364
-0.30106 0.295905
-0.30066 0.296448
-0.30026 0.296992
-0.29986 0.297538
-0.29946 0.298086
-0.29906 0.298636
-0.29866 0.299187
-0.29826 0.29974
-0.29786 0.300295
-0.297459 0.300851
-0.297059 0.30141
-0.296659 0.301969
-0.296259 0.302531
-0.295859 0.303094
-0.295459 0.303659
-0.295059 0.304226
-0.294659 0.304795
-0.294259 0.305365
-0.293859 0.305937
-0.293459 0.306511
-0.293059 0.307087
-0.292659 0.307664
-0.292258 0.308243
-0.291858 0.308824
-0.291458 0.309407
-0.291058 0.309991
-0.290658 0.310578
-0.290258 0.311166
-0.289858 0.311756
-0.289458 0.312348
-0.289058 0.312941
-0.288658 0.313537
-0.288258 0.314134
-0.287858 0.314733
-0.287457 0.315334
-0.287057 0.315937
-0.286657 0.316541
-0.286257 0.317148
-0.285857 0.317756
-0.285457 0.318366
-0.285057 0.318978
-0.284657 0.319592
-0.284257 0.320208
-0.283857 0.320826
-0.283457 0.321446
-0.283057 0.322067
-0.282657 0.322691
-0.282256 0.323316
-0.281856 0.323943
-0.281456 0.324572
-0.281056 0.325203
-0.280656 0.325836
-0.280256 0.326471
-0.279856 0.327108
-0.279456 0.327747
-0.279056 0.328388
-0.278656 0.329031
-0.278256 0.329675
-0.277856 0.330322
-0.277455 0.330971
-0.277055 0.331621
-0.276655 0.332274
-0.276255 0.332929
-0.275855 0.333585
-0.275455 0.334244
-0.275055 0.334904
-0.274655 0.335567
-0.274255 0.336232
-0.273855 0.336898
-0.273455 0.337567
-0.273055 0.338237
-0.272655 0.33891
-0.272254 0.339585
-0.271854 0.340262
-0.271454 0.340941
-0.271054 0.341621
-0.270654 0.342304
-0.270254 0.342989
-0.269854 0.343676
-0.269454 0.344366
-0.269054 0.345057
-0.268654 0.34575
-0.268254 0.346446
-0.267854 0.347143
-0.267453 0.347843
-0.267053 0.348544
-0.266653 0.349248
-0.266253 0.349954
-0.265853 0.350662
-0.265453 0.351372
-0.265053 0.352085
-0.264653 0.352799
-0.264253 0.353516
-0.263853 0.354234
-0.263453 0.354955
-0.263053 0.355678
-0.262653 0.356403
-0.262252 0.357131
-0.261852 0.35786
-0.261452 0.358592
-0.261052 0.359326
-0.260652 0.360062
-0.260252 0.3608
-0.259852 0.361541
-0.259452 0.362283
-0.259052 0.363028
-0.258652 0.363775
-0.258252 0.364525
-0.257852 0.365276
-0.257451 0.36603
-0.257051 0.366786
-0.256651 0.367544
-0.256251 0.368305
-0.255851 0.369067
-0.255451 0.369832
-0.255051 0.370599
-0.254651 0.371369
-0.254251 0.372141
-0.253851 0.372915
-0.253451 0.373691
-0.253051 0.37447
-0.252651 0.375251
-0.25225 0.376034
-0.25185 0.376819
-0.25145 0.377607
-0.25105 0.378397
-0.25065 0.37919
-0.25025 0.379984
-0.24985 0.380781
-0.24945 0.381581
-0.24905 0.382383
-0.24865 0.383187
-0.24825 0.383993
-0.24785 0.384802
-0.247449 0.385613
-0.247049 0.386426
-0.246649 0.387242
-0.246249 0.388061
-0.245849 0.388881
-0.245449 0.389704
-0.245049 0.39053
-0.244649 0.391357
-0.244249 0.392188
-0.243849 0.39302
-0.243449 0.393855
-0.243049 0.394693
-0.242649 0.395532
-0.242248 0.396375
-0.241848 0.397219
-0.241448 0.398066
-0.241048 0.398916
-0.240648 0.399768
-0.240248 0.400622
-0.239848 0.401479
-0.239448 0.402339
-0.239048 0.4032
-0.238648 0.404065
-0.238248 0.404932
-0.237848 0.405801
-0.237447 0.406673
-0.237047 0.407547
-0.236647 0.408423
-0.236247 0.409303
-0.235847 0.410184
-0.235447 0.411069
-0.235047 0.411955
-0.234647 0.412845
-0.234247 0.413737
-0.233847 0.414631
-0.233447 0.415528
-0.233047 0.416427
-0.232647 0.417329
-0.232246 0.418234
-0.231846 0.419141
-0.231446 0.42005
-0.231046 0.420963
-0.230646 0.421877
-0.230246 0.422795
-0.229846 0.423715
-0.229446 0.424637
-0.229046 0.425562
-0.228646 0.42649
-0.228246 0.42742
-0.227846 0.428353
-0.227445 0.429289
-0.227045 0.430227
-0.226645 0.431168
-0.226245 0.432111
-0.225845 0.433058
-0.225445 0.434006
-0.225045 0.434958
-0.224645 0.435912
-0.224245 0.436868
-0.223845 0.437828
-0.223445 0.43879
-0.223045 0.439754
-0.222645 0.440722
-0.222244 0.441692
-0.221844 0.442664
-0.221444 0.44364
-0.221044 0.444618
-0.220644 0.445599
-0.220244 0.446582
-0.219844 0.447568
-0.219444 0.448557
-0.219044 0.449549
-0.218644 0.450543
-0.218244 0.45154
-0.217844 0.45254
-0.217443 0.453543
-0.217043 0.454548
-0.216643 0.455556
-0.216243 0.456567
-0.215843 0.457581
-0.215443 0.458597
-0.215043 0.459616
-0.214643 0.460638
-0.214243 0.461663
-0.213843 0.462691
-0.213443 0.463721
-0.213043 0.464754
-0.212643 0.46579
-0.212242 0.466829
-0.211842 0.46787
-0.211442 0.468915
-0.211042 0.469962
-0.210642 0.471012
-0.210242 0.472065
-0.209842 0.47312
-0.209442 0.474179
-0.209042 0.47524
-0.208642 0.476305
-0.208242 0.477372
-0.207842 0.478442
-0.207441 0.479515
-0.207041 0.48059
-0.206641 0.481669
-0.206241 0.482751
-0.205841 0.483835
-0.205441 0.484922
-0.205041 0.486012
-0.204641 0.487106
-0.204241 0.488202
-0.203841 0.489301
-0.203441 0.490402
-0.203041 0.491507
-0.202641 0.492615
-0.20224 0.493726
-0.20184 0.494839
-0.20144 0.495956
-0.20104 0.497075
-0.20064 0.498198
-0.20024 0.499323
-0.19984 0.500452
-0.19944 0.501583
-0.19904 0.502717
-0.19864 0.503855
-0.19824 0.504995
-0.19784 0.506138
-0.197439 0.507284
-0.197039 0.508432
-0.196639 0.509584
-0.196239 0.510738
-0.195839 0.511896
-0.195439 0.513055
-0.195039 0.514218
-0.194639 0.515383
-0.194239 0.516551
-0.193839 0.517722
-0.193439 0.518895
-0.193039 0.520071
-0.192639 0.52125
-0.192238 0.522431
-0.191838 0.523615
-0.191438 0.524801
-0.191038 0.52599
-0.190638 0.527181
-0.190238 0.528375
-0.189838 0.529571
-0.189438 0.53077
-0.189038 0.531971
-0.188638 0.533175
-0.188238 0.534381
-0.187838 0.535589
-0.187437 0.536799
-0.187037 0.538012
-0.186637 0.539228
-0.186237 0.540445
-0.185837 0.541665
-0.185437 0.542887
-0.185037 0.544111
-0.184637 0.545337
-0.184237 0.546566
-0.183837 0.547797
-0.183437 0.549029
-0.183037 0.550264
-0.182637 0.551501
-0.182236 0.55274
-0.181836 0.553981
-0.181436 0.555225
-0.181036 0.55647
-0.180636 0.557717
-0.180236 0.558966
-0.179836 0.560217
-0.179436 0.56147
-0.179036 0.562725
-0.178636 0.563981
-0.178236 0.56524
-0.177836 0.5665
-0.177435 0.567763
-0.177035 0.569027
-0.176635 0.570292
-0.176235 0.57156
-0.175835 0.572829
-0.175435 0.5741
-0.175035 0.575373
-0.174635 0.576647
-0.174235 0.577923
-0.173835 0.579201
-0.173435 0.58048
-0.173035 0.581761
-0.172635 0.583043
-0.172234 0.584327
-0.171834 0.585612
-0.171434 0.586899
-0.171034 0.588188
-0.170634 0.589478
-0.170234 0.590769
-0.169834 0.592062
-0.169434 0.593356
-0.169034 0.594651
-0.168634 0.595948
-0.168234 0.597246
-0.167834 0.598546
-0.167433 0.599846
-0.167033 0.601149
-0.166633 0.602452
-0.166233 0.603756
-0.165833 0.605062
-0.165433 0.606369
-0.165033 0.607677
-0.164633 0.608986
-0.164233 0.610297
-0.163833 0.611608
-0.163433 0.61292
-0.163033 0.614234
-0.162633 0.615549
-0.162232 0.616864
-0.161832 0.618181
-0.161432 0.619499
-0.161032 0.620817
-0.160632 0.622137
-0.160232 0.623457
-0.159832 0.624778
-0.159432 0.626101
-0.159032 0.627424
-0.158632 0.628747
-0.158232 0.630072
-0.157832 0.631398
-0.157431 0.632724
-0.157031 0.634051
-0.156631 0.635378
-0.156231 0.636707
-0.155831 0.638036
-0.155431 0.639366
-0.155031 0.640696
-0.154631 0.642027
-0.154231 0.643359
-0.153831 0.644691
-0.153431 0.646024
-0.153031 0.647357
-0.152631 0.648691
-0.15223 0.650025
-0.15183 0.65136
-0.15143 0.652695
-0.15103 0.654031
-0.15063 0.655367
-0.15023 0.656703
-0.14983 0.65804
-0.14943 0.659377
-0.14903 0.660715
-0.14863 0.662053
-0.14823 0.663391
-0.14783 0.664729
-0.147429 0.666068
-0.147029 0.667407
-0.146629 0.668746
-0.146229 0.670085
-0.145829 0.671424
-0.145429 0.672764
-0.145029 0.674103
-0.144629 0.675443
-0.144229 0.676783
-0.143829 0.678123
-0.143429 0.679463
-0.143029 0.680803
-0.142629 0.682142
-0.142228 0.683482
-0.141828 0.684822
-0.141428 0.686162
-0.141028 0.687502
-0.140628 0.688841
-0.140228 0.690181
-0.139828 0.69152
-0.139428 0.692859
-0.139028 0.694198
-0.138628 0.695537
-0.138228 0.696875
-0.137828 0.698213
-0.137427 0.699551
-0.137027 0.700889
-0.136627 0.702226
-0.136227 0.703563
-0.135827 0.7049
-0.135427 0.706236
-0.135027 0.707572
-0.134627 0.708907
-0.134227 0.710242
-0.133827 0.711576
-0.133427 0.71291
-0.133027 0.714244
-0.132627 0.715577
-0.132226 0.716909
-0.131826 0.718241
-0.131426 0.719572
-0.131026 0.720903
-0.130626 0.722233
-0.130226 0.723562
-0.129826 0.724891
-0.129426 0.726218
-0.129026 0.727546
-0.128626 0.728872
-0.128226 0.730198
-0.127826 0.731523
-0.127425 0.732847
-0.127025 0.73417
-0.126625 0.735493
-0.126225 0.736814
-0.125825 0.738135
-0.125425 0.739455
-0.125025 0.740774
-0.124625 0.742092
-0.124225 0.743409
-0.123825 0.744725
-0.123425 0.74604
-0.123025 0.747354
-0.122625 0.748666
-0.122224 0.749978
-0.121824 0.751289
-0.121424 0.752598
-0.121024 0.753907
-0.120624 0.755214
-0.120224 0.75652
-0.119824 0.757825
-0.119424 0.759129
-0.119024 0.760431
-0.118624 0.761733
-0.118224 0.763032
-0.117824 0.764331
-0.117423 0.765628
-0.117023 0.766924
-0.116623 0.768219
-0.116223 0.769512
-0.115823 0.770804
-0.115423 0.772094
-0.115023 0.773383
-0.114623 0.77467
-0.114223 0.775956
-0.113823 0.777241
-0.113423 0.778524
-0.113023 0.779805
-0.112623 0.781085
-0.112222 0.782363
-0.111822 0.783639
-0.111422 0.784914
-0.111022 0.786187
-0.110622 0.787459
-0.110222 0.788729
-0.109822 0.789997
-0.109422 0.791263
-0.109022 0.792528
-0.108622 0.793791
-0.108222 0.795052
-0.107822 0.796311
-0.107421 0.797568
-0.107021 0.798824
-0.106621 0.800077
-0.106221 0.801329
-0.105821 0.802579
-0.105421 0.803826
-0.105021 0.805072
-0.104621 0.806316
-0.104221 0.807558
-0.103821 0.808798
-0.103421 0.810035
-0.103021 0.811271
-0.102621 0.812504
-0.10222 0.813736
-0.10182 0.814965
-0.10142 0.816192
-0.10102 0.817417
-0.10062 0.81864
-0.10022 0.81986
-0.09982 0.821079
-0.0994199 0.822294
-0.0990198 0.823508
-0.0986197 0.82472
-0.0982196 0.825929
-0.0978196 0.827135
-0.0974195 0.82834
-0.0970194 0.829541
-0.0966193 0.830741
-0.0962192 0.831938
-0.0958192 0.833133
-0.0954191 0.834325
-0.095019 0.835514
-0.0946189 0.836702
-0.0942188 0.837886
-0.0938188 0.839068
-0.0934187 0.840248
-0.0930186 0.841425
-0.0926185 0.842599
-0.0922184 0.84377
-0.0918184 0.844939
-0.0914183 0.846105
-0.0910182 0.847269
-0.0906181 0.84843
-0.090218 0.849588
-0.089818 0.850743
-0.0894179 0.851896
-0.0890178 0.853045
-0.0886177 0.854192
-0.0882176 0.855336
-0.0878176 0.856477
-0.0874175 0.857615
-0.0870174 0.858751
-0.0866173 0.859883
-0.0862172 0.861012
-0.0858172 0.862139
-0.0854171 0.863262
-0.085017 0.864383
-0.0846169 0.8655
-0.0842168 0.866614
-0.0838168 0.867726
-0.0834167 0.868834
-0.0830166 0.869939
-0.0826165 0.87104
-0.0822164 0.872139
-0.0818164 0.873235
-0.0814163 0.874327
-0.0810162 0.875416
-0.0806161 0.876502
-0.080216 0.877584
-0.079816 0.878664
-0.0794159 0.879739
-0.0790158 0.880812
-0.0786157 0.881881
-0.0782156 0.882947
-0.0778156 0.88401
-0.0774155 0.885069
-0.0770154 0.886124
-0.0766153 0.887176
-0.0762152 0.888225
-0.0758152 0.88927
-0.0754151 0.890312
-0.075015 0.89135
-0.0746149 0.892384
-0.0742148 0.893415
-0.0738148 0.894443
-0.0734147 0.895466
-0.0730146 0.896486
-0.0726145 0.897503
-0.0722144 0.898515
-0.0718144 0.899524
-0.0714143 0.90053
-0.0710142 0.901531
-0.0706141 0.902529
-0.070214 0.903523
-0.069814 0.904513
-0.0694139 0.905499
-0.0690138 0.906482
-0.0686137 0.90746
-0.0682136 0.908435
-0.0678136 0.909405
-0.0674135 0.910372
-0.0670134 0.911335
-0.0666133 0.912294
-0.0662132 0.913249
-0.0658132 0.9142
-0.0654131 0.915146
-0.065013 0.916089
-0.0646129 0.917028
-0.0642128 0.917962
-0.0638128 0.918892
-0.0634127 0.919819
-0.0630126 0.920741
-0.0626125 0.921658
-0.0622124 0.922572
-0.0618124 0.923481
-0.0614123 0.924387
-0.0610122 0.925287
-0.0606121 0.926184
-0.060212 0.927076
-0.059812 0.927964
-0.0594119 0.928848
-0.0590118 0.929727
-0.0586117 0.930602
-0.0582116 0.931472
-0.0578116 0.932338
-0.0574115 0.933199
-0.0570114 0.934056
-0.0566113 0.934909
-0.0562112 0.935757
-0.0558112 0.9366
-0.0554111 0.937439
-0.055011 0.938273
-0.0546109 0.939103
-0.0542108 0.939928
-0.0538108 0.940748
-0.0534107 0.941563
-0.0530106 0.942374
-0.0526105 0.943181
-0.0522104 0.943982
-0.0518104 0.944779
-0.0514103 0.945571
-0.0510102 0.946358
-0.0506101 0.94714
-0.05021 0.947918
-0.04981 0.94869
-0.0494099 0.949458
-0.0490098 0.950221
-0.0486097 0.950979
-0.0482096 0.951732
-0.0478096 0.95248
-0.0474095 0.953223
-0.0470094 0.953961
-0.0466093 0.954694
-0.0462092 0.955422
-0.0458092 0.956145
-0.0454091 0.956862
-0.045009 0.957575
-0.0446089 0.958282
-0.0442088 0.958985
-0.0438088 0.959682
-0.0434087 0.960374
-0.0430086 0.961061
-0.0426085 0.961742
-0.0422084 0.962418
-0.0418084 0.963089
-0.0414083 0.963755
-0.0410082 0.964415
-0.0406081 0.96507
-0.040208 0.96572
-0.039808 0.966364
-0.0394079 0.967003
-0.0390078 0.967637
-0.0386077 0.968265
-0.0382076 0.968887
-0.0378076 0.969504
-0.0374075 0.970116
-0.0370074 0.970722
-0.0366073 0.971322
-0.0362072 0.971917
-0.0358072 0.972506
-0.0354071 0.97309
-0.035007 0.973668
-0.0346069 0.97424
-0.0342068 0.974807
-0.0338068 0.975368
-0.0334067 0.975923
-0.0330066 0.976473
-0.0326065 0.977016
-0.0322064 0.977554
-0.0318064 0.978086
-0.0314063 0.978613
-0.0310062 0.979133
-0.0306061 0.979648
-0.030206 0.980156
-0.029806 0.980659
-0.0294059 0.981156
-0.0290058 0.981647
-0.0286057 0.982132
-0.0282056 0.982611
-0.0278056 0.983084
-0.0274055 0.983551
-0.0270054 0.984012
-0.0266053 0.984467
-0.0262052 0.984915
-0.0258052 0.985358
-0.0254051 0.985794
-0.025005 0.986225
-0.0246049 0.986649
-0.0242048 0.987067
-0.0238048 0.987478
-0.0234047 0.987884
-0.0230046 0.988283
-0.0226045 0.988676
-0.0222044 0.989062
-0.0218044 0.989442
-0.0214043 0.989816
-0.0210042 0.990184
-0.0206041 0.990545
-0.020204 0.9909
-0.019804 0.991248
-0.0194039 0.99159
-0.0190038 0.991925
-0.0186037 0.992254
-0.0182036 0.992576
-0.0178036 0.992892
-0.0174035 0.993202
-0.0170034 0.993504
-0.0166033 0.9938
-0.0162032 0.99409
-0.0158032 0.994373
-0.0154031 0.994649
-0.015003 0.994918
-0.0146029 0.995181
-0.0142028 0.995437
-0.0138028 0.995686
-0.0134027 0.995929
-0.0130026 0.996165
-0.0126025 0.996394
-0.0122024 0.996616
-0.0118024 0.996831
-0.0114023 0.997039
-0.0110022 0.997241
-0.0106021 0.997435
-0.010202 0.997623
-0.00980196 0.997804
-0.00940188 0.997977
-0.0090018 0.998144
-0.00860172 0.998304
-0.00820164 0.998456
-0.00780156 0.998602
-0.00740148 0.998741
-0.0070014 0.998872
-0.00660132 0.998996
-0.00620124 0.999113
-0.00580116 0.999223
-0.00540108 0.999326
-0.005001 0.999422
-0.00460092 0.99951
-0.00420084 0.999591
-0.00380076 0.999665
-0.00340068 0.999732
-0.0030006 0.999791
-0.00260052 0.999843
-0.00220044 0.999887
-0.00180036 0.999924
-0.00140028 0.999954
-0.0010002 0.999977
-0.00060012 0.999992
-0.00020004 0.999999
0.00020004 0.999999
0.00060012 0.999992
0.0010002 0.999977
0.00140028 0.999954
0.00180036 0.999924
0.00220044 0.999887
0.00260052 0.999843
0.0030006 0.999791
0.00340068 0.999732
0.00380076 0.999665
0.00420084 0.999591
0.00460092 0.99951
0.005001 0.999422
0.00540108 0.999326
0.00580116 0.999223
0.00620124 0.999113
0.00660132 0.998996
0.0070014 0.998872
0.00740148 0.998741
0.00780156 0.998602
0.00820164 0.998456
0.00860172 0.998304
0.0090018 0.998144
0.00940188 0.997977
0.00980196 0.997804
0.010202 0.997623
0.0106021 0.997435
0.0110022 0.997241
0.0114023 0.997039
0.0118024 0.996831
0.0122024 0.996616
0.0126025 0.996394
0.0130026 0.996165
0.0134027 0.995929
0.0138028 0.995686
0.0142028 0.995437
0.0146029 0.995181
0.015003 0.994918
0.0154031 0.994649
0.0158032 0.994373
0.0162032 0.99409
0.0166033 0.9938
0.0170034 0.993504
0.0174035 0.993202
0.0178036 0.992892
0.0182036 0.992576
0.0186037 0.992254
0.0190038 0.991925
0.0194039 0.99159
0.019804 0.991248
0.020204 0.9909
0.0206041 0.990545
0.0210042 0.990184
0.0214043 0.989816
0.0218044 0.989443
0.0222044 0.989062
0.0226045 0.988676
0.0230046 0.988283
0.0234047 0.987884
0.0238048 0.987478
0.0242048 0.987067
0.0246049 0.986649
0.025005 0.986225
0.0254051 0.985794
0.0258052 0.985358
0.0262052 0.984915
0.0266053 0.984467
0.0270054 0.984012
0.0274055 0.983551
0.0278056 0.983084
0.0282056 0.982611
0.0286057 0.982132
0.0290058 0.981647
0.0294059 0.981156
0.029806 0.980659
0.030206 0.980157
0.0306061 0.979648
0.0310062 0.979133
0.0314063 0.978613
0.0318064 0.978086
0.0322064 0.977554
0.0326065 0.977016
0.0330066 0.976473
0.0334067 0.975923
0.0338068 0.975368
0.0342068 0.974807
0.0346069 0.97424
0.035007 0.973668
0.0354071 0.97309
0.0358072 0.972506
0.0362072 0.971917
0.0366073 0.971322
0.0370074 0.970722
0.0374075 0.970116
0.0378076 0.969504
0.0382076 0.968887
0.0386077 0.968265
0.0390078 0.967637
0.0394079 0.967003
0.039808 0.966364
0.040208 0.96572
0.0406081 0.965071
0.0410082 0.964416
0.0414083 0.963755
0.0418084 0.963089
0.0422084 0.962418
0.0426085 0.961742
0.0430086 0.961061
0.0434087 0.960374
0.0438088 0.959682
0.0442088 0.958985
0.0446089 0.958282
0.045009 0.957575
0.0454091 0.956862
0.0458092 0.956145
0.0462092 0.955422
0.0466093 0.954694
0.0470094 0.953961
0.0474095 0.953223
0.0478096 0.95248
0.0482096 0.951732
0.0486097 0.950979
0.0490098 0.950221
0.0494099 0.949458
0.04981 0.94869
0.05021 0.947918
0.0506101 0.94714
0.0510102 0.946358
0.0514103 0.945571
0.0518104 0.944779
0.0522104 0.943982
0.0526105 0.943181
0.0530106 0.942374
0.0534107 0.941563
0.0538108 0.940748
0.0542108 0.939928
0.0546109 0.939103
0.055011 0.938273
0.0554111 0.937439
0.0558112 0.9366
0.0562112 0.935757
0.0566113 0.934909
0.0570114 0.934056
0.0574115 0.933199
0.0578116 0.932338
0.0582116 0.931472
0.0586117 0.930602
0.0590118 0.929727
0.0594119 0.928848
0.059812 0.927964
0.060212 0.927076
0.0606121 0.926184
0.0610122 0.925287
0.0614123 0.924387
0.0618124 0.923481
0.0622124 0.922572
0.0626125 0.921658
0.0630126 0.920741
0.0634127 0.919819
0.0638128 0.918892
0.0642128 0.917962
0.0646129 0.917028
0.065013 0.916089
0.0654131 0.915146
0.0658132 0.9142
0.0662132 0.913249
0.0666133 0.912294
0.0670134 0.911335
0.0674135 0.910372
0.0678136 0.909405
0.0682136 0.908435
0.0686137 0.90746
0.0690138 0.906482
0.0694139 0.905499
0.069814 0.904513
0.070214 0.903523
0.0706141 0.902529
0.0710142 0.901531
0.0714143 0.90053
0.0718144 0.899524
0.0722144 0.898515
0.0726145 0.897503
0.0730146 0.896486
0.0734147 0.895466
0.0738148 0.894443
0.0742148 0.893415
0.0746149 0.892384
0.075015 0.89135
0.0754151 0.890312
0.0758152 0.88927
0.0762152 0.888225
0.0766153 0.887176
0.0770154 0.886124
0.0774155 0.885069
0.0778156 0.88401
0.0782156 0.882947
0.0786157 0.881881
0.0790158 0.880812
0.0794159 0.879739
0.079816 0.878664
0.080216 0.877584
0.0806161 0.876502
0.0810162 0.875416
0.0814163 0.874327
0.0818164 0.873235
0.0822164 0.872139
0.0826165 0.871041
0.0830166 0.869939
0.0834167 0.868834
0.0838168 0.867726
0.0842168 0.866614
0.0846169 0.8655
0.085017 0.864383
0.0854171 0.863262
0.0858172 0.862139
0.0862172 0.861012
0.0866173 0.859883
0.0870174 0.858751
0.0874175 0.857615
0.0878176 0.856477
0.0882176 0.855336
0.0886177 0.854192
0.0890178 0.853045
0.0894179 0.851896
0.089818 0.850743
0.090218 0.849588
0.0906181 0.84843
0.0910182 0.847269
0.0914183 0.846105
0.0918184 0.844939
0.0922184 0.84377
0.0926185 0.842599
0.0930186 0.841425
0.0934187 0.840248
0.0938188 0.839068
0.0942188 0.837886
0.0946189 0.836702
0.095019 0.835515
0.0954191 0.834325
0.0958192 0.833133
0.0962192 0.831938
0.0966193 0.830741
0.0970194 0.829542
0.0974195 0.82834
0.0978196 0.827135
0.0982196 0.825929
0.0986197 0.82472
0.0990198 0.823508
0.0994199 0.822295
0.09982 0.821079
0.10022 0.81986
0.10062 0.81864
0.10102 0.817417
0.10142 0.816192
0.10182 0.814965
0.10222 0.813736
0.102621 0.812504
0.103021 0.811271
0.103421 0.810035
0.103821 0.808798
0.104221 0.807558
0.104621 0.806316
0.105021 0.805072
0.105421 0.803826
0.105821 0.802579
0.106221 0.801329
0.106621 0.800077
0.107021 0.798824
0.107421 0.797568
0.107822 0.796311
0.108222 0.795052
0.108622 0.793791
0.109022 0.792528
0.109422 0.791263
0.109822 0.789997
0.110222 0.788729
0.110622 0.787459
0.111022 0.786187
0.111422 0.784914
0.111822 0.783639
0.112222 0.782363
0.112623 0.781085
0.113023 0.779805
0.113423 0.778524
0.113823 0.777241
0.114223 0.775956
0.114623 0.77467
0.115023 0.773383
0.115423 0.772094
0.115823 0.770804
0.116223 0.769512
0.116623 0.768219
0.117023 0.766924
0.117423 0.765628
0.117824 0.764331
0.118224 0.763033
0.118624 0.761733
0.119024 0.760431
0.119424 0.759129
0.119824 0.757825
0.120224 0.75652
0.120624 0.755214
0.121024 0.753907
0.121424 0.752599
0.121824 0.751289
0.122224 0.749978
0.122625 0.748666
0.123025 0.747354
0.123425 0.74604
0.123825 0.744725
0.124225 0.743409
0.124625 0.742092
0.125025 0.740774
0.125425 0.739455
0.125825 0.738135
0.126225 0.736814
0.126625 0.735493
0.127025 0.73417
0.127425 0.732847
0.127826 0.731523
0.128226 0.730198
0.128626 0.728872
0.129026 0.727546
0.129426 0.726219
0.129826 0.724891
0.130226 0.723562
0.130626 0.722233
0.131026 0.720903
0.131426 0.719572
0.131826 0.718241
0.132226 0.716909
0.132627 0.715577
0.133027 0.714244
0.133427 0.71291
0.133827 0.711576
0.134227 0.710242
0.134627 0.708907
0.135027 0.707572
0.135427 0.706236
0.135827 0.7049
0.136227 0.703563
0.136627 0.702226
0.137027 0.700889
0.137427 0.699551
0.137828 0.698213
0.138228 0.696875
0.138628 0.695537
0.139028 0.694198
0.139428 0.692859
0.139828 0.69152
0.140228 0.690181
0.140628 0.688841
0.141028 0.687502
0.141428 0.686162
0.141828 0.684822
0.142228 0.683482
0.142629 0.682142
0.143029 0.680803
0.143429 0.679463
0.143829 0.678123
0.144229 0.676783
0.144629 0.675443
0.145029 0.674103
0.145429 0.672764
0.145829 0.671424
0.146229 0.670085
0.146629 0.668746
0.147029 0.667407
0.147429 0.666068
0.14783 0.664729
0.14823 0.663391
0.14863 0.662053
0.14903 0.660715
0.14943 0.659377
0.14983 0.65804
0.15023 0.656703
0.15063 0.655367
0.15103 0.654031
0.15143 0.652695
0.15183 0.65136
0.15223 0.650025
0.152631 0.648691
0.153031 0.647357
0.153431 0.646024
0.153831 0.644691
0.154231 0.643359
0.154631 0.642027
0.155031 0.640696
0.155431 0.639366
0.155831 0.638036
0.156231 0.636707
0.156631 0.635379
0.157031 0.634051
0.157431 0.632724
0.157832 0.631398
0.158232 0.630072
0.158632 0.628747
0.159032 0.627424
0.159432 0.626101
0.159832 0.624778
0.160232 0.623457
0.160632 0.622137
0.161032 0.620817
0.161432 0.619499
0.161832 0.618181
0.162232 0.616864
0.162633 0.615549
0.163033 0.614234
0.163433 0.612921
0.163833 0.611608
0.164233 0.610297
0.164633 0.608986
0.165033 0.607677
0.165433 0.606369
0.165833 0.605062
0.166233 0.603756
0.166633 0.602452
0.167033 0.601149
0.167433 0.599847
0.167834 0.598546
0.168234 0.597246
0.168634 0.595948
0.169034 0.594651
0.169434 0.593356
0.169834 0.592062
0.170234 0.590769
0.170634 0.589478
0.171034 0.588188
0.171434 0.586899
0.171834 0.585613
0.172234 0.584327
0.172635 0.583043
0.173035 0.581761
0.173435 0.58048
0.173835 0.579201
0.174235 0.577923
0.174635 0.576647
0.175035 0.575373
0.175435 0.5741
0.175835 0.572829
0.176235 0.57156
0.176635 0.570293
0.177035 0.569027
0.177435 0.567763
0.177836 0.5665
0.178236 0.56524
0.178636 0.563982
0.179036 0.562725
0.179436 0.56147
0.179836 0.560217
0.180236 0.558966
0.180636 0.557717
0.181036 0.55647
0.181436 0.555225
0.181836 0.553981
0.182236 0.55274
0.182637 0.551501
0.183037 0.550264
0.183437 0.549029
0.183837 0.547797
0.184237 0.546566
0.184637 0.545337
0.185037 0.544111
0.185437 0.542887
0.185837 0.541665
0.186237 0.540445
0.186637 0.539228
0.187037 0.538012
0.187437 0.536799
0.187838 0.535589
0.188238 0.534381
0.188638 0.533175
0.189038 0.531971
0.189438 0.53077
0.189838 0.529571
0.190238 0.528375
0.190638 0.527181
0.191038 0.52599
0.191438 0.524801
0.191838 0.523615
0.192238 0.522431
0.192639 0.52125
0.193039 0.520071
0.193439 0.518895
0.193839 0.517722
0.194239 0.516551
0.194639 0.515383
0.195039 0.514218
0.195439 0.513055
0.195839 0.511896
0.196239 0.510738
0.196639 0.509584
0.197039 0.508433
0.197439 0.507284
0.19784 0.506138
0.19824 0.504995
0.19864 0.503855
0.19904 0.502717
0.19944 0.501583
0.19984 0.500452
0.20024 0.499323
0.20064 0.498198
0.20104 0.497075
0.20144 0.495956
0.20184 0.494839
0.20224 0.493726
0.202641 0.492615
0.203041 0.491507
0.203441 0.490402
0.203841 0.489301
0.204241 0.488202
0.204641 0.487106
0.205041 0.486012
0.205441 0.484922
0.205841 0.483835
0.206241 0.482751
0.206641 0.481669
0.207041 0.48059
0.207441 0.479515
0.207842 0.478442
0.208242 0.477372
0.208642 0.476305
0.209042 0.47524
0.209442 0.474179
0.209842 0.47312
0.210242 0.472065
0.210642 0.471012
0.211042 0.469962
0.211442 0.468915
0.211842 0.46787
0.212242 0.466829
0.212643 0.46579
0.213043 0.464754
0.213443 0.463721
0.213843 0.462691
0.214243 0.461663
0.214643 0.460638
0.215043 0.459616
0.215443 0.458597
0.215843 0.457581
0.216243 0.456567
0.216643 0.455556
0.217043 0.454548
0.217443 0.453543
0.217844 0.45254
0.218244 0.45154
0.218644 0.450543
0.219044 0.449549
0.219444 0.448557
0.219844 0.447568
0.220244 0.446582
0.220644 0.445599
0.221044 0.444618
0.221444 0.44364
0.221844 0.442664
0.222244 0.441692
0.222645 0.440722
0.223045 0.439754
0.223445 0.43879
0.223845 0.437828
0.224245 0.436868
0.224645 0.435912
0.225045 0.434958
0.225445 0.434006
0.225845 0.433058
0.226245 0.432111
0.226645 0.431168
0.227045 0.430227
0.227445 0.429289
0.227846 0.428353
0.228246 0.427421
0.228646 0.42649
0.229046 0.425562
0.229446 0.424637
0.229846 0.423715
0.230246 0.422795
0.230646 0.421877
0.231046 0.420963
0.231446 0.42005
0.231846 0.419141
0.232246 0.418234
0.232647 0.417329
0.233047 0.416427
0.233447 0.415528
0.233847 0.414631
0.234247 0.413737
0.234647 0.412845
0.235047 0.411955
0.235447 0.411069
0.235847 0.410184
0.236247 0.409303
0.236647 0.408423
0.237047 0.407547
0.237447 0.406673
0.237848 0.405801
0.238248 0.404932
0.238648 0.404065
0.239048 0.4032
0.239448 0.402339
0.239848 0.401479
0.240248 0.400622
0.240648 0.399768
0.241048 0.398916
0.241448 0.398066
0.241848 0.397219
0.242248 0.396375
0.242649 0.395532
0.243049 0.394693
0.243449 0.393855
0.243849 0.39302
0.244249 0.392188
0.244649 0.391357
0.245049 0.39053
0.245449 0.389704
0.245849 0.388881
0.246249 0.388061
0.246649 0.387242
0.247049 0.386426
0.247449 0.385613
0.24785 0.384802
0.24825 0.383993
0.24865 0.383187
0.24905 0.382383
0.24945 0.381581
0.24985 0.380781
0.25025 0.379984
0.25065 0.37919
0.25105 0.378397
0.25145 0.377607
0.25185 0.376819
0.25225 0.376034
0.252651 0.375251
0.253051 0.37447
0.253451 0.373691
0.253851 0.372915
0.254251 0.372141
0.254651 0.371369
0.255051 0.370599
0.255451 0.369832
0.255851 0.369067
0.256251 0.368305
0.256651 0.367544
0.257051 0.366786
0.257451 0.36603
0.257852 0.365276
0.258252 0.364525
0.258652 0.363775
0.259052 0.363028
0.259452 0.362283
0.259852 0.361541
0.260252 0.3608
0.260652 0.360062
0.261052 0.359326
0.261452 0.358592
0.261852 0.35786
0.262252 0.357131
0.262653 0.356403
0.263053 0.355678
0.263453 0.354955
0.263853 0.354234
0.264253 0.353516
0.264653 0.352799
0.265053 0.352085
0.265453 0.351372
0.265853 0.350662
0.266253 0.349954
0.266653 0.349248
0.267053 0.348544
0.267453 0.347843
0.267854 0.347143
0.268254 0.346446
0.268654 0.34575
0.269054 0.345057
0.269454 0.344366
0.269854 0.343676
0.270254 0.342989
0.270654 0.342304
0.271054 0.341621
0.271454 0.340941
0.271854 0.340262
0.272254 0.339585
0.272655 0.33891
0.273055 0.338237
0.273455 0.337567
0.273855 0.336898
0.274255 0.336232
0.274655 0.335567
0.275055 0.334904
0.275455 0.334244
0.275855 0.333585
0.276255 0.332929
0.276655 0.332274
0.277055 0.331621
0.277455 0.330971
0.277856 0.330322
0.278256 0.329675
0.278656 0.329031
0.279056 0.328388
0.279456 0.327747
0.279856 0.327108
0.280256 0.326471
0.280656 0.325836
0.281056 0.325203
0.281456 0.324572
0.281856 0.323943
0.282256 0.323316
0.282657 0.322691
0.283057 0.322067
0.283457 0.321446
0.283857 0.320826
0.284257 0.320208
0.284657 0.319592
0.285057 0.318978
0.285457 0.318366
0.285857 0.317756
0.286257 0.317148
0.286657 0.316541
0.287057 0.315937
0.287457 0.315334
0.287858 0.314733
0.288258 0.314134
0.288658 0.313537
0.289058 0.312941
0.289458 0.312348
0.289858 0.311756
0.290258 0.311166
0.290658 0.310578
0.291058 0.309991
0.291458 0.309407
0.291858 0.308824
0.292258 0.308243
0.292659 0.307664
0.293059 0.307087
0.293459 0.306511
0.293859 0.305937
0.294259 0.305365
0.294659 0.304795
0.295059 0.304226
0.295459 0.303659
0.295859 0.303094
0.296259 0.302531
0.296659 0.301969
0.297059 0.30141
0.297459 0.300851
0.29786 0.300295
0.29826 0.29974
0.29866 0.299187
0.29906 0.298636
0.29946 0.298086
0.29986 0.297538
0.30026 0.296992
0.30066 0.296448
0.30106 0.295905
0.30146 0.295364
0.30186 0.294824
0.30226 0.294286
0.302661 0.29375
0.303061 0.293215
0.303461 0.292683
0.303861 0.292151
0.304261 0.291622
0.304661 0.291094
0.305061 0.290567
0.305461 0.290043
0.305861 0.289519
0.306261 0.288998
0.306661 0.288478
0.307061 0.28796
0.307461 0.287443
0.307862 0.286928
0.308262 0.286414
0.308662 0.285902
0.309062 0.285392
0.309462 0.284883
0.309862 0.284376
0.310262 0.28387
0.310662 0.283366
0.311062 0.282863
0.311462 0.282362
0.311862 0.281863
0.312262 0.281365
0.312663 0.280868
0.313063 0.280373
0.313463 0.27988
0.313863 0.279388
0.314263 0.278897
0.314663 0.278409
0.315063 0.277921
0.315463 0.277435
0.315863 0.276951
0.316263 0.276468
0.316663 0.275986
0.317063 0.275506
0.317463 0.275028
0.317864 0.274551
0.318264 0.274075
0.318664 0.273601
0.319064 0.273128
0.319464 0.272657
0.319864 0.272187
0.320264 0.271719
0.320664 0.271252
0.321064 0.270786
0.321464 0.270322
0.321864 0.269859
0.322264 0.269398
0.322665 0.268938
0.323065 0.268479
0.323465 0.268022
0.323865 0.267566
0.324265 0.267112
0.324665 0.266659
0.325065 0.266207
0.325465 0.265757
0.325865 0.265308
0.326265 0.26486
0.326665 0.264414
0.327065 0.263969
0.327465 0.263526
0.327866 0.263083
0.328266 0.262642
0.328666 0.262203
0.329066 0.261765
0.329466 0.261328
0.329866 0.260892
0.330266 0.260458
0.330666 0.260025
0.331066 0.259593
0.331466 0.259162
0.331866 0.258733
0.332266 0.258305
0.332667 0.257879
0.333067 0.257453
0.333467 0.257029
0.333867 0.256606
0.334267 0.256184
0.334667 0.255764
0.335067 0.255345
0.335467 0.254927
0.335867 0.25451
0.336267 0.254095
0.336667 0.253681
0.337067 0.253268
0.337467 0.252856
0.337868 0.252445
0.338268 0.252036
0.338668 0.251628
0.339068 0.251221
0.339468 0.250815
0.339868 0.25041
0.340268 0.250007
0.340668 0.249604
0.341068 0.249203
0.341468 0.248803
0.341868 0.248404
0.342268 0.248006
0.342669 0.24761
0.343069 0.247214
0.343469 0.24682
0.343869 0.246427
0.344269 0.246035
0.344669 0.245644
0.345069 0.245254
0.345469 0.244865
0.345869 0.244478
0.346269 0.244091
0.346669 0.243706
0.347069 0.243321
0.347469 0.242938
0.34787 0.242556
0.34827 0.242175
0.34867 0.241795
0.34907 0.241416
0.34947 0.241038
0.34987 0.240661
0.35027 0.240285
0.35067 0.23991
0.35107 0.239536
0.35147 0.239163
0.35187 0.238792
0.35227 0.238421
0.352671 0.238051
0.353071 0.237682
0.353471 0.237315
0.353871 0.236948
0.354271 0.236582
0.354671 0.236218
0.355071 0.235854
0.355471 0.235491
0.355871 0.235129
0.356271 0.234768
0.356671 0.234409
0.357071 0.23405
0.357471 0.233692
0.357872 0.233335
0.358272 0.232979
0.358672 0.232623
0.359072 0.232269
0.359472 0.231916
0.359872 0.231563
0.360272 0.231212
0.360672 0.230861
0.361072 0.230512
0.361472 0.230163
0.361872 0.229815
0.362272 0.229468
0.362673 0.229122
0.363073 0.228777
0.363473 0.228433
0.363873 0.228089
0.364273 0.227747
0.364673 0.227405
0.365073 0.227064
0.365473 0.226724
0.365873 0.226385
0.366273 0.226046
0.366673 0.225709
0.367073 0.225372
0.367473 0.225036
0.367874 0.224701
0.368274 0.224367
0.368674 0.224033
0.369074 0.223701
0.369474 0.223369
0.369874 0.223038
0.370274 0.222708
0.370674 0.222378
0.371074 0.222049
0.371474 0.221721
0.371874 0.221394
0.372274 0.221068
0.372675 0.220742
0.373075 0.220417
0.373475 0.220093
0.373875 0.21977
0.374275 0.219447
0.374675 0.219125
0.375075 0.218804
0.375475 0.218483
0.375875 0.218163
0.376275 0.217844
0.376675 0.217526
0.377075 0.217208
0.377475 0.216891
0.377876 0.216575
0.378276 0.216259
0.378676 0.215944
0.379076 0.21563
0.379476 0.215316
0.379876 0.215003
0.380276 0.214691
0.380676 0.214379
0.381076 0.214068
0.381476 0.213758
0.381876 0.213448
0.382276 0.213139
0.382677 0.212831
0.383077 0.212523
0.383477 0.212216
0.383877 0.211909
0.384277 0.211603
0.384677 0.211298
0.385077 0.210993
0.385477 0.210689
0.385877 0.210385
0.386277 0.210082
0.386677 0.209779
0.387077 0.209477
0.387477 0.209176
0.387878 0.208875
0.388278 0.208575
0.388678 0.208275
0.389078 0.207976
0.389478 0.207678
0.389878 0.20738
0.390278 0.207082
0.390678 0.206785
0.391078 0.206488
0.391478 0.206192
0.391878 0.205897
0.392278 0.205602
0.392679 0.205308
0.393079 0.205014
0.393479 0.20472
0.393879 0.204427
0.394279 0.204134
0.394679 0.203842
0.395079 0.203551
0.395479 0.20326
0.395879 0.202969
0.396279 0.202679
0.396679 0.202389
0.397079 0.202099
0.397479 0.201811
0.39788 0.201522
0.39828 0.201234
0.39868 0.200946
0.39908 0.200659
0.39948 0.200372
0.39988 0.200086
0.40028 0.1998
0.40068 0.199514
0.40108 0.199229
0.40148 0.198944
0.40188 0.19866
0.40228 0.198376
0.402681 0.198092
0.403081 0.197809
0.403481 0.197526
0.403881 0.197243
0.404281 0.196961
0.404681 0.19668
0.405081 0.196399
0.405481 0.196118
0.405881 0.195837
0.406281 0.195557
0.406681 0.195277
0.407081 0.194998
0.407481 0.194719
0.407882 0.194441
0.408282 0.194162
0.408682 0.193885
0.409082 0.193607
0.409482 0.19333
0.409882 0.193054
0.410282 0.192778
0.410682 0.192502
0.411082 0.192227
0.411482 0.191952
0.411882 0.191677
0.412282 0.191403
0.412683 0.191129
0.413083 0.190855
0.413483 0.190582
0.413883 0.19031
0.414283 0.190037
0.414683 0.189765
0.415083 0.189494
0.415483 0.189223
0.415883 0.188952
0.416283 0.188682
0.416683 0.188412
0.417083 0.188142
0.417483 0.187873
0.417884 0.187604
0.418284 0.187336
0.418684 0.187068
0.419084 0.1868
0.419484 0.186533
0.419884 0.186266
0.420284 0.185999
0.420684 0.185733
0.421084 0.185467
0.421484 0.185202
0.421884 0.184937
0.422284 0.184672
0.422685 0.184408
0.423085 0.184144
0.423485 0.183881
0.423885 0.183617
0.424285 0.183355
0.424685 0.183092
0.425085 0.18283
0.425485 0.182569
0.425885 0.182308
0.426285 0.182047
0.426685 0.181786
0.427085 0.181526
0.427485 0.181266
0.427886 0.181007
0.428286 0.180748
0.428686 0.18049
0.429086 0.180231
0.429486 0.179974
0.429886 0.179716
0.430286 0.179459
0.430686 0.179202
0.431086 0.178946
0.431486 0.17869
0.431886 0.178434
0.432286 0.178179
0.432687 0.177924
0.433087 0.17767
0.433487 0.177416
0.433887 0.177162
0.434287 0.176909
0.434687 0.176656
0.435087 0.176403
0.435487 0.176151
0.435887 0.175899
0.436287 0.175647
0.436687 0.175396
0.437087 0.175145
0.437487 0.174895
0.437888 0.174645
0.438288 0.174395
0.438688 0.174146
0.439088 0.173897
0.439488 0.173648
0.439888 0.1734
0.440288 0.173152
0.440688 0.172905
0.441088 0.172658
0.441488 0.172411
0.441888 0.172165
0.442288 0.171919
0.442689 0.171673
0.443089 0.171428
0.443489 0.171183
0.443889 0.170938
0.444289 0.170694
0.444689 0.17045
0.445089 0.170207
0.445489 0.169963
0.445889 0.169721
0.446289 0.169478
0.446689 0.169236
0.447089 0.168995
0.447489 0.168753
0.44789 0.168512
0.44829 0.168272
0.44869 0.168031
0.44909 0.167792
0.44949 0.167552
0.44989 0.167313
0.45029 0.167074
0.45069 0.166836
0.45109 0.166597
0.45149 0.16636
0.45189 0.166122
0.45229 0.165885
0.452691 0.165649
0.453091 0.165412
0.453491 0.165176
0.453891 0.164941
0.454291 0.164706
0.454691 0.164471
0.455091 0.164236
0.455491 0.164002
0.455891 0.163768
0.456291 0.163535
0.456691 0.163302
0.457091 0.163069
0.457491 0.162836
0.457892 0.162604
0.458292 0.162373
0.458692 0.162141
0.459092 0.16191
0.459492 0.161679
0.459892 0.161449
0.460292 0.161219
0.460692 0.16099
0.461092 0.16076
0.461492 0.160531
0.461892 0.160303
0.462292 0.160075
0.462693 0.159847
0.463093 0.159619
0.463493 0.159392
0.463893 0.159165
0.464293 0.158939
0.464693 0.158713
0.465093 0.158487
0.465493 0.158261
0.465893 0.158036
0.466293 0.157811
0.466693 0.157587
0.467093 0.157363
0.467493 0.157139
0.467894 0.156916
0.468294 0.156693
0.468694 0.15647
0.469094 0.156248
0.469494 0.156026
0.469894 0.155804
0.470294 0.155583
0.470694 0.155362
0.471094 0.155141
0.471494 0.154921
0.471894 0.154701
0.472294 0.154481
0.472695 0.154262
0.473095 0.154043
0.473495 0.153824
0.473895 0.153606
0.474295 0.153388
0.474695 0.153171
0.475095 0.152953
0.475495 0.152736
0.475895 0.15252
0.476295 0.152304
0.476695 0.152088
0.477095 0.151872
0.477495 0.151657
0.477896 0.151442
0.478296 0.151227
0.478696 0.151013
0.479096 0.150799
0.479496 0.150586
0.479896 0.150373
0.480296 0.15016
0.480696 0.149947
0.481096 0.149735
0.481496 0.149523
0.481896 0.149311
0.482296 0.1491
0.482697 0.148889
0.483097 0.148679
0.483497 0.148469
0.483897 0.148259
0.484297 0.148049
0.484697 0.14784
0.485097 0.147631
0.485497 0.147422
0.485897 0.147214
0.486297 0.147006
0.486697 0.146799
0.487097 0.146591
0.487497 0.146384
0.487898 0.146178
0.488298 0.145971
0.488698 0.145766
0.489098 0.14556
0.489498 0.145355
0.489898 0.14515
0.490298 0.144945
0.490698 0.144741
0.491098 0.144537
0.491498 0.144333
0.491898 0.14413
0.492298 0.143927
0.492699 0.143724
0.493099 0.143522
0.493499 0.143319
0.493899 0.143118
0.494299 0.142916
0.494699 0.142715
0.495099 0.142514
0.495499 0.142314
0.495899 0.142114
0.496299 0.141914
0.496699 0.141715
0.497099 0.141515
0.497499 0.141317
0.4979 0.141118
0.4983 0.14092
0.4987 0.140722
0.4991 0.140524
0.4995 0.140327
0.4999 0.14013
0.5003 0.139934
0.5007 0.139737
0.5011 0.139541
0.5015 0.139346
0.5019 0.13915
0.5023 0.138955
0.502701 0.138761
0.503101 0.138566
0.503501 0.138372
0.503901 0.138178
0.504301 0.137985
0.504701 0.137792
0.505101 0.137599
0.505501 0.137406
0.505901 0.137214
0.506301 0.137022
0.506701 0.136831
0.507101 0.136639
0.507502 0.136448
0.507902 0.136258
0.508302 0.136068
0.508702 0.135877
0.509102 0.135688
0.509502 0.135498
0.509902 0.135309
0.510302 0.135121
0.510702 0.134932
0.511102 0.134744
0.511502 0.134556
0.511902 0.134368
0.512302 0.134181
0.512703 0.133994
0.513103 0.133808
0.513503 0.133621
0.513903 0.133435
0.514303 0.13325
0.514703 0.133064
0.515103 0.132879
0.515503 0.132694
0.515903 0.13251
0.516303 0.132326
0.516703 0.132142
0.517103 0.131958
0.517504 0.131775
0.517904 0.131592
0.518304 0.131409
0.518704 0.131227
0.519104 0.131045
0.519504 0.130863
0.519904 0.130682
0.520304 0.130501
0.520704 0.13032
0.521104 0.130139
0.521504 0.129959
0.521904 0.129779
0.522304 0.1296
0.522705 0.12942
0.523105 0.129241
0.523505 0.129062
0.523905 0.128884
0.524305 0.128706
0.524705 0.128528
0.525105 0.12835
0.525505 0.128173
0.525905 0.127996
0.526305 0.12782
0.526705 0.127643
0.527105 0.127467
0.527506 0.127291
0.527906 0.127116
0.528306 0.126941
0.528706 0.126766
0.529106 0.126591
0.529506 0.126417
0.529906 0.126243
0.530306 0.126069
0.530706 0.125896
0.531106 0.125723
0.531506 0.12555
0.531906 0.125377
0.532306 0.125205
0.532707 0.125033
0.533107 0.124861
0.533507 0.12469
0.533907 0.124519
0.534307 0.124348
0.534707 0.124178
0.535107 0.124007
0.535507 0.123838
0.535907 0.123668
0.536307 0.123499
0.536707 0.12333
0.537107 0.123161
0.537508 0.122992
0.537908 0.122824
0.538308 0.122656
0.538708 0.122489
0.539108 0.122321
0.539508 0.122154
0.539908 0.121987
0.540308 0.121821
0.540708 0.121655
0.541108 0.121489
0.541508 0.121323
0.541908 0.121158
0.542308 0.120993
0.542709 0.120828
0.543109 0.120664
0.543509 0.120499
0.543909 0.120335
0.544309 0.120172
0.544709 0.120008
0.545109 0.119845
0.545509 0.119683
0.545909 0.11952
0.546309 0.119358
0.546709 0.119196
0.547109 0.119034
0.54751 0.118873
0.54791 0.118712
0.54831 0.118551
0.54871 0.11839
0.54911 0.11823
0.54951 0.11807
0.54991 0.11791
0.55031 0.117751
0.55071 0.117592
0.55111 0.117433
0.55151 0.117274
0.55191 0.117116
0.55231 0.116958
0.552711 0.1168
0.553111 0.116643
0.553511 0.116485
0.553911 0.116328
0.554311 0.116172
0.554711 0.116015
0.555111 0.115859
0.555511 0.115703
0.555911 0.115548
0.556311 0.115392
0.556711 0.115237
0.557111 0.115082
0.557512 0.114928
0.557912 0.114774
0.558312 0.11462
0.558712 0.114466
0.559112 0.114313
0.559512 0.11416
0.559912 0.114007
0.560312 0.113854
0.560712 0.113702
0.561112 0.11355
0.561512 0.113398
0.561912 0.113246
0.562312 0.113095
0.562713 0.112944
0.563113 0.112793
0.563513 0.112643
0.563913 0.112493
0.564313 0.112343
0.564713 0.112193
0.565113 0.112044
0.565513 0.111894
0.565913 0.111746
0.566313 0.111597
0.566713 0.111449
0.567113 0.111301
0.567514 0.111153
0.567914 0.111005
0.568314 0.110858
0.568714 0.110711
0.569114 0.110564
0.569514 0.110418
0.569914 0.110271
0.570314 0.110125
0.570714 0.10998
0.571114 0.109834
0.571514 0.109689
0.571914 0.109544
0.572314 0.109399
0.572715 0.109255
0.573115 0.109111
0.573515 0.108967
0.573915 0.108823
0.574315 0.10868
0.574715 0.108537
0.575115 0.108394
0.575515 0.108251
0.575915 0.108109
0.576315 0.107967
0.576715 0.107825
0.577115 0.107683
0.577516 0.107542
0.577916 0.107401
0.578316 0.10726
0.578716 0.10712
0.579116 0.106979
0.579516 0.106839
0.579916 0.106699
0.580316 0.10656
0.580716 0.106421
0.581116 0.106281
0.581516 0.106143
0.581916 0.106004
0.582316 0.105866
0.582717 0.105728
0.583117 0.10559
0.583517 0.105453
0.583917 0.105315
0.584317 0.105178
0.584717 0.105041
0.585117 0.104905
0.585517 0.104769
0.585917 0.104633
0.586317 0.104497
0.586717 0.104361
0.587117 0.104226
0.587518 0.104091
0.587918 0.103956
0.588318 0.103822
0.588718 0.103687
0.589118 0.103553
0.589518 0.103419
0.589918 0.103286
0.590318 0.103152
0.590718 0.103019
0.591118 0.102887
0.591518 0.102754
0.591918 0.102622
0.592318 0.10249
0.592719 0.102358
0.593119 0.102226
0.593519 0.102095
0.593919 0.101964
0.594319 0.101833
0.594719 0.101702
0.595119 0.101572
0.595519 0.101441
0.595919 0.101312
0.596319 0.101182
0.596719 0.101052
0.597119 0.100923
0.59752 0.100794
0.59792 0.100666
0.59832 0.100537
0.59872 0.100409
0.59912 0.100281
0.59952 0.100153
0.59992 0.100025
0.60032 0.0998982
0.60072 0.0997711
0.60112 0.0996443
0.60152 0.0995177
0.60192 0.0993914
0.60232 0.0992653
0.602721 0.0991394
0.603121 0.0990137
0.603521 0.0988883
0.603921 0.0987632
0.604321 0.0986382
0.604721 0.0985135
0.605121 0.098389
0.605521 0.0982648
0.605921 0.0981408
0.606321 0.098017
0.606721 0.0978935
0.607121 0.0977702
0.607522 0.0976471
0.607922 0.0975242
0.608322 0.0974016
0.608722 0.0972792
0.609122 0.0971571
0.609522 0.0970351
0.609922 0.0969134
0.610322 0.096792
0.610722 0.0966707
0.611122 0.0965497
0.611522 0.0964289
0.611922 0.0963083
0.612322 0.096188
0.612723 0.0960679
0.613123 0.095948
0.613523 0.0958284
0.613923 0.0957089
0.614323 0.0955897
0.614723 0.0954707
0.615123 0.095352
0.615523 0.0952335
0.615923 0.0951151
0.616323 0.0949971
0.616723 0.0948792
0.617123 0.0947616
0.617524 0.0946442
0.617924 0.094527
0.618324 0.09441
0.618724 0.0942932
0.619124 0.0941767
0.619524 0.0940604
0.619924 0.0939443
0.620324 0.0938284
0.620724 0.0937128
0.621124 0.0935974
0.621524 0.0934822
0.621924 0.0933672
0.622324 0.0932524
0.622725 0.0931378
0.623125 0.0930235
0.623525 0.0929094
0.623925 0.0927955
0.624325 0.0926818
0.624725 0.0925683
0.625125 0.0924551
0.625525 0.092342
0.625925 0.0922292
0.626325 0.0921166
0.626725 0.0920042
0.627125 0.091892
0.627526 0.0917801
0.627926 0.0916683
0.628326 0.0915568
0.628726 0.0914455
0.629126 0.0913344
0.629526 0.0912235
0.629926 0.0911128
0.630326 0.0910023
0.630726 0.090892
0.631126 0.090782
0.631526 0.0906721
0.631926 0.0905625
0.632326 0.0904531
0.632727 0.0903439
0.633127 0.0902349
0.633527 0.0901261
0.633927 0.0900175
0.634327 0.0899091
0.634727 0.0898009
0.635127 0.089693
0.635527 0.0895852
0.635927 0.0894776
0.636327 0.0893703
0.636727 0.0892632
0.637127 0.0891562
0.637528 0.0890495
0.637928 0.088943
0.638328 0.0888367
0.638728 0.0887306
0.639128 0.0886246
0.639528 0.0885189
0.639928 0.0884134
0.640328 0.0883081
0.640728 0.088203
0.641128 0.0880981
0.641528 0.0879935
0.641928 0.087889
0.642328 0.0877847
0.642729 0.0876806
0.643129 0.0875767
0.643529 0.087473
0.643929 0.0873695
0.644329 0.0872662
0.644729 0.0871631
0.645129 0.0870603
0.645529 0.0869576
0.645929 0.0868551
0.646329 0.0867528
0.646729 0.0866507
0.647129 0.0865488
0.64753 0.0864471
0.64793 0.0863456
0.64833 0.0862442
0.64873 0.0861431
0.64913 0.0860422
0.64953 0.0859415
0.64993 0.085841
0.65033 0.0857406
0.65073 0.0856405
0.65113 0.0855405
0.65153 0.0854408
0.65193 0.0853412
0.65233 0.0852418
0.652731 0.0851427
0.653131 0.0850437
0.653531 0.0849449
0.653931 0.0848463
0.654331 0.0847479
0.654731 0.0846496
0.655131 0.0845516
0.655531 0.0844538
0.655931 0.0843561
0.656331 0.0842587
0.656731 0.0841614
0.657131 0.0840643
0.657532 0.0839674
0.657932 0.0838707
0.658332 0.0837742
0.658732 0.0836778
0.659132 0.0835817
0.659532 0.0834857
0.659932 0.08339
0.660332 0.0832944
0.660732 0.083199
0.661132 0.0831037
0.661532 0.0830087
0.661932 0.0829139
0.662332 0.0828192
0.662733 0.0827247
0.663133 0.0826304
0.663533 0.0825363
0.663933 0.0824424
0.664333 0.0823486
0.664733 0.0822551
0.665133 0.0821617
0.665533 0.0820685
0.665933 0.0819754
0.666333 0.0818826
0.666733 0.0817899
0.667133 0.0816974
0.667534 0.0816051
0.667934 0.081513
0.668334 0.0814211
0.668734 0.0813293
0.669134 0.0812377
0.669534 0.0811463
0.669934 0.0810551
0.670334 0.080964
0.670734 0.0808731
0.671134 0.0807824
0.671534 0.0806919
0.671934 0.0806016
0.672334 0.0805114
0.672735 0.0804214
0.673135 0.0803316
0.673535 0.0802419
0.673935 0.0801524
0.674335 0.0800631
0.674735 0.079974
0.675135 0.0798851
0.675535 0.0797963
0.675935 0.0797077
0.676335 0.0796192
0.676735 0.079531
0.677135 0.0794429
0.677536 0.0793549
0.677936 0.0792672
0.678336 0.0791796
0.678736 0.0790922
0.679136 0.0790049
0.679536 0.0789179
0.679936 0.078831
0.680336 0.0787442
0.680736 0.0786577
0.681136 0.0785713
0.681536 0.078485
0.681936 0.078399
0.682336 0.0783131
0.682737 0.0782273
0.683137 0.0781418
0.683537 0.0780564
0.683937 0.0779711
0.684337 0.0778861
0.684737 0.0778011
0.685137 0.0777164
0.685537 0.0776318
0.685937 0.0775474
0.686337 0.0774632
0.686737 0.0773791
0.687137 0.0772952
0.687538 0.0772114
0.687938 0.0771278
0.688338 0.0770444
0.688738 0.0769611
0.689138 0.076878
0.689538 0.076795
0.689938 0.0767122
0.690338 0.0766296
0.690738 0.0765471
0.691138 0.0764648
0.691538 0.0763827
0.691938 0.0763007
0.692338 0.0762188
0.692739 0.0761372
0.693139 0.0760556
0.693539 0.0759743
0.693939 0.0758931
0.694339 0.075812
0.694739 0.0757311
0.695139 0.0756504
0.695539 0.0755698
0.695939 0.0754894
0.696339 0.0754091
0.696739 0.075329
0.697139 0.075249
0.69754 0.0751692
0.69794 0.0750895
0.69834 0.07501
0.69874 0.0749307
0.69914 0.0748515
0.69954 0.0747724
0.69994 0.0746935
0.70034 0.0746148
0.70074 0.0745362
0.70114 0.0744578
0.70154 0.0743795
0.70194 0.0743013
0.70234 0.0742234
0.702741 0.0741455
0.703141 0.0740678
0.703541 0.0739903
0.703941 0.0739129
0.704341 0.0738356
0.704741 0.0737585
0.705141 0.0736816
0.705541 0.0736048
0.705941 0.0735281
0.706341 0.0734516
0.706741 0.0733752
0.707141 0.073299
0.707542 0.0732229
0.707942 0.073147
0.708342 0.0730712
0.708742 0.0729956
0.709142 0.0729201
0.709542 0.0728447
0.709942 0.0727695
0.710342 0.0726945
0.710742 0.0726195
0.711142 0.0725448
0.711542 0.0724701
0.711942 0.0723956
0.712342 0.0723213
0.712743 0.072247
0.713143 0.072173
0.713543 0.072099
0.713943 0.0720252
0.714343 0.0719516
0.714743 0.0718781
0.715143 0.0718047
0.715543 0.0717314
0.715943 0.0716583
0.716343 0.0715854
0.716743 0.0715125
0.717143 0.0714398
0.717544 0.0713673
0.717944 0.0712949
0.718344 0.0712226
0.718744 0.0711504
0.719144 0.0710784
0.719544 0.0710066
0.719944 0.0709348
0.720344 0.0708632
0.720744 0.0707917
0.721144 0.0707204
0.721544 0.0706492
0.721944 0.0705781
0.722344 0.0705072
0.722745 0.0704364
0.723145 0.0703657
0.723545 0.0702952
0.723945 0.0702247
0.724345 0.0701545
0.724745 0.0700843
0.725145 0.0700143
0.725545 0.0699444
0.725945 0.0698746
0.726345 0.069805
0.726745 0.0697355
0.727145 0.0696661
0.727546 0.0695969
0.727946 0.0695277
0.728346 0.0694588
0.728746 0.0693899
0.729146 0.0693212
0.729546 0.0692525
0.729946 0.0691841
0.730346 0.0691157
0.730746 0.0690475
0.731146 0.0689793
0.731546 0.0689114
0.731946 0.0688435
0.732346 0.0687758
0.732747 0.0687082
0.733147 0.0686407
0.733547 0.0685733
0.733947 0.0685061
0.734347 0.0684389
0.734747 0.0683719
0.735147 0.0683051
0.735547 0.0682383
0.735947 0.0681717
0.736347 0.0681051
0.736747 0.0680387
0.737147 0.0679725
0.737548 0.0679063
0.737948 0.0678403
0.738348 0.0677744
0.738748 0.0677086
0.739148 0.0676429
0.739548 0.0675773
0.739948 0.0675119
0.740348 0.0674465
0.740748 0.0673813
0.741148 0.0673162
0.741548 0.0672513
0.741948 0.0671864
0.742348 0.0671216
0.742749 0.067057
0.743149 0.0669925
0.743549 0.0669281
0.743949 0.0668638
0.744349 0.0667996
0.744749 0.0667356
0.745149 0.0666716
0.745549 0.0666078
0.745949 0.0665441
0.746349 0.0664804
0.746749 0.0664169
0.747149 0.0663535
0.74755 0.0662903
0.74795 0.0662271
0.74835 0.066164
0.74875 0.0661011
0.74915 0.0660383
0.74955 0.0659755
0.74995 0.0659129
0.75035 0.0658504
0.75075 0.065788
0.75115 0.0657257
0.75155 0.0656635
0.75195 0.0656014
0.75235 0.0655395
0.752751 0.0654776
0.753151 0.0654158
0.753551 0.0653542
0.753951 0.0652926
0.754351 0.0652312
0.754751 0.0651698
0.755151 0.0651086
0.755551 0.0650475
0.755951 0.0649864
0.756351 0.0649255
0.756751 0.0648647
0.757151 0.064804
0.757552 0.0647434
0.757952 0.0646829
0.758352 0.0646224
0.758752 0.0645621
0.759152 0.0645019
0.759552 0.0644418
0.759952 0.0643818
0.760352 0.0643219
0.760752 0.0642621
0.761152 0.0642024
0.761552 0.0641428
0.761952 0.0640833
0.762352 0.0640238
0.762753 0.0639645
0.763153 0.0639053
0.763553 0.0638462
0.763953 0.0637872
0.764353 0.0637282
0.764753 0.0636694
0.765153 0.0636107
0.765553 0.063552
0.765953 0.0634935
0.766353 0.063435
0.766753 0.0633767
0.767153 0.0633184
0.767554 0.0632602
0.767954 0.0632022
0.768354 0.0631442
0.768754 0.0630863
0.769154 0.0630285
0.769554 0.0629708
0.769954 0.0629132
0.770354 0.0628557
0.770754 0.0627982
0.771154 0.0627409
0.771554 0.0626837
0.771954 0.0626265
0.772354 0.0625694
0.772755 0.0625125
0.773155 0.0624556
0.773555 0.0623988
0.773955 0.062342
0.774355 0.0622854
0.774755 0.0622289
0.775155 0.0621724
0.775555 0.0621161
0.775955 0.0620598
0.776355 0.0620036
0.776755 0.0619475
0.777155 0.0618915
0.777556 0.0618355
0.777956 0.0617797
0.778356 0.0617239
0.778756 0.0616683
0.779156 0.0616127
0.779556 0.0615571
0.779956 0.0615017
0.780356 0.0614464
0.780756 0.0613911
0.781156 0.0613359
0.781556 0.0612808
0.781956 0.0612258
0.782356 0.0611709
0.782757 0.061116
0.783157 0.0610612
0.783557 0.0610065
0.783957 0.0609519
0.784357 0.0608974
0.784757 0.0608429
0.785157 0.0607885
0.785557 0.0607342
0.785957 0.06068
0.786357 0.0606259
0.786757 0.0605718
0.787157 0.0605178
0.787558 0.0604639
0.787958 0.0604101
0.788358 0.0603563
0.788758 0.0603026
0.789158 0.060249
0.789558 0.0601955
0.789958 0.060142
0.790358 0.0600886
0.790758 0.0600353
0.791158 0.0599821
0.791558 0.0599289
0.791958 0.0598758
0.792358 0.0598228
0.792759 0.0597698
0.793159 0.059717
0.793559 0.0596641
0.793959 0.0596114
0.794359 0.0595587
0.794759 0.0595062
0.795159 0.0594536
0.795559 0.0594012
0.795959 0.0593488
0.796359 0.0592965
0.796759 0.0592442
0.797159 0.0591921
0.79756 0.0591399
0.79796 0.0590879
0.79836 0.0590359
0.79876 0.058984
0.79916 0.0589322
0.79956 0.0588804
0.79996 0.0588287
0.80036 0.0587771
0.80076 0.0587255
0.80116 0.058674
0.80156 0.0586225
0.80196 0.0585711
0.80236 0.0585198
0.802761 0.0584686
0.803161 0.0584174
0.803561 0.0583663
0.803961 0.0583152
0.804361 0.0582642
0.804761 0.0582133
0.805161 0.0581624
0.805561 0.0581116
0.805961 0.0580609
0.806361 0.0580102
0.806761 0.0579596
0.807161 0.057909
0.807562 0.0578586
0.807962 0.0578081
0.808362 0.0577578
0.808762 0.0577075
0.809162 0.0576573
0.809562 0.0576071
0.809962 0.057557
0.810362 0.0575069
0.810762 0.057457
0.811162 0.057407
0.811562 0.0573572
0.811962 0.0573074
0.812362 0.0572576
0.812763 0.057208
0.813163 0.0571584
0.813563 0.0571088
0.813963 0.0570593
0.814363 0.0570099
0.814763 0.0569605
0.815163 0.0569112
0.815563 0.056862
0.815963 0.0568128
0.816363 0.0567637
0.816763 0.0567146
0.817163 0.0566656
0.817564 0.0566167
0.817964 0.0565678
0.818364 0.0565189
0.818764 0.0564702
0.819164 0.0564215
0.819564 0.0563728
0.819964 0.0563242
0.820364 0.0562757
0.820764 0.0562272
0.821164 0.0561788
0.821564 0.0561305
0.821964 0.0560822
0.822364 0.056034
0.822765 0.0559858
0.823165 0.0559377
0.823565 0.0558896
0.823965 0.0558416
0.824365 0.0557937
0.824765 0.0557458
0.825165 0.0556979
0.825565 0.0556502
0.825965 0.0556025
0.826365 0.0555548
0.826765 0.0555072
0.827165 0.0554597
0.827566 0.0554122
0.827966 0.0553647
0.828366 0.0553174
0.828766 0.05527
0.829166 0.0552228
0.829566 0.0551756
0.829966 0.0551284
0.830366 0.0550813
0.830766 0.0550343
0.831166 0.0549873
0.831566 0.0549404
0.831966 0.0548935
0.832366 0.0548467
0.832767 0.0547999
0.833167 0.0547532
0.833567 0.0547066
0.833967 0.05466
0.834367 0.0546134
0.834767 0.054567
0.835167 0.0545205
0.835567 0.0544741
0.835967 0.0544278
0.836367 0.0543815
0.836767 0.0543353
0.837167 0.0542892
0.837568 0.054243
0.837968 0.054197
0.838368 0.054151
0.838768 0.054105
0.839168 0.0540591
0.839568 0.0540133
0.839968 0.0539675
0.840368 0.0539218
0.840768 0.0538761
0.841168 0.0538304
0.841568 0.0537848
0.841968 0.0537393
0.842368 0.0536938
0.842769 0.0536484
0.843169 0.053603
0.843569 0.0535577
0.843969 0.0535124
0.844369 0.0534672
0.844769 0.053422
0.845169 0.0533769
0.845569 0.0533318
0.845969 0.0532868
0.846369 0.0532418
0.846769 0.0531969
0.847169 0.0531521
0.84757 0.0531072
0.84797 0.0530625
0.84837 0.0530178
0.84877 0.0529731
0.84917 0.0529285
0.84957 0.0528839
0.84997 0.0528394
0.85037 0.0527949
0.85077 0.0527505
0.85117 0.0527061
0.85157 0.0526618
0.85197 0.0526175
0.85237 0.0525733
0.852771 0.0525291
0.853171 0.052485
0.853571 0.0524409
0.853971 0.0523969
0.854371 0.0523529
0.854771 0.0523089
0.855171 0.0522651
0.855571 0.0522212
0.855971 0.0521774
0.856371 0.0521337
0.856771 0.05209
0.857171 0.0520463
0.857572 0.0520027
0.857972 0.0519591
0.858372 0.0519156
0.858772 0.0518722
0.859172 0.0518287
0.859572 0.0517854
0.859972 0.051742
0.860372 0.0516988
0.860772 0.0516555
0.861172 0.0516123
0.861572 0.0515692
0.861972 0.0515261
0.862372 0.051483
0.862773 0.05144
0.863173 0.0513971
0.863573 0.0513541
0.863973 0.0513113
0.864373 0.0512684
0.864773 0.0512256
0.865173 0.0511829
0.865573 0.0511402
0.865973 0.0510976
0.866373 0.0510549
0.866773 0.0510124
0.867173 0.0509699
0.867574 0.0509274
0.867974 0.0508849
0.868374 0.0508426
0.868774 0.0508002
0.869174 0.0507579
0.869574 0.0507156
0.869974 0.0506734
0.870374 0.0506312
0.870774 0.0505891
0.871174 0.050547
0.871574 0.050505
0.871974 0.050463
0.872374 0.050421
0.872775 0.0503791
0.873175 0.0503372
0.873575 0.0502954
0.873975 0.0502536
0.874375 0.0502118
0.874775 0.0501701
0.875175 0.0501284
0.875575 0.0500868
0.875975 0.0500452
0.876375 0.0500036
0.876775 0.0499621
0.877175 0.0499206
0.877576 0.0498792
0.877976 0.0498378
0.878376 0.0497965
0.878776 0.0497552
0.879176 0.0497139
0.879576 0.0496727
0.879976 0.0496315
0.880376 0.0495903
0.880776 0.0495492
0.881176 0.0495081
0.881576 0.0494671
0.881976 0.0494261
0.882376 0.0493851
0.882777 0.0493442
0.883177 0.0493033
0.883577 0.0492625
0.883977 0.0492217
0.884377 0.0491809
0.884777 0.0491402
0.885177 0.0490995
0.885577 0.0490589
0.885977 0.0490182
0.886377 0.0489777
0.886777 0.0489371
0.887177 0.0488966
0.887578 0.0488562
0.887978 0.0488157
0.888378 0.0487753
0.888778 0.048735
0.889178 0.0486947
0.889578 0.0486544
0.889978 0.0486141
0.890378 0.0485739
0.890778 0.0485338
0.891178 0.0484936
0.891578 0.0484535
0.891978 0.0484134
0.892378 0.0483734
0.892779 0.0483334
0.893179 0.0482935
0.893579 0.0482535
0.893979 0.0482136
0.894379 0.0481738
0.894779 0.048134
0.895179 0.0480942
0.895579 0.0480544
0.895979 0.0480147
0.896379 0.047975
0.896779 0.0479354
0.897179 0.0478957
0.89758 0.0478562
0.89798 0.0478166
0.89838 0.0477771
0.89878 0.0477376
0.89918 0.0476982
0.89958 0.0476588
0.89998 0.0476194
0.90038 0.04758
0.90078 0.0475407
0.90118 0.0475014
0.90158 0.0474622
0.90198 0.0474229
0.90238 0.0473838
0.902781 0.0473446
0.903181 0.0473055
0.903581 0.0472664
0.903981 0.0472273
0.904381 0.0471883
0.904781 0.0471493
0.905181 0.0471103
0.905581 0.0470714
0.905981 0.0470325
0.906381 0.0469936
0.906781 0.0469548
0.907181 0.046916
0.907582 0.0468772
0.907982 0.0468384
0.908382 0.0467997
0.908782 0.046761
0.909182 0.0467224
0.909582 0.0466837
0.909982 0.0466451
0.910382 0.0466065
0.910782 0.046568
0.911182 0.0465295
0.911582 0.046491
0.911982 0.0464526
0.912382 0.0464141
0.912783 0.0463757
0.913183 0.0463374
0.913583 0.046299
0.913983 0.0462607
0.914383 0.0462224
0.914783 0.0461842
0.915183 0.0461459
0.915583 0.0461077
0.915983 0.0460696
0.916383 0.0460314
0.916783 0.0459933
0.917183 0.0459552
0.917584 0.0459171
0.917984 0.0458791
0.918384 0.0458411
0.918784 0.0458031
0.919184 0.0457652
0.919584 0.0457272
0.919984 0.0456893
0.920384 0.0456515
0.920784 0.0456136
0.921184 0.0455758
0.921584 0.045538
0.921984 0.0455002
0.922384 0.0454625
0.922785 0.0454247
0.923185 0.045387
0.923585 0.0453494
0.923985 0.0453117
0.924385 0.0452741
0.924785 0.0452365
0.925185 0.0451989
0.925585 0.0451614
0.925985 0.0451239
0.926385 0.0450864
0.926785 0.0450489
0.927185 0.0450114
0.927586 0.044974
0.927986 0.0449366
0.928386 0.0448992
0.928786 0.0448619
0.929186 0.0448246
0.929586 0.0447872
0.929986 0.04475
0.930386 0.0447127
0.930786 0.0446755
0.931186 0.0446382
0.931586 0.044601
0.931986 0.0445639
0.932386 0.0445267
0.932787 0.0444896
0.933187 0.0444525
0.933587 0.0444154
0.933987 0.0443783
0.934387 0.0443413
0.934787 0.0443043
0.935187 0.0442673
0.935587 0.0442303
0.935987 0.0441934
0.936387 0.0441564
0.936787 0.0441195
0.937187 0.0440826
0.937588 0.0440457
0.937988 0.0440089
0.938388 0.0439721
0.938788 0.0439353
0.939188 0.0438985
0.939588 0.0438617
0.939988 0.0438249
0.940388 0.0437882
0.940788 0.0437515
0.941188 0.0437148
0.941588 0.0436781
0.941988 0.0436415
0.942388 0.0436048
0.942789 0.0435682
0.943189 0.0435316
0.943589 0.0434951
0.943989 0.0434585
0.944389 0.043422
0.944789 0.0433854
0.945189 0.0433489
0.945589 0.0433124
0.945989 0.043276
0.946389 0.0432395
0.946789 0.0432031
0.947189 0.0431667
0.94759 0.0431303
0.94799 0.0430939
0.94839 0.0430575
0.94879 0.0430212
0.94919 0.0429848
0.94959 0.0429485
0.94999 0.0429122
0.95039 0.042876
0.95079 0.0428397
0.95119 0.0428034
0.95159 0.0427672
0.95199 0.042731
0.95239 0.0426948
0.952791 0.0426586
0.953191 0.0426224
0.953591 0.0425863
0.953991 0.0425501
0.954391 0.042514
0.954791 0.0424779
0.955191 0.0424418
0.955591 0.0424057
0.955991 0.0423697
0.956391 0.0423336
0.956791 0.0422976
0.957191 0.0422616
0.957592 0.0422256
0.957992 0.0421896
0.958392 0.0421536
0.958792 0.0421176
0.959192 0.0420817
0.959592 0.0420457
0.959992 0.0420098
0.960392 0.0419739
0.960792 0.041938
0.961192 0.0419021
0.961592 0.0418662
0.961992 0.0418303
0.962392 0.0417945
0.962793 0.0417587
0.963193 0.0417228
0.963593 0.041687
0.963993 0.0416512
0.964393 0.0416154
0.964793 0.0415797
0.965193 0.0415439
0.965593 0.0415081
0.965993 0.0414724
0.966393 0.0414367
0.966793 0.0414009
0.967193 0.0413652
0.967594 0.0413295
0.967994 0.0412938
0.968394 0.0412582
0.968794 0.0412225
0.969194 0.0411868
0.969594 0.0411512
0.969994 0.0411155
0.970394 0.0410799
0.970794 0.0410443
0.971194 0.0410087
0.971594 0.0409731
0.971994 0.0409375
0.972394 0.0409019
0.972795 0.0408663
0.973195 0.0408308
0.973595 0.0407952
0.973995 0.0407597
0.974395 0.0407241
0.974795 0.0406886
0.975195 0.0406531
0.975595 0.0406176
0.975995 0.0405821
0.976395 0.0405466
0.976795 0.0405111
0.977195 0.0404756
0.977596 0.0404401
0.977996 0.0404047
0.978396 0.0403692
0.978796 0.0403338
0.979196 0.0402983
0.979596 0.0402629
0.979996 0.0402275
0.980396 0.040192
0.980796 0.0401566
0.981196 0.0401212
0.981596 0.0400858
0.981996 0.0400504
0.982396 0.040015
0.982797 0.0399796
0.983197 0.0399442
0.983597 0.0399089
0.983997 0.0398735
0.984397 0.0398381
0.984797 0.0398028
0.985197 0.0397674
0.985597 0.0397321
0.985997 0.0396967
0.986397 0.0396614
0.986797 0.039626
0.987197 0.0395907
0.987598 0.0395554
0.987998 0.03952
0.988398 0.0394847
0.988798 0.0394494
0.989198 0.0394141
0.989598 0.0393788
0.989998 0.0393435
0.990398 0.0393082
0.990798 0.0392729
0.991198 0.0392376
0.991598 0.0392023
0.991998 0.039167
0.992398 0.0391317
0.992799 0.0390964
0.993199 0.0390611
0.993599 0.0390258
0.993999 0.0389906
0.994399 0.0389553
0.994799 0.03892
0.995199 0.0388847
0.995599 0.0388495
0.995999 0.0388142
0.996399 0.0387789
0.996799 0.0387437
0.997199 0.0387084
0.9976 0.0386731
0.998 0.0386379
0.9984 0.0386026
0.9988 0.0385673
0.9992 0.0385321
0.9996 0.0384968
