-5 0.5
-4.998 0.498873
-4.996 0.497749
-4.994 0.496627
-4.992 0.495509
-4.99 0.494394
-4.988 0.493281
-4.986 0.492172
-4.984 0.491066
-4.982 0.489962
-4.98 0.488861
-4.978 0.487764
-4.976 0.486669
-4.97399 0.485577
-4.97199 0.484488
-4.96999 0.483402
-4.96799 0.482319
-4.96599 0.481238
-4.96399 0.480161
-4.96199 0.479087
-4.95999 0.478015
-4.95799 0.476946
-4.95599 0.47588
-4.95399 0.474817
-4.95199 0.473757
-4.94999 0.4727
-4.94799 0.471645
-4.94599 0.470593
-4.94399 0.469545
-4.94199 0.468499
-4.93999 0.467456
-4.93799 0.466415
-4.93599 0.465378
-4.93399 0.464343
-4.93199 0.463311
-4.92999 0.462282
-4.92799 0.461256
-4.92599 0.460232
-4.92398 0.459211
-4.92198 0.458193
-4.91998 0.457178
-4.91798 0.456166
-4.91598 0.455156
-4.91398 0.454149
-4.91198 0.453145
-4.90998 0.452143
-4.90798 0.451145
-4.90598 0.450149
-4.90398 0.449156
-4.90198 0.448165
-4.89998 0.447177
-4.89798 0.446192
-4.89598 0.44521
-4.89398 0.44423
-4.89198 0.443253
-4.88998 0.442279
-4.88798 0.441308
-4.88598 0.440339
-4.88398 0.439372
-4.88198 0.438409
-4.87998 0.437448
-4.87798 0.43649
-4.87598 0.435534
-4.87397 0.434582
-4.87197 0.433631
-4.86997 0.432684
-4.86797 0.431739
-4.86597 0.430797
-4.86397 0.429857
-4.86197 0.42892
-4.85997 0.427985
-4.85797 0.427054
-4.85597 0.426124
-4.85397 0.425198
-4.85197 0.424274
-4.84997 0.423352
-4.84797 0.422434
-4.84597 0.421517
-4.84397 0.420604
-4.84197 0.419693
-4.83997 0.418784
-4.83797 0.417878
-4.83597 0.416975
-4.83397 0.416074
-4.83197 0.415175
-4.82997 0.41428
-4.82797 0.413386
-4.82597 0.412496
-4.82396 0.411608
-4.82196 0.410722
-4.81996 0.409839
-4.81796 0.408958
-4.81596 0.40808
-4.81396 0.407204
-4.81196 0.406331
-4.80996 0.405461
-4.80796 0.404592
-4.80596 0.403727
-4.80396 0.402863
-4.80196 0.402003
-4.79996 0.401144
-4.79796 0.400289
-4.79596 0.399435
-4.79396 0.398584
-4.79196 0.397736
-4.78996 0.39689
-4.78796 0.396046
-4.78596 0.395205
-4.78396 0.394366
-4.78196 0.39353
-4.77996 0.392696
-4.77796 0.391864
-4.77596 0.391035
-4.77395 0.390209
-4.77195 0.389384
-4.76995 0.388562
-4.76795 0.387743
-4.76595 0.386925
-4.76395 0.386111
-4.76195 0.385298
-4.75995 0.384488
-4.75795 0.38368
-4.75595 0.382875
-4.75395 0.382072
-4.75195 0.381271
-4.74995 0.380473
-4.74795 0.379677
-4.74595 0.378883
-4.74395 0.378092
-4.74195 0.377303
-4.73995 0.376516
-4.73795 0.375731
-4.73595 0.374949
-4.73395 0.374169
-4.73195 0.373392
-4.72995 0.372616
-4.72795 0.371843
-4.72595 0.371072
-4.72394 0.370304
-4.72194 0.369538
-4.71994 0.368774
-4.71794 0.368012
-4.71594 0.367253
-4.71394 0.366495
-4.71194 0.36574
-4.70994 0.364988
-4.70794 0.364237
-4.70594 0.363489
-4.70394 0.362743
-4.70194 0.361999
-4.69994 0.361257
-4.69794 0.360517
-4.69594 0.35978
-4.69394 0.359045
-4.69194 0.358312
-4.68994 0.357581
-4.68794 0.356853
-4.68594 0.356126
-4.68394 0.355402
-4.68194 0.35468
-4.67994 0.35396
-4.67794 0.353242
-4.67594 0.352527
-4.67393 0.351813
-4.67193 0.351102
-4.66993 0.350393
-4.66793 0.349686
-4.66593 0.348981
-4.66393 0.348278
-4.66193 0.347577
-4.65993 0.346878
-4.65793 0.346182
-4.65593 0.345487
-4.65393 0.344795
-4.65193 0.344105
-4.64993 0.343416
-4.64793 0.34273
-4.64593 0.342046
-4.64393 0.341364
-4.64193 0.340684
-4.63993 0.340006
-4.63793 0.33933
-4.63593 0.338656
-4.63393 0.337985
-4.63193 0.337315
-4.62993 0.336647
-4.62793 0.335981
-4.62593 0.335318
-4.62392 0.334656
-4.62192 0.333996
-4.61992 0.333338
-4.61792 0.332683
-4.61592 0.332029
-4.61392 0.331377
-4.61192 0.330728
-4.60992 0.33008
-4.60792 0.329434
-4.60592 0.32879
-4.60392 0.328148
-4.60192 0.327508
-4.59992 0.32687
-4.59792 0.326234
-4.59592 0.3256
-4.59392 0.324968
-4.59192 0.324338
-4.58992 0.323709
-4.58792 0.323083
-4.58592 0.322458
-4.58392 0.321836
-4.58192 0.321215
-4.57992 0.320596
-4.57792 0.319979
-4.57592 0.319364
-4.57391 0.318751
-4.57191 0.31814
-4.56991 0.317531
-4.56791 0.316923
-4.56591 0.316317
-4.56391 0.315714
-4.56191 0.315112
-4.55991 0.314511
-4.55791 0.313913
-4.55591 0.313317
-4.55391 0.312722
-4.55191 0.312129
-4.54991 0.311538
-4.54791 0.310949
-4.54591 0.310362
-4.54391 0.309776
-4.54191 0.309192
-4.53991 0.30861
-4.53791 0.30803
-4.53591 0.307452
-4.53391 0.306875
-4.53191 0.3063
-4.52991 0.305727
-4.52791 0.305156
-4.52591 0.304587
-4.5239 0.304019
-4.5219 0.303453
-4.5199 0.302888
-4.5179 0.302326
-4.5159 0.301765
-4.5139 0.301206
-4.5119 0.300648
-4.5099 0.300093
-4.5079 0.299539
-4.5059 0.298986
-4.5039 0.298436
-4.5019 0.297887
-4.4999 0.29734
-4.4979 0.296794
-4.4959 0.29625
-4.4939 0.295708
-4.4919 0.295168
-4.4899 0.294629
-4.4879 0.294092
-4.4859 0.293556
-4.4839 0.293023
-4.4819 0.29249
-4.4799 0.29196
-4.4779 0.291431
-4.4759 0.290903
-4.47389 0.290378
-4.47189 0.289854
-4.46989 0.289331
-4.46789 0.28881
-4.46589 0.288291
-4.46389 0.287773
-4.46189 0.287257
-4.45989 0.286743
-4.45789 0.28623
-4.45589 0.285719
-4.45389 0.285209
-4.45189 0.284701
-4.44989 0.284194
-4.44789 0.283689
-4.44589 0.283186
-4.44389 0.282684
-4.44189 0.282183
-4.43989 0.281684
-4.43789 0.281187
-4.43589 0.280691
-4.43389 0.280197
-4.43189 0.279704
-4.42989 0.279213
-4.42789 0.278723
-4.42589 0.278235
-4.42388 0.277748
-4.42188 0.277263
-4.41988 0.276779
-4.41788 0.276296
-4.41588 0.275816
-4.41388 0.275336
-4.41188 0.274858
-4.40988 0.274382
-4.40788 0.273907
-4.40588 0.273433
-4.40388 0.272961
-4.40188 0.27249
-4.39988 0.272021
-4.39788 0.271553
-4.39588 0.271087
-4.39388 0.270622
-4.39188 0.270158
-4.38988 0.269696
-4.38788 0.269235
-4.38588 0.268776
-4.38388 0.268318
-4.38188 0.267861
-4.37988 0.267406
-4.37788 0.266952
-4.37588 0.2665
-4.37387 0.266048
-4.37187 0.265599
-4.36987 0.26515
-4.36787 0.264703
-4.36587 0.264257
-4.36387 0.263813
-4.36187 0.26337
-4.35987 0.262928
-4.35787 0.262488
-4.35587 0.262049
-4.35387 0.261611
-4.35187 0.261175
-4.34987 0.26074
-4.34787 0.260306
-4.34587 0.259873
-4.34387 0.259442
-4.34187 0.259012
-4.33987 0.258583
-4.33787 0.258156
-4.33587 0.25773
-4.33387 0.257305
-4.33187 0.256881
-4.32987 0.256459
-4.32787 0.256037
-4.32587 0.255618
-4.32386 0.255199
-4.32186 0.254781
-4.31986 0.254365
-4.31786 0.25395
-4.31586 0.253536
-4.31386 0.253124
-4.31186 0.252713
-4.30986 0.252302
-4.30786 0.251893
-4.30586 0.251486
-4.30386 0.251079
-4.30186 0.250674
-4.29986 0.250269
-4.29786 0.249866
-4.29586 0.249464
-4.29386 0.249064
-4.29186 0.248664
-4.28986 0.248266
-4.28786 0.247868
-4.28586 0.247472
-4.28386 0.247077
-4.28186 0.246683
-4.27986 0.24629
-4.27786 0.245899
-4.27586 0.245508
-4.27385 0.245119
-4.27185 0.24473
-4.26985 0.244343
-4.26785 0.243957
-4.26585 0.243572
-4.26385 0.243188
-4.26185 0.242805
-4.25985 0.242423
-4.25785 0.242042
-4.25585 0.241663
-4.25385 0.241284
-4.25185 0.240906
-4.24985 0.24053
-4.24785 0.240154
-4.24585 0.23978
-4.24385 0.239406
-4.24185 0.239034
-4.23985 0.238662
-4.23785 0.238292
-4.23585 0.237923
-4.23385 0.237554
-4.23185 0.237187
-4.22985 0.23682
-4.22785 0.236455
-4.22585 0.236091
-4.22384 0.235727
-4.22184 0.235365
-4.21984 0.235003
-4.21784 0.234643
-4.21584 0.234283
-4.21384 0.233924
-4.21184 0.233567
-4.20984 0.23321
-4.20784 0.232854
-4.20584 0.232499
-4.20384 0.232145
-4.20184 0.231792
-4.19984 0.23144
-4.19784 0.231089
-4.19584 0.230739
-4.19384 0.230389
-4.19184 0.230041
-4.18984 0.229693
-4.18784 0.229346
-4.18584 0.229001
-4.18384 0.228656
-4.18184 0.228312
-4.17984 0.227968
-4.17784 0.227626
-4.17584 0.227284
-4.17383 0.226944
-4.17183 0.226604
-4.16983 0.226265
-4.16783 0.225927
-4.16583 0.22559
-4.16383 0.225253
-4.16183 0.224917
-4.15983 0.224582
-4.15783 0.224248
-4.15583 0.223915
-4.15383 0.223583
-4.15183 0.223251
-4.14983 0.22292
-4.14783 0.22259
-4.14583 0.222261
-4.14383 0.221932
-4.14183 0.221604
-4.13983 0.221277
-4.13783 0.220951
-4.13583 0.220626
-4.13383 0.220301
-4.13183 0.219977
-4.12983 0.219654
-4.12783 0.219331
-4.12583 0.219009
-4.12382 0.218688
-4.12182 0.218368
-4.11982 0.218048
-4.11782 0.217729
-4.11582 0.217411
-4.11382 0.217093
-4.11182 0.216776
-4.10982 0.21646
-4.10782 0.216145
-4.10582 0.21583
-4.10382 0.215515
-4.10182 0.215202
-4.09982 0.214889
-4.09782 0.214577
-4.09582 0.214265
-4.09382 0.213954
-4.09182 0.213644
-4.08982 0.213334
-4.08782 0.213025
-4.08582 0.212717
-4.08382 0.212409
-4.08182 0.212102
-4.07982 0.211795
-4.07782 0.21149
-4.07582 0.211184
-4.07381 0.210879
-4.07181 0.210575
-4.06981 0.210272
-4.06781 0.209969
-4.06581 0.209666
-4.06381 0.209364
-4.06181 0.209063
-4.05981 0.208762
-4.05781 0.208462
-4.05581 0.208162
-4.05381 0.207863
-4.05181 0.207564
-4.04981 0.207266
-4.04781 0.206969
-4.04581 0.206672
-4.04381 0.206375
-4.04181 0.206079
-4.03981 0.205784
-4.03781 0.205489
-4.03581 0.205194
-4.03381 0.2049
-4.03181 0.204607
-4.02981 0.204314
-4.02781 0.204021
-4.02581 0.203729
-4.0238 0.203437
-4.0218 0.203146
-4.0198 0.202855
-4.0178 0.202565
-4.0158 0.202275
-4.0138 0.201986
-4.0118 0.201697
-4.0098 0.201408
-4.0078 0.20112
-4.0058 0.200832
-4.0038 0.200545
-4.0018 0.200258
-3.9998 0.199971
-3.9978 0.199685
-3.9958 0.1994
-3.9938 0.199114
-3.9918 0.198829
-3.9898 0.198545
-3.9878 0.198261
-3.9858 0.197977
-3.9838 0.197693
-3.9818 0.197411
-3.9798 0.197128
-3.9778 0.196846
-3.9758 0.196564
-3.97379 0.196283
-3.97179 0.196002
-3.96979 0.195721
-3.96779 0.195441
-3.96579 0.195161
-3.96379 0.194882
-3.96179 0.194602
-3.95979 0.194324
-3.95779 0.194046
-3.95579 0.193768
-3.95379 0.19349
-3.95179 0.193213
-3.94979 0.192936
-3.94779 0.19266
-3.94579 0.192384
-3.94379 0.192109
-3.94179 0.191833
-3.93979 0.191559
-3.93779 0.191284
-3.93579 0.19101
-3.93379 0.190737
-3.93179 0.190464
-3.92979 0.190191
-3.92779 0.189918
-3.92579 0.189646
-3.92378 0.189374
-3.92178 0.189103
-3.91978 0.188832
-3.91778 0.188562
-3.91578 0.188292
-3.91378 0.188022
-3.91178 0.187752
-3.90978 0.187483
-3.90778 0.187215
-3.90578 0.186947
-3.90378 0.186679
-3.90178 0.186411
-3.89978 0.186144
-3.89778 0.185878
-3.89578 0.185611
-3.89378 0.185345
-3.89178 0.18508
-3.88978 0.184815
-3.88778 0.18455
-3.88578 0.184285
-3.88378 0.184021
-3.88178 0.183758
-3.87978 0.183494
-3.87778 0.183231
-3.87578 0.182969
-3.87377 0.182707
-3.87177 0.182445
-3.86977 0.182183
-3.86777 0.181922
-3.86577 0.181662
-3.86377 0.181402
-3.86177 0.181142
-3.85977 0.180882
-3.85777 0.180623
-3.85577 0.180364
-3.85377 0.180106
-3.85177 0.179848
-3.84977 0.17959
-3.84777 0.179333
-3.84577 0.179076
-3.84377 0.178819
-3.84177 0.178563
-3.83977 0.178307
-3.83777 0.178052
-3.83577 0.177797
-3.83377 0.177542
-3.83177 0.177288
-3.82977 0.177034
-3.82777 0.17678
-3.82577 0.176527
-3.82376 0.176274
-3.82176 0.176022
-3.81976 0.17577
-3.81776 0.175518
-3.81576 0.175267
-3.81376 0.175016
-3.81176 0.174765
-3.80976 0.174515
-3.80776 0.174265
-3.80576 0.174015
-3.80376 0.173766
-3.80176 0.173518
-3.79976 0.173269
-3.79776 0.173021
-3.79576 0.172773
-3.79376 0.172526
-3.79176 0.172279
-3.78976 0.172033
-3.78776 0.171786
-3.78576 0.17154
-3.78376 0.171295
-3.78176 0.17105
-3.77976 0.170805
-3.77776 0.170561
-3.77576 0.170317
-3.77375 0.170073
-3.77175 0.16983
-3.76975 0.169587
-3.76775 0.169344
-3.76575 0.169102
-3.76375 0.16886
-3.76175 0.168618
-3.75975 0.168377
-3.75775 0.168136
-3.75575 0.167896
-3.75375 0.167656
-3.75175 0.167416
-3.74975 0.167177
-3.74775 0.166938
-3.74575 0.166699
-3.74375 0.166461
-3.74175 0.166223
-3.73975 0.165985
-3.73775 0.165748
-3.73575 0.165511
-3.73375 0.165275
-3.73175 0.165038
-3.72975 0.164803
-3.72775 0.164567
-3.72575 0.164332
-3.72374 0.164097
-3.72174 0.163863
-3.71974 0.163629
-3.71774 0.163395
-3.71574 0.163162
-3.71374 0.162929
-3.71174 0.162696
-3.70974 0.162464
-3.70774 0.162232
-3.70574 0.162001
-3.70374 0.161769
-3.70174 0.161539
-3.69974 0.161308
-3.69774 0.161078
-3.69574 0.160848
-3.69374 0.160619
-3.69174 0.160389
-3.68974 0.160161
-3.68774 0.159932
-3.68574 0.159704
-3.68374 0.159477
-3.68174 0.159249
-3.67974 0.159022
-3.67774 0.158795
-3.67574 0.158569
-3.67373 0.158343
-3.67173 0.158118
-3.66973 0.157892
-3.66773 0.157667
-3.66573 0.157443
-3.66373 0.157218
-3.66173 0.156995
-3.65973 0.156771
-3.65773 0.156548
-3.65573 0.156325
-3.65373 0.156102
-3.65173 0.15588
-3.64973 0.155658
-3.64773 0.155437
-3.64573 0.155216
-3.64373 0.154995
-3.64173 0.154774
-3.63973 0.154554
-3.63773 0.154334
-3.63573 0.154115
-3.63373 0.153896
-3.63173 0.153677
-3.62973 0.153459
-3.62773 0.153241
-3.62573 0.153023
-3.62372 0.152805
-3.62172 0.152588
-3.61972 0.152372
-3.61772 0.152155
-3.61572 0.151939
-3.61372 0.151723
-3.61172 0.151508
-3.60972 0.151293
-3.60772 0.151078
-3.60572 0.150864
-3.60372 0.15065
-3.60172 0.150436
-3.59972 0.150223
-3.59772 0.15001
-3.59572 0.149797
-3.59372 0.149585
-3.59172 0.149373
-3.58972 0.149161
-3.58772 0.14895
-3.58572 0.148739
-3.58372 0.148528
-3.58172 0.148318
-3.57972 0.148108
-3.57772 0.147898
-3.57572 0.147688
-3.57371 0.147479
-3.57171 0.147271
-3.56971 0.147062
-3.56771 0.146854
-3.56571 0.146647
-3.56371 0.146439
-3.56171 0.146232
-3.55971 0.146025
-3.55771 0.145819
-3.55571 0.145613
-3.55371 0.145407
-3.55171 0.145202
-3.54971 0.144997
-3.54771 0.144792
-3.54571 0.144588
-3.54371 0.144384
-3.54171 0.14418
-3.53971 0.143976
-3.53771 0.143773
-3.53571 0.14357
-3.53371 0.143368
-3.53171 0.143166
-3.52971 0.142964
-3.52771 0.142762
-3.52571 0.142561
-3.5237 0.14236
-3.5217 0.14216
-3.5197 0.14196
-3.5177 0.14176
-3.5157 0.14156
-3.5137 0.141361
-3.5117 0.141162
-3.5097 0.140964
-3.5077 0.140765
-3.5057 0.140567
-3.5037 0.14037
-3.5017 0.140172
-3.4997 0.139975
-3.4977 0.139779
-3.4957 0.139582
-3.4937 0.139386
-3.4917 0.139191
-3.4897 0.138995
-3.4877 0.1388
-3.4857 0.138606
-3.4837 0.138411
-3.4817 0.138217
-3.4797 0.138023
-3.4777 0.13783
-3.4757 0.137637
-3.47369 0.137444
-3.47169 0.137251
-3.46969 0.137059
-3.46769 0.136867
-3.46569 0.136675
-3.46369 0.136484
-3.46169 0.136293
-3.45969 0.136103
-3.45769 0.135912
-3.45569 0.135722
-3.45369 0.135533
-3.45169 0.135343
-3.44969 0.135154
-3.44769 0.134965
-3.44569 0.134777
-3.44369 0.134589
-3.44169 0.134401
-3.43969 0.134213
-3.43769 0.134026
-3.43569 0.133839
-3.43369 0.133653
-3.43169 0.133466
-3.42969 0.13328
-3.42769 0.133095
-3.42569 0.132909
-3.42368 0.132724
-3.42168 0.13254
-3.41968 0.132355
-3.41768 0.132171
-3.41568 0.131987
-3.41368 0.131804
-3.41168 0.131621
-3.40968 0.131438
-3.40768 0.131255
-3.40568 0.131073
-3.40368 0.130891
-3.40168 0.130709
-3.39968 0.130528
-3.39768 0.130347
-3.39568 0.130166
-3.39368 0.129986
-3.39168 0.129806
-3.38968 0.129626
-3.38768 0.129446
-3.38568 0.129267
-3.38368 0.129088
-3.38168 0.128909
-3.37968 0.128731
-3.37768 0.128553
-3.37568 0.128375
-3.37367 0.128198
-3.37167 0.128021
-3.36967 0.127844
-3.36767 0.127667
-3.36567 0.127491
-3.36367 0.127315
-3.36167 0.12714
-3.35967 0.126964
-3.35767 0.126789
-3.35567 0.126615
-3.35367 0.12644
-3.35167 0.126266
-3.34967 0.126092
-3.34767 0.125919
-3.34567 0.125745
-3.34367 0.125572
-3.34167 0.1254
-3.33967 0.125228
-3.33767 0.125055
-3.33567 0.124884
-3.33367 0.124712
-3.33167 0.124541
-3.32967 0.12437
-3.32767 0.1242
-3.32567 0.124029
-3.32366 0.123859
-3.32166 0.12369
-3.31966 0.12352
-3.31766 0.123351
-3.31566 0.123182
-3.31366 0.123014
-3.31166 0.122845
-3.30966 0.122678
-3.30766 0.12251
-3.30566 0.122343
-3.30366 0.122175
-3.30166 0.122009
-3.29966 0.121842
-3.29766 0.121676
-3.29566 0.12151
-3.29366 0.121344
-3.29166 0.121179
-3.28966 0.121014
-3.28766 0.120849
-3.28566 0.120685
-3.28366 0.120521
-3.28166 0.120357
-3.27966 0.120193
-3.27766 0.12003
-3.27566 0.119867
-3.27365 0.119704
-3.27165 0.119541
-3.26965 0.119379
-3.26765 0.119217
-3.26565 0.119056
-3.26365 0.118894
-3.26165 0.118733
-3.25965 0.118573
-3.25765 0.118412
-3.25565 0.118252
-3.25365 0.118092
-3.25165 0.117932
-3.24965 0.117773
-3.24765 0.117614
-3.24565 0.117455
-3.24365 0.117297
-3.24165 0.117138
-3.23965 0.116981
-3.23765 0.116823
-3.23565 0.116665
-3.23365 0.116508
-3.23165 0.116352
-3.22965 0.116195
-3.22765 0.116039
-3.22565 0.115883
-3.22364 0.115727
-3.22164 0.115572
-3.21964 0.115416
-3.21764 0.115262
-3.21564 0.115107
-3.21364 0.114953
-3.21164 0.114799
-3.20964 0.114645
-3.20764 0.114491
-3.20564 0.114338
-3.20364 0.114185
-3.20164 0.114032
-3.19964 0.11388
-3.19764 0.113728
-3.19564 0.113576
-3.19364 0.113425
-3.19164 0.113273
-3.18964 0.113122
-3.18764 0.112971
-3.18564 0.112821
-3.18364 0.112671
-3.18164 0.112521
-3.17964 0.112371
-3.17764 0.112222
-3.17564 0.112073
-3.17363 0.111924
-3.17163 0.111775
-3.16963 0.111627
-3.16763 0.111479
-3.16563 0.111331
-3.16363 0.111184
-3.16163 0.111036
-3.15963 0.110889
-3.15763 0.110743
-3.15563 0.110596
-3.15363 0.11045
-3.15163 0.110304
-3.14963 0.110159
-3.14763 0.110013
-3.14563 0.109868
-3.14363 0.109723
-3.14163 0.109579
-3.13963 0.109434
-3.13763 0.10929
-3.13563 0.109147
-3.13363 0.109003
-3.13163 0.10886
-3.12963 0.108717
-3.12763 0.108574
-3.12563 0.108432
-3.12362 0.108289
-3.12162 0.108148
-3.11962 0.108006
-3.11762 0.107864
-3.11562 0.107723
-3.11362 0.107582
-3.11162 0.107442
-3.10962 0.107301
-3.10762 0.107161
-3.10562 0.107022
-3.10362 0.106882
-3.10162 0.106743
-3.09962 0.106604
-3.09762 0.106465
-3.09562 0.106326
-3.09362 0.106188
-3.09162 0.10605
-3.08962 0.105912
-3.08762 0.105775
-3.08562 0.105637
-3.08362 0.1055
-3.08162 0.105364
-3.07962 0.105227
-3.07762 0.105091
-3.07562 0.104955
-3.07361 0.104819
-3.07161 0.104684
-3.06961 0.104549
-3.06761 0.104414
-3.06561 0.104279
-3.06361 0.104145
-3.06161 0.10401
-3.05961 0.103876
-3.05761 0.103743
-3.05561 0.103609
-3.05361 0.103476
-3.05161 0.103343
-3.04961 0.103211
-3.04761 0.103078
-3.04561 0.102946
-3.04361 0.102814
-3.04161 0.102682
-3.03961 0.102551
-3.03761 0.10242
-3.03561 0.102289
-3.03361 0.102158
-3.03161 0.102028
-3.02961 0.101898
-3.02761 0.101768
-3.02561 0.101638
-3.0236 0.101509
-3.0216 0.101379
-3.0196 0.101251
-3.0176 0.101122
-3.0156 0.100993
-3.0136 0.100865
-3.0116 0.100737
-3.0096 0.10061
-3.0076 0.100482
-3.0056 0.100355
-3.0036 0.100228
-3.0016 0.100101
-2.9996 0.0999747
-2.9976 0.0998485
-2.9956 0.0997225
-2.9936 0.0995968
-2.9916 0.0994713
-2.9896 0.099346
-2.9876 0.099221
-2.9856 0.0990962
-2.9836 0.0989717
-2.9816 0.0988474
-2.9796 0.0987233
-2.9776 0.0985995
-2.9756 0.0984759
-2.97359 0.0983526
-2.97159 0.0982295
-2.96959 0.0981066
-2.96759 0.097984
-2.96559 0.0978616
-2.96359 0.0977394
-2.96159 0.0976175
-2.95959 0.0974959
-2.95759 0.0973744
-2.95559 0.0972532
-2.95359 0.0971322
-2.95159 0.0970115
-2.94959 0.096891
-2.94759 0.0967707
-2.94559 0.0966507
-2.94359 0.0965309
-2.94159 0.0964113
-2.93959 0.096292
-2.93759 0.0961728
-2.93559 0.096054
-2.93359 0.0959353
-2.93159 0.0958169
-2.92959 0.0956987
-2.92759 0.0955808
-2.92559 0.095463
-2.92358 0.0953455
-2.92158 0.0952283
-2.91958 0.0951112
-2.91758 0.0949944
-2.91558 0.0948778
-2.91358 0.0947615
-2.91158 0.0946453
-2.90958 0.0945294
-2.90758 0.0944137
-2.90558 0.0942983
-2.90358 0.094183
-2.90158 0.094068
-2.89958 0.0939532
-2.89758 0.0938387
-2.89558 0.0937243
-2.89358 0.0936102
-2.89158 0.0934963
-2.88958 0.0933827
-2.88758 0.0932692
-2.88558 0.093156
-2.88358 0.093043
-2.88158 0.0929302
-2.87958 0.0928176
-2.87758 0.0927053
-2.87558 0.0925931
-2.87357 0.0924812
-2.87157 0.0923695
-2.86957 0.092258
-2.86757 0.0921468
-2.86557 0.0920357
-2.86357 0.0919249
-2.86157 0.0918143
-2.85957 0.0917039
-2.85757 0.0915937
-2.85557 0.0914838
-2.85357 0.091374
-2.85157 0.0912645
-2.84957 0.0911552
-2.84757 0.0910461
-2.84557 0.0909372
-2.84357 0.0908285
-2.84157 0.09072
-2.83957 0.0906118
-2.83757 0.0905037
-2.83557 0.0903959
-2.83357 0.0902883
-2.83157 0.0901808
-2.82957 0.0900736
-2.82757 0.0899666
-2.82557 0.0898599
-2.82356 0.0897533
-2.82156 0.0896469
-2.81956 0.0895407
-2.81756 0.0894348
-2.81556 0.089329
-2.81356 0.0892235
-2.81156 0.0891182
-2.80956 0.089013
-2.80756 0.0889081
-2.80556 0.0888034
-2.80356 0.0886989
-2.80156 0.0885945
-2.79956 0.0884904
-2.79756 0.0883865
-2.79556 0.0882828
-2.79356 0.0881793
-2.79156 0.088076
-2.78956 0.0879729
-2.78756 0.08787
-2.78556 0.0877673
-2.78356 0.0876648
-2.78156 0.0875625
-2.77956 0.0874604
-2.77756 0.0873586
-2.77556 0.0872569
-2.77355 0.0871554
-2.77155 0.0870541
-2.76955 0.0869529
-2.76755 0.086852
-2.76555 0.0867513
-2.76355 0.0866508
-2.76155 0.0865505
-2.75955 0.0864504
-2.75755 0.0863504
-2.75555 0.0862507
-2.75355 0.0861512
-2.75155 0.0860518
-2.74955 0.0859527
-2.74755 0.0858537
-2.74555 0.0857549
-2.74355 0.0856564
-2.74155 0.085558
-2.73955 0.0854598
-2.73755 0.0853618
-2.73555 0.085264
-2.73355 0.0851664
-2.73155 0.0850689
-2.72955 0.0849717
-2.72755 0.0848746
-2.72555 0.0847778
-2.72354 0.0846811
-2.72154 0.0845846
-2.71954 0.0844883
-2.71754 0.0843922
-2.71554 0.0842963
-2.71354 0.0842005
-2.71154 0.084105
-2.70954 0.0840096
-2.70754 0.0839144
-2.70554 0.0838194
-2.70354 0.0837246
-2.70154 0.08363
-2.69954 0.0835355
-2.69754 0.0834413
-2.69554 0.0833472
-2.69354 0.0832533
-2.69154 0.0831596
-2.68954 0.083066
-2.68754 0.0829727
-2.68554 0.0828795
-2.68354 0.0827865
-2.68154 0.0826937
-2.67954 0.082601
-2.67754 0.0825086
-2.67554 0.0824163
-2.67353 0.0823242
-2.67153 0.0822323
-2.66953 0.0821405
-2.66753 0.0820489
-2.66553 0.0819575
-2.66353 0.0818663
-2.66153 0.0817753
-2.65953 0.0816844
-2.65753 0.0815937
-2.65553 0.0815032
-2.65353 0.0814129
-2.65153 0.0813227
-2.64953 0.0812327
-2.64753 0.0811429
-2.64553 0.0810532
-2.64353 0.0809637
-2.64153 0.0808744
-2.63953 0.0807853
-2.63753 0.0806963
-2.63553 0.0806075
-2.63353 0.0805189
-2.63153 0.0804304
-2.62953 0.0803421
-2.62753 0.080254
-2.62553 0.080166
-2.62352 0.0800783
-2.62152 0.0799906
-2.61952 0.0799032
-2.61752 0.0798159
-2.61552 0.0797288
-2.61352 0.0796418
-2.61152 0.079555
-2.60952 0.0794684
-2.60752 0.079382
-2.60552 0.0792957
-2.60352 0.0792095
-2.60152 0.0791236
-2.59952 0.0790378
-2.59752 0.0789521
-2.59552 0.0788666
-2.59352 0.0787813
-2.59152 0.0786962
-2.58952 0.0786112
-2.58752 0.0785263
-2.58552 0.0784417
-2.58352 0.0783571
-2.58152 0.0782728
-2.57952 0.0781886
-2.57752 0.0781046
-2.57552 0.0780207
-2.57351 0.077937
-2.57151 0.0778534
-2.56951 0.07777
-2.56751 0.0776867
-2.56551 0.0776036
-2.56351 0.0775207
-2.56151 0.0774379
-2.55951 0.0773553
-2.55751 0.0772728
-2.55551 0.0771905
-2.55351 0.0771083
-2.55151 0.0770263
-2.54951 0.0769444
-2.54751 0.0768627
-2.54551 0.0767812
-2.54351 0.0766998
-2.54151 0.0766185
-2.53951 0.0765374
-2.53751 0.0764564
-2.53551 0.0763756
-2.53351 0.076295
-2.53151 0.0762145
-2.52951 0.0761341
-2.52751 0.0760539
-2.52551 0.0759738
-2.5235 0.0758939
-2.5215 0.0758142
-2.5195 0.0757345
-2.5175 0.0756551
-2.5155 0.0755757
-2.5135 0.0754966
-2.5115 0.0754175
-2.5095 0.0753386
-2.5075 0.0752599
-2.5055 0.0751813
-2.5035 0.0751028
-2.5015 0.0750245
-2.4995 0.0749463
-2.4975 0.0748683
-2.4955 0.0747904
-2.4935 0.0747127
-2.4915 0.0746351
-2.4895 0.0745576
-2.4875 0.0744803
-2.4855 0.0744031
-2.4835 0.074326
-2.4815 0.0742491
-2.4795 0.0741723
-2.4775 0.0740957
-2.4755 0.0740192
-2.47349 0.0739429
-2.47149 0.0738666
-2.46949 0.0737905
-2.46749 0.0737146
-2.46549 0.0736388
-2.46349 0.0735631
-2.46149 0.0734876
-2.45949 0.0734122
-2.45749 0.0733369
-2.45549 0.0732617
-2.45349 0.0731867
-2.45149 0.0731119
-2.44949 0.0730371
-2.44749 0.0729625
-2.44549 0.072888
-2.44349 0.0728137
-2.44149 0.0727395
-2.43949 0.0726654
-2.43749 0.0725914
-2.43549 0.0725176
-2.43349 0.0724439
-2.43149 0.0723703
-2.42949 0.0722969
-2.42749 0.0722236
-2.42549 0.0721504
-2.42348 0.0720774
-2.42148 0.0720044
-2.41948 0.0719316
-2.41748 0.071859
-2.41548 0.0717864
-2.41348 0.071714
-2.41148 0.0716417
-2.40948 0.0715695
-2.40748 0.0714974
-2.40548 0.0714255
-2.40348 0.0713537
-2.40148 0.071282
-2.39948 0.0712105
-2.39748 0.071139
-2.39548 0.0710677
-2.39348 0.0709965
-2.39148 0.0709254
-2.38948 0.0708545
-2.38748 0.0707836
-2.38548 0.0707129
-2.38348 0.0706423
-2.38148 0.0705718
-2.37948 0.0705015
-2.37748 0.0704312
-2.37548 0.0703611
-2.37347 0.0702911
-2.37147 0.0702212
-2.36947 0.0701514
-2.36747 0.0700818
-2.36547 0.0700122
-2.36347 0.0699428
-2.36147 0.0698735
-2.35947 0.0698043
-2.35747 0.0697352
-2.35547 0.0696662
-2.35347 0.0695974
-2.35147 0.0695286
-2.34947 0.06946
-2.34747 0.0693915
-2.34547 0.0693231
-2.34347 0.0692548
-2.34147 0.0691866
-2.33947 0.0691185
-2.33747 0.0690505
-2.33547 0.0689827
-2.33347 0.0689149
-2.33147 0.0688473
-2.32947 0.0687797
-2.32747 0.0687123
-2.32547 0.068645
-2.32346 0.0685778
-2.32146 0.0685106
-2.31946 0.0684436
-2.31746 0.0683768
-2.31546 0.06831
-2.31346 0.0682433
-2.31146 0.0681767
-2.30946 0.0681102
-2.30746 0.0680438
-2.30546 0.0679776
-2.30346 0.0679114
-2.30146 0.0678453
-2.29946 0.0677794
-2.29746 0.0677135
-2.29546 0.0676478
-2.29346 0.0675821
-2.29146 0.0675165
-2.28946 0.0674511
-2.28746 0.0673857
-2.28546 0.0673205
-2.28346 0.0672553
-2.28146 0.0671902
-2.27946 0.0671253
-2.27746 0.0670604
-2.27546 0.0669956
-2.27345 0.0669309
-2.27145 0.0668664
-2.26945 0.0668019
-2.26745 0.0667375
-2.26545 0.0666732
-2.26345 0.066609
-2.26145 0.0665449
-2.25945 0.0664809
-2.25745 0.066417
-2.25545 0.0663532
-2.25345 0.0662894
-2.25145 0.0662258
-2.24945 0.0661623
-2.24745 0.0660988
-2.24545 0.0660354
-2.24345 0.0659722
-2.24145 0.065909
-2.23945 0.0658459
-2.23745 0.0657829
-2.23545 0.06572
-2.23345 0.0656571
-2.23145 0.0655944
-2.22945 0.0655318
-2.22745 0.0654692
-2.22545 0.0654067
-2.22344 0.0653443
-2.22144 0.065282
-2.21944 0.0652198
-2.21744 0.0651577
-2.21544 0.0650956
-2.21344 0.0650337
-2.21144 0.0649718
-2.20944 0.06491
-2.20744 0.0648483
-2.20544 0.0647867
-2.20344 0.0647251
-2.20144 0.0646637
-2.19944 0.0646023
-2.19744 0.064541
-2.19544 0.0644798
-2.19344 0.0644186
-2.19144 0.0643576
-2.18944 0.0642966
-2.18744 0.0642357
-2.18544 0.0641749
-2.18344 0.0641141
-2.18144 0.0640535
-2.17944 0.0639929
-2.17744 0.0639324
-2.17544 0.0638719
-2.17343 0.0638116
-2.17143 0.0637513
-2.16943 0.0636911
-2.16743 0.063631
-2.16543 0.0635709
-2.16343 0.0635109
-2.16143 0.063451
-2.15943 0.0633912
-2.15743 0.0633314
-2.15543 0.0632717
-2.15343 0.0632121
-2.15143 0.0631526
-2.14943 0.0630931
-2.14743 0.0630337
-2.14543 0.0629744
-2.14343 0.0629151
-2.14143 0.0628559
-2.13943 0.0627968
-2.13743 0.0627378
-2.13543 0.0626788
-2.13343 0.0626199
-2.13143 0.062561
-2.12943 0.0625023
-2.12743 0.0624435
-2.12543 0.0623849
-2.12342 0.0623263
-2.12142 0.0622678
-2.11942 0.0622094
-2.11742 0.062151
-2.11542 0.0620927
-2.11342 0.0620344
-2.11142 0.0619762
-2.10942 0.0619181
-2.10742 0.06186
-2.10542 0.061802
-2.10342 0.0617441
-2.10142 0.0616862
-2.09942 0.0616284
-2.09742 0.0615707
-2.09542 0.061513
-2.09342 0.0614553
-2.09142 0.0613978
-2.08942 0.0613402
-2.08742 0.0612828
-2.08542 0.0612254
-2.08342 0.0611681
-2.08142 0.0611108
-2.07942 0.0610535
-2.07742 0.0609964
-2.07542 0.0609393
-2.07341 0.0608822
-2.07141 0.0608252
-2.06941 0.0607683
-2.06741 0.0607114
-2.06541 0.0606546
-2.06341 0.0605978
-2.06141 0.0605411
-2.05941 0.0604844
-2.05741 0.0604278
-2.05541 0.0603712
-2.05341 0.0603147
-2.05141 0.0602582
-2.04941 0.0602018
-2.04741 0.0601454
-2.04541 0.0600891
-2.04341 0.0600329
-2.04141 0.0599767
-2.03941 0.0599205
-2.03741 0.0598644
-2.03541 0.0598083
-2.03341 0.0597523
-2.03141 0.0596963
-2.02941 0.0596404
-2.02741 0.0595845
-2.02541 0.0595287
-2.0234 0.0594729
-2.0214 0.0594172
-2.0194 0.0593615
-2.0174 0.0593058
-2.0154 0.0592502
-2.0134 0.0591947
-2.0114 0.0591392
-2.0094 0.0590837
-2.0074 0.0590283
-2.0054 0.0589729
-2.0034 0.0589175
-2.0014 0.0588622
-1.9994 0.058807
-1.9974 0.0587517
-1.9954 0.0586966
-1.9934 0.0586414
-1.9914 0.0585863
-1.9894 0.0585313
-1.9874 0.0584762
-1.9854 0.0584213
-1.9834 0.0583663
-1.9814 0.0583114
-1.9794 0.0582566
-1.9774 0.0582018
-1.9754 0.058147
-1.97339 0.0580923
-1.97139 0.0580376
-1.96939 0.057983
-1.96739 0.0579284
-1.96539 0.0578738
-1.96339 0.0578193
-1.96139 0.0577648
-1.95939 0.0577104
-1.95739 0.057656
-1.95539 0.0576017
-1.95339 0.0575474
-1.95139 0.0574931
-1.94939 0.0574389
-1.94739 0.0573847
-1.94539 0.0573306
-1.94339 0.0572765
-1.94139 0.0572225
-1.93939 0.0571685
-1.93739 0.0571146
-1.93539 0.0570607
-1.93339 0.0570068
-1.93139 0.056953
-1.92939 0.0568992
-1.92739 0.0568455
-1.92539 0.0567918
-1.92338 0.0567381
-1.92138 0.0566846
-1.91938 0.056631
-1.91738 0.0565775
-1.91538 0.056524
-1.91338 0.0564706
-1.91138 0.0564173
-1.90938 0.0563639
-1.90738 0.0563107
-1.90538 0.0562574
-1.90338 0.0562042
-1.90138 0.0561511
-1.89938 0.056098
-1.89738 0.0560449
-1.89538 0.0559919
-1.89338 0.055939
-1.89138 0.0558861
-1.88938 0.0558332
-1.88738 0.0557804
-1.88538 0.0557276
-1.88338 0.0556749
-1.88138 0.0556222
-1.87938 0.0555696
-1.87738 0.055517
-1.87538 0.0554645
-1.87337 0.055412
-1.87137 0.0553595
-1.86937 0.0553071
-1.86737 0.0552548
-1.86537 0.0552025
-1.86337 0.0551502
-1.86137 0.055098
-1.85937 0.0550459
-1.85737 0.0549938
-1.85537 0.0549417
-1.85337 0.0548897
-1.85137 0.0548377
-1.84937 0.0547858
-1.84737 0.054734
-1.84537 0.0546822
-1.84337 0.0546304
-1.84137 0.0545787
-1.83937 0.054527
-1.83737 0.0544754
-1.83537 0.0544238
-1.83337 0.0543723
-1.83137 0.0543208
-1.82937 0.0542694
-1.82737 0.054218
-1.82537 0.0541667
-1.82336 0.0541154
-1.82136 0.0540642
-1.81936 0.054013
-1.81736 0.0539619
-1.81536 0.0539108
-1.81336 0.0538598
-1.81136 0.0538088
-1.80936 0.0537579
-1.80736 0.053707
-1.80536 0.0536562
-1.80336 0.0536054
-1.80136 0.0535547
-1.79936 0.0535041
-1.79736 0.0534534
-1.79536 0.0534029
-1.79336 0.0533524
-1.79136 0.0533019
-1.78936 0.0532515
-1.78736 0.0532011
-1.78536 0.0531508
-1.78336 0.0531006
-1.78136 0.0530504
-1.77936 0.0530002
-1.77736 0.0529501
-1.77536 0.0529001
-1.77335 0.0528501
-1.77135 0.0528001
-1.76935 0.0527502
-1.76735 0.0527004
-1.76535 0.0526506
-1.76335 0.0526009
-1.76135 0.0525512
-1.75935 0.0525016
-1.75735 0.052452
-1.75535 0.0524025
-1.75335 0.052353
-1.75135 0.0523036
-1.74935 0.0522543
-1.74735 0.052205
-1.74535 0.0521557
-1.74335 0.0521065
-1.74135 0.0520574
-1.73935 0.0520083
-1.73735 0.0519593
-1.73535 0.0519103
-1.73335 0.0518614
-1.73135 0.0518125
-1.72935 0.0517637
-1.72735 0.0517149
-1.72535 0.0516662
-1.72334 0.0516176
-1.72134 0.051569
-1.71934 0.0515205
-1.71734 0.051472
-1.71534 0.0514235
-1.71334 0.0513752
-1.71134 0.0513269
-1.70934 0.0512786
-1.70734 0.0512304
-1.70534 0.0511822
-1.70334 0.0511341
-1.70134 0.0510861
-1.69934 0.0510381
-1.69734 0.0509902
-1.69534 0.0509423
-1.69334 0.0508945
-1.69134 0.0508468
-1.68934 0.0507991
-1.68734 0.0507514
-1.68534 0.0507039
-1.68334 0.0506563
-1.68134 0.0506089
-1.67934 0.0505615
-1.67734 0.0505141
-1.67534 0.0504668
-1.67333 0.0504196
-1.67133 0.0503724
-1.66933 0.0503253
-1.66733 0.0502782
-1.66533 0.0502312
-1.66333 0.0501842
-1.66133 0.0501374
-1.65933 0.0500905
-1.65733 0.0500437
-1.65533 0.049997
-1.65333 0.0499504
-1.65133 0.0499038
-1.64933 0.0498572
-1.64733 0.0498108
-1.64533 0.0497643
-1.64333 0.049718
-1.64133 0.0496717
-1.63933 0.0496254
-1.63733 0.0495793
-1.63533 0.0495331
-1.63333 0.0494871
-1.63133 0.0494411
-1.62933 0.0493951
-1.62733 0.0493492
-1.62533 0.0493034
-1.62332 0.0492576
-1.62132 0.0492119
-1.61932 0.0491663
-1.61732 0.0491207
-1.61532 0.0490752
-1.61332 0.0490297
-1.61132 0.0489843
-1.60932 0.048939
-1.60732 0.0488937
-1.60532 0.0488485
-1.60332 0.0488034
-1.60132 0.0487583
-1.59932 0.0487132
-1.59732 0.0486683
-1.59532 0.0486233
-1.59332 0.0485785
-1.59132 0.0485337
-1.58932 0.048489
-1.58732 0.0484443
-1.58532 0.0483997
-1.58332 0.0483552
-1.58132 0.0483107
-1.57932 0.0482663
-1.57732 0.048222
-1.57532 0.0481777
-1.57331 0.0481335
-1.57131 0.0480893
-1.56931 0.0480452
-1.56731 0.0480012
-1.56531 0.0479572
-1.56331 0.0479133
-1.56131 0.0478694
-1.55931 0.0478257
-1.55731 0.0477819
-1.55531 0.0477383
-1.55331 0.0476947
-1.55131 0.0476512
-1.54931 0.0476077
-1.54731 0.0475643
-1.54531 0.047521
-1.54331 0.0474777
-1.54131 0.0474345
-1.53931 0.0473914
-1.53731 0.0473483
-1.53531 0.0473053
-1.53331 0.0472624
-1.53131 0.0472195
-1.52931 0.0471767
-1.52731 0.0471339
-1.52531 0.0470912
-1.5233 0.0470486
-1.5213 0.0470061
-1.5193 0.0469636
-1.5173 0.0469211
-1.5153 0.0468788
-1.5133 0.0468365
-1.5113 0.0467943
-1.5093 0.0467521
-1.5073 0.04671
-1.5053 0.046668
-1.5033 0.046626
-1.5013 0.0465842
-1.4993 0.0465423
-1.4973 0.0465006
-1.4953 0.0464589
-1.4933 0.0464173
-1.4913 0.0463757
-1.4893 0.0463342
-1.4873 0.0462928
-1.4853 0.0462514
-1.4833 0.0462101
-1.4813 0.0461689
-1.4793 0.0461278
-1.4773 0.0460867
-1.4753 0.0460457
-1.47329 0.0460047
-1.47129 0.0459639
-1.46929 0.045923
-1.46729 0.0458823
-1.46529 0.0458416
-1.46329 0.045801
-1.46129 0.0457605
-1.45929 0.04572
-1.45729 0.0456796
-1.45529 0.0456393
-1.45329 0.045599
-1.45129 0.0455588
-1.44929 0.0455187
-1.44729 0.0454786
-1.44529 0.0454387
-1.44329 0.0453987
-1.44129 0.0453589
-1.43929 0.0453191
-1.43729 0.0452794
-1.43529 0.0452398
-1.43329 0.0452002
-1.43129 0.0451607
-1.42929 0.0451213
-1.42729 0.0450819
-1.42529 0.0450427
-1.42328 0.0450034
-1.42128 0.0449643
-1.41928 0.0449252
-1.41728 0.0448862
-1.41528 0.0448473
-1.41328 0.0448084
-1.41128 0.0447697
-1.40928 0.0447309
-1.40728 0.0446923
-1.40528 0.0446537
-1.40328 0.0446152
-1.40128 0.0445768
-1.39928 0.0445384
-1.39728 0.0445002
-1.39528 0.0444619
-1.39328 0.0444238
-1.39128 0.0443857
-1.38928 0.0443477
-1.38728 0.0443098
-1.38528 0.044272
-1.38328 0.0442342
-1.38128 0.0441965
-1.37928 0.0441588
-1.37728 0.0441213
-1.37528 0.0440838
-1.37327 0.0440464
-1.37127 0.044009
-1.36927 0.0439718
-1.36727 0.0439346
-1.36527 0.0438975
-1.36327 0.0438604
-1.36127 0.0438235
-1.35927 0.0437866
-1.35727 0.0437497
-1.35527 0.043713
-1.35327 0.0436763
-1.35127 0.0436397
-1.34927 0.0436032
-1.34727 0.0435667
-1.34527 0.0435304
-1.34327 0.0434941
-1.34127 0.0434578
-1.33927 0.0434217
-1.33727 0.0433856
-1.33527 0.0433496
-1.33327 0.0433137
-1.33127 0.0432778
-1.32927 0.043242
-1.32727 0.0432063
-1.32527 0.0431707
-1.32326 0.0431352
-1.32126 0.0430997
-1.31926 0.0430643
-1.31726 0.043029
-1.31526 0.0429937
-1.31326 0.0429586
-1.31126 0.0429235
-1.30926 0.0428885
-1.30726 0.0428535
-1.30526 0.0428187
-1.30326 0.0427839
-1.30126 0.0427492
-1.29926 0.0427145
-1.29726 0.04268
-1.29526 0.0426455
-1.29326 0.0426111
-1.29126 0.0425768
-1.28926 0.0425426
-1.28726 0.0425084
-1.28526 0.0424743
-1.28326 0.0424403
-1.28126 0.0424064
-1.27926 0.0423725
-1.27726 0.0423387
-1.27526 0.042305
-1.27325 0.0422714
-1.27125 0.0422379
-1.26925 0.0422044
-1.26725 0.042171
-1.26525 0.0421377
-1.26325 0.0421045
-1.26125 0.0420714
-1.25925 0.0420383
-1.25725 0.0420053
-1.25525 0.0419724
-1.25325 0.0419396
-1.25125 0.0419068
-1.24925 0.0418742
-1.24725 0.0418416
-1.24525 0.0418091
-1.24325 0.0417766
-1.24125 0.0417443
-1.23925 0.041712
-1.23725 0.0416798
-1.23525 0.0416477
-1.23325 0.0416157
-1.23125 0.0415837
-1.22925 0.0415519
-1.22725 0.0415201
-1.22525 0.0414884
-1.22324 0.0414568
-1.22124 0.0414252
-1.21924 0.0413938
-1.21724 0.0413624
-1.21524 0.0413311
-1.21324 0.0412999
-1.21124 0.0412687
-1.20924 0.0412377
-1.20724 0.0412067
-1.20524 0.0411758
-1.20324 0.041145
-1.20124 0.0411143
-1.19924 0.0410836
-1.19724 0.0410531
-1.19524 0.0410226
-1.19324 0.0409922
-1.19124 0.0409619
-1.18924 0.0409317
-1.18724 0.0409015
-1.18524 0.0408715
-1.18324 0.0408415
-1.18124 0.0408116
-1.17924 0.0407818
-1.17724 0.040752
-1.17524 0.0407224
-1.17323 0.0406928
-1.17123 0.0406634
-1.16923 0.040634
-1.16723 0.0406046
-1.16523 0.0405754
-1.16323 0.0405463
-1.16123 0.0405172
-1.15923 0.0404882
-1.15723 0.0404593
-1.15523 0.0404305
-1.15323 0.0404018
-1.15123 0.0403732
-1.14923 0.0403446
-1.14723 0.0403162
-1.14523 0.0402878
-1.14323 0.0402595
-1.14123 0.0402313
-1.13923 0.0402032
-1.13723 0.0401751
-1.13523 0.0401472
-1.13323 0.0401193
-1.13123 0.0400915
-1.12923 0.0400638
-1.12723 0.0400362
-1.12523 0.0400087
-1.12322 0.0399812
-1.12122 0.0399539
-1.11922 0.0399266
-1.11722 0.0398994
-1.11522 0.0398723
-1.11322 0.0398453
-1.11122 0.0398184
-1.10922 0.0397916
-1.10722 0.0397648
-1.10522 0.0397382
-1.10322 0.0397116
-1.10122 0.0396851
-1.09922 0.0396587
-1.09722 0.0396324
-1.09522 0.0396062
-1.09322 0.0395801
-1.09122 0.039554
-1.08922 0.0395281
-1.08722 0.0395022
-1.08522 0.0394764
-1.08322 0.0394507
-1.08122 0.0394251
-1.07922 0.0393996
-1.07722 0.0393742
-1.07522 0.0393488
-1.07321 0.0393236
-1.07121 0.0392984
-1.06921 0.0392734
-1.06721 0.0392484
-1.06521 0.0392235
-1.06321 0.0391987
-1.06121 0.039174
-1.05921 0.0391494
-1.05721 0.0391248
-1.05521 0.0391004
-1.05321 0.039076
-1.05121 0.0390518
-1.04921 0.0390276
-1.04721 0.0390035
-1.04521 0.0389795
-1.04321 0.0389556
-1.04121 0.0389318
-1.03921 0.0389081
-1.03721 0.0388844
-1.03521 0.0388609
-1.03321 0.0388374
-1.03121 0.0388141
-1.02921 0.0387908
-1.02721 0.0387676
-1.02521 0.0387446
-1.0232 0.0387216
-1.0212 0.0386987
-1.0192 0.0386758
-1.0172 0.0386531
-1.0152 0.0386305
-1.0132 0.038608
-1.0112 0.0385855
-1.0092 0.0385632
-1.0072 0.0385409
-1.0052 0.0385187
-1.0032 0.0384967
-1.0012 0.0384747
-0.9992 0.0384528
-0.997199 0.038431
-0.995199 0.0384093
-0.993199 0.0383877
-0.991198 0.0383662
-0.989198 0.0383447
-0.987197 0.0383234
-0.985197 0.0383021
-0.983197 0.038281
-0.981196 0.0382599
-0.979196 0.0382389
-0.977195 0.038218
-0.975195 0.0381972
-0.973195 0.0381765
-0.971194 0.0381559
-0.969194 0.0381353
-0.967193 0.0381148
-0.965193 0.0380945
-0.963193 0.0380742
-0.961192 0.038054
-0.959192 0.0380338
-0.957191 0.0380138
-0.955191 0.0379938
-0.953191 0.0379739
-0.95119 0.0379542
-0.94919 0.0379344
-0.947189 0.0379148
-0.945189 0.0378952
-0.943189 0.0378758
-0.941188 0.0378564
-0.939188 0.0378371
-0.937187 0.0378178
-0.935187 0.0377987
-0.933187 0.0377796
-0.931186 0.0377606
-0.929186 0.0377416
-0.927185 0.0377228
-0.925185 0.037704
-0.923185 0.0376853
-0.921184 0.0376667
-0.919184 0.0376481
-0.917183 0.0376296
-0.915183 0.0376112
-0.913183 0.0375929
-0.911182 0.0375746
-0.909182 0.0375564
-0.907181 0.0375383
-0.905181 0.0375203
-0.903181 0.0375023
-0.90118 0.0374844
-0.89918 0.0374665
-0.897179 0.0374488
-0.895179 0.0374311
-0.893179 0.0374134
-0.891178 0.0373959
-0.889178 0.0373784
-0.887177 0.0373609
-0.885177 0.0373436
-0.883177 0.0373263
-0.881176 0.037309
-0.879176 0.0372918
-0.877175 0.0372747
-0.875175 0.0372577
-0.873175 0.0372407
-0.871174 0.0372238
-0.869174 0.0372069
-0.867173 0.0371901
-0.865173 0.0371734
-0.863173 0.0371567
-0.861172 0.0371401
-0.859172 0.0371236
-0.857171 0.0371071
-0.855171 0.0370906
-0.853171 0.0370743
-0.85117 0.037058
-0.84917 0.0370417
-0.847169 0.0370255
-0.845169 0.0370093
-0.843169 0.0369933
-0.841168 0.0369772
-0.839168 0.0369612
-0.837167 0.0369453
-0.835167 0.0369295
-0.833167 0.0369136
-0.831166 0.0368979
-0.829166 0.0368822
-0.827165 0.0368665
-0.825165 0.0368509
-0.823165 0.0368354
-0.821164 0.0368198
-0.819164 0.0368044
-0.817163 0.036789
-0.815163 0.0367736
-0.813163 0.0367583
-0.811162 0.0367431
-0.809162 0.0367279
-0.807161 0.0367127
-0.805161 0.0366976
-0.803161 0.0366825
-0.80116 0.0366675
-0.79916 0.0366525
-0.797159 0.0366376
-0.795159 0.0366227
-0.793159 0.0366079
-0.791158 0.0365931
-0.789158 0.0365783
-0.787157 0.0365636
-0.785157 0.036549
-0.783157 0.0365343
-0.781156 0.0365198
-0.779156 0.0365052
-0.777155 0.0364907
-0.775155 0.0364763
-0.773155 0.0364618
-0.771154 0.0364474
-0.769154 0.0364331
-0.767153 0.0364188
-0.765153 0.0364045
-0.763153 0.0363903
-0.761152 0.0363761
-0.759152 0.0363619
-0.757151 0.0363478
-0.755151 0.0363337
-0.753151 0.0363197
-0.75115 0.0363057
-0.74915 0.0362917
-0.747149 0.0362777
-0.745149 0.0362638
-0.743149 0.0362499
-0.741148 0.0362361
-0.739148 0.0362223
-0.737147 0.0362085
-0.735147 0.0361947
-0.733147 0.036181
-0.731146 0.0361673
-0.729146 0.0361536
-0.727145 0.03614
-0.725145 0.0361263
-0.723145 0.0361128
-0.721144 0.0360992
-0.719144 0.0360857
-0.717143 0.0360722
-0.715143 0.0360587
-0.713143 0.0360452
-0.711142 0.0360318
-0.709142 0.0360184
-0.707141 0.036005
-0.705141 0.0359917
-0.703141 0.0359783
-0.70114 0.035965
-0.69914 0.0359517
-0.697139 0.0359385
-0.695139 0.0359252
-0.693139 0.035912
-0.691138 0.0358988
-0.689138 0.0358856
-0.687137 0.0358724
-0.685137 0.0358593
-0.683137 0.0358461
-0.681136 0.035833
-0.679136 0.0358199
-0.677135 0.0358069
-0.675135 0.0357938
-0.673135 0.0357808
-0.671134 0.0357677
-0.669134 0.0357547
-0.667133 0.0357417
-0.665133 0.0357287
-0.663133 0.0357157
-0.661132 0.0357028
-0.659132 0.0356898
-0.657131 0.0356769
-0.655131 0.035664
-0.653131 0.0356511
-0.65113 0.0356382
-0.64913 0.0356253
-0.647129 0.0356124
-0.645129 0.0355995
-0.643129 0.0355867
-0.641128 0.0355738
-0.639128 0.035561
-0.637127 0.0355481
-0.635127 0.0355353
-0.633127 0.0355225
-0.631126 0.0355096
-0.629126 0.0354968
-0.627125 0.035484
-0.625125 0.0354712
-0.623125 0.0354584
-0.621124 0.0354456
-0.619124 0.0354328
-0.617123 0.03542
-0.615123 0.0354072
-0.613123 0.0353945
-0.611122 0.0353817
-0.609122 0.0353689
-0.607121 0.0353561
-0.605121 0.0353433
-0.603121 0.0353305
-0.60112 0.0353177
-0.59912 0.035305
-0.597119 0.0352922
-0.595119 0.0352794
-0.593119 0.0352666
-0.591118 0.0352538
-0.589118 0.035241
-0.587117 0.0352282
-0.585117 0.0352154
-0.583117 0.0352025
-0.581116 0.0351897
-0.579116 0.0351769
-0.577115 0.0351641
-0.575115 0.0351512
-0.573115 0.0351384
-0.571114 0.0351255
-0.569114 0.0351126
-0.567113 0.0350998
-0.565113 0.0350869
-0.563113 0.035074
-0.561112 0.0350611
-0.559112 0.0350481
-0.557111 0.0350352
-0.555111 0.0350223
-0.553111 0.0350093
-0.55111 0.0349964
-0.54911 0.0349834
-0.547109 0.0349704
-0.545109 0.0349574
-0.543109 0.0349443
-0.541108 0.0349313
-0.539108 0.0349183
-0.537107 0.0349052
-0.535107 0.0348921
-0.533107 0.034879
-0.531106 0.0348659
-0.529106 0.0348527
-0.527105 0.0348396
-0.525105 0.0348264
-0.523105 0.0348132
-0.521104 0.0348
-0.519104 0.0347867
-0.517103 0.0347735
-0.515103 0.0347602
-0.513103 0.0347469
-0.511102 0.0347336
-0.509102 0.0347202
-0.507101 0.0347069
-0.505101 0.0346935
-0.503101 0.03468
-0.5011 0.0346666
-0.4991 0.0346531
-0.497099 0.0346396
-0.495099 0.0346261
-0.493099 0.0346126
-0.491098 0.034599
-0.489098 0.0345854
-0.487097 0.0345718
-0.485097 0.0345581
-0.483097 0.0345444
-0.481096 0.0345307
-0.479096 0.034517
-0.477095 0.0345032
-0.475095 0.0344894
-0.473095 0.0344755
-0.471094 0.0344617
-0.469094 0.0344478
-0.467093 0.0344338
-0.465093 0.0344199
-0.463093 0.0344059
-0.461092 0.0343918
-0.459092 0.0343777
-0.457091 0.0343636
-0.455091 0.0343495
-0.453091 0.0343353
-0.45109 0.0343211
-0.44909 0.0343068
-0.447089 0.0342926
-0.445089 0.0342782
-0.443089 0.0342639
-0.441088 0.0342495
-0.439088 0.034235
-0.437087 0.0342205
-0.435087 0.034206
-0.433087 0.0341914
-0.431086 0.0341768
-0.429086 0.0341622
-0.427085 0.0341475
-0.425085 0.0341328
-0.423085 0.034118
-0.421084 0.0341032
-0.419084 0.0340883
-0.417083 0.0340734
-0.415083 0.0340584
-0.413083 0.0340434
-0.411082 0.0340284
-0.409082 0.0340133
-0.407081 0.0339982
-0.405081 0.033983
-0.403081 0.0339677
-0.40108 0.0339525
-0.39908 0.0339371
-0.397079 0.0339218
-0.395079 0.0339063
-0.393079 0.0338908
-0.391078 0.0338753
-0.389078 0.0338597
-0.387077 0.0338441
-0.385077 0.0338284
-0.383077 0.0338127
-0.381076 0.0337969
-0.379076 0.033781
-0.377075 0.0337651
-0.375075 0.0337492
-0.373075 0.0337332
-0.371074 0.0337171
-0.369074 0.033701
-0.367073 0.0336848
-0.365073 0.0336686
-0.363073 0.0336523
-0.361072 0.0336359
-0.359072 0.0336195
-0.357071 0.0336031
-0.355071 0.0335865
-0.353071 0.0335699
-0.35107 0.0335533
-0.34907 0.0335366
-0.347069 0.0335198
-0.345069 0.033503
-0.343069 0.0334861
-0.341068 0.0334692
-0.339068 0.0334521
-0.337067 0.0334351
-0.335067 0.0334179
-0.333067 0.0334007
-0.331066 0.0333834
-0.329066 0.0333661
-0.327065 0.0333487
-0.325065 0.0333312
-0.323065 0.0333137
-0.321064 0.0332961
-0.319064 0.0332784
-0.317063 0.0332607
-0.315063 0.0332428
-0.313063 0.033225
-0.311062 0.033207
-0.309062 0.033189
-0.307061 0.0331709
-0.305061 0.0331528
-0.303061 0.0331345
-0.30106 0.0331162
-0.29906 0.0330978
-0.297059 0.0330794
-0.295059 0.0330609
-0.293059 0.0330423
-0.291058 0.0330236
-0.289058 0.0330049
-0.287057 0.032986
-0.285057 0.0329671
-0.283057 0.0329482
-0.281056 0.0329291
-0.279056 0.03291
-0.277055 0.0328908
-0.275055 0.0328715
-0.273055 0.0328521
-0.271054 0.0328327
-0.269054 0.0328132
-0.267053 0.0327936
-0.265053 0.0327739
-0.263053 0.0327541
-0.261052 0.0327343
-0.259052 0.0327144
-0.257051 0.0326944
-0.255051 0.0326743
-0.253051 0.0326541
-0.25105 0.0326338
-0.24905 0.0326135
-0.247049 0.0325931
-0.245049 0.0325725
-0.243049 0.0325519
-0.241048 0.0325313
-0.239048 0.0325105
-0.237047 0.0324896
-0.235047 0.0324687
-0.233047 0.0324477
-0.231046 0.0324265
-0.229046 0.0324053
-0.227045 0.032384
-0.225045 0.0323626
-0.223045 0.0323411
-0.221044 0.0323196
-0.219044 0.0322979
-0.217043 0.0322762
-0.215043 0.0322543
-0.213043 0.0322324
-0.211042 0.0322103
-0.209042 0.0321882
-0.207041 0.032166
-0.205041 0.0321437
-0.203041 0.0321213
-0.20104 0.0320987
-0.19904 0.0320761
-0.197039 0.0320534
-0.195039 0.0320306
-0.193039 0.0320078
-0.191038 0.0319848
-0.189038 0.0319617
-0.187037 0.0319385
-0.185037 0.0319152
-0.183037 0.0318918
-0.181036 0.0318683
-0.179036 0.0318447
-0.177035 0.031821
-0.175035 0.0317972
-0.173035 0.0317733
-0.171034 0.0317493
-0.169034 0.0317252
-0.167033 0.031701
-0.165033 0.0316767
-0.163033 0.0316523
-0.161032 0.0316278
-0.159032 0.0316032
-0.157031 0.0315784
-0.155031 0.0315536
-0.153031 0.0315286
-0.15103 0.0315036
-0.14903 0.0314784
-0.147029 0.0314532
-0.145029 0.0314278
-0.143029 0.0314023
-0.141028 0.0313767
-0.139028 0.031351
-0.137027 0.0313252
-0.135027 0.0312992
-0.133027 0.0312732
-0.131026 0.031247
-0.129026 0.0312208
-0.127025 0.0311944
-0.125025 0.0311679
-0.123025 0.0311413
-0.121024 0.0311146
-0.119024 0.0310877
-0.117023 0.0310608
-0.115023 0.0310337
-0.113023 0.0310065
-0.111022 0.0309792
-0.109022 0.0309518
-0.107021 0.0309243
-0.105021 0.0308966
-0.103021 0.0308688
-0.10102 0.0308409
-0.0990198 0.0308129
-0.0970194 0.0307848
-0.095019 0.0307565
-0.0930186 0.0307282
-0.0910182 0.0306997
-0.0890178 0.030671
-0.0870174 0.0306423
-0.085017 0.0306134
-0.0830166 0.0305845
-0.0810162 0.0305553
-0.0790158 0.0305261
-0.0770154 0.0304967
-0.075015 0.0304673
-0.0730146 0.0304376
-0.0710142 0.0304079
-0.0690138 0.030378
-0.0670134 0.030348
-0.065013 0.0303179
-0.0630126 0.0302877
-0.0610122 0.0302573
-0.0590118 0.0302268
-0.0570114 0.0301961
-0.055011 0.0301654
-0.0530106 0.0301345
-0.0510102 0.0301034
-0.0490098 0.0300723
-0.0470094 0.030041
-0.045009 0.0300096
-0.0430086 0.029978
-0.0410082 0.0299463
-0.0390078 0.0299145
-0.0370074 0.0298825
-0.035007 0.0298504
-0.0330066 0.0298182
-0.0310062 0.0297858
-0.0290058 0.0297533
-0.0270054 0.0297207
-0.025005 0.0296879
-0.0230046 0.029655
-0.0210042 0.0296219
-0.0190038 0.0295887
-0.0170034 0.0295554
-0.015003 0.0295219
-0.0130026 0.0294883
-0.0110022 0.0294546
-0.0090018 0.0294207
-0.0070014 0.0293866
-0.005001 0.0293525
-0.0030006 0.0293181
-0.0010002 0.0292837
0.0010002 0.0292837
0.0030006 0.0293181
0.005001 0.0293525
0.0070014 0.0293866
0.0090018 0.0294207
0.0110022 0.0294546
0.0130026 0.0294883
0.015003 0.0295219
0.0170034 0.0295554
0.0190038 0.0295887
0.0210042 0.0296219
0.0230046 0.029655
0.025005 0.0296879
0.0270054 0.0297207
0.0290058 0.0297533
0.0310062 0.0297858
0.0330066 0.0298182
0.035007 0.0298504
0.0370074 0.0298825
0.0390078 0.0299145
0.0410082 0.0299463
0.0430086 0.029978
0.045009 0.0300096
0.0470094 0.030041
0.0490098 0.0300723
0.0510102 0.0301034
0.0530106 0.0301345
0.055011 0.0301654
0.0570114 0.0301961
0.0590118 0.0302268
0.0610122 0.0302573
0.0630126 0.0302877
0.065013 0.0303179
0.0670134 0.030348
0.0690138 0.030378
0.0710142 0.0304079
0.0730146 0.0304376
0.075015 0.0304673
0.0770154 0.0304967
0.0790158 0.0305261
0.0810162 0.0305553
0.0830166 0.0305845
0.085017 0.0306134
0.0870174 0.0306423
0.0890178 0.030671
0.0910182 0.0306997
0.0930186 0.0307282
0.095019 0.0307565
0.0970194 0.0307848
0.0990198 0.0308129
0.10102 0.0308409
0.103021 0.0308688
0.105021 0.0308966
0.107021 0.0309243
0.109022 0.0309518
0.111022 0.0309792
0.113023 0.0310065
0.115023 0.0310337
0.117023 0.0310608
0.119024 0.0310877
0.121024 0.0311146
0.123025 0.0311413
0.125025 0.0311679
0.127025 0.0311944
0.129026 0.0312208
0.131026 0.031247
0.133027 0.0312732
0.135027 0.0312992
0.137027 0.0313252
0.139028 0.031351
0.141028 0.0313767
0.143029 0.0314023
0.145029 0.0314278
0.147029 0.0314532
0.14903 0.0314784
0.15103 0.0315036
0.153031 0.0315286
0.155031 0.0315536
0.157031 0.0315784
0.159032 0.0316032
0.161032 0.0316278
0.163033 0.0316523
0.165033 0.0316767
0.167033 0.031701
0.169034 0.0317252
0.171034 0.0317493
0.173035 0.0317733
0.175035 0.0317972
0.177035 0.031821
0.179036 0.0318447
0.181036 0.0318683
0.183037 0.0318918
0.185037 0.0319152
0.187037 0.0319385
0.189038 0.0319617
0.191038 0.0319848
0.193039 0.0320078
0.195039 0.0320306
0.197039 0.0320534
0.19904 0.0320761
0.20104 0.0320987
0.203041 0.0321213
0.205041 0.0321437
0.207041 0.032166
0.209042 0.0321882
0.211042 0.0322103
0.213043 0.0322324
0.215043 0.0322543
0.217043 0.0322762
0.219044 0.0322979
0.221044 0.0323196
0.223045 0.0323411
0.225045 0.0323626
0.227045 0.032384
0.229046 0.0324053
0.231046 0.0324265
0.233047 0.0324477
0.235047 0.0324687
0.237047 0.0324896
0.239048 0.0325105
0.241048 0.0325313
0.243049 0.0325519
0.245049 0.0325725
0.247049 0.0325931
0.24905 0.0326135
0.25105 0.0326338
0.253051 0.0326541
0.255051 0.0326743
0.257051 0.0326944
0.259052 0.0327144
0.261052 0.0327343
0.263053 0.0327541
0.265053 0.0327739
0.267053 0.0327936
0.269054 0.0328132
0.271054 0.0328327
0.273055 0.0328521
0.275055 0.0328715
0.277055 0.0328908
0.279056 0.03291
0.281056 0.0329291
0.283057 0.0329482
0.285057 0.0329671
0.287057 0.032986
0.289058 0.0330049
0.291058 0.0330236
0.293059 0.0330423
0.295059 0.0330609
0.297059 0.0330794
0.29906 0.0330978
0.30106 0.0331162
0.303061 0.0331345
0.305061 0.0331528
0.307061 0.0331709
0.309062 0.033189
0.311062 0.033207
0.313063 0.033225
0.315063 0.0332428
0.317063 0.0332607
0.319064 0.0332784
0.321064 0.0332961
0.323065 0.0333137
0.325065 0.0333312
0.327065 0.0333487
0.329066 0.0333661
0.331066 0.0333834
0.333067 0.0334007
0.335067 0.0334179
0.337067 0.0334351
0.339068 0.0334521
0.341068 0.0334692
0.343069 0.0334861
0.345069 0.033503
0.347069 0.0335198
0.34907 0.0335366
0.35107 0.0335533
0.353071 0.0335699
0.355071 0.0335865
0.357071 0.0336031
0.359072 0.0336195
0.361072 0.0336359
0.363073 0.0336523
0.365073 0.0336686
0.367073 0.0336848
0.369074 0.033701
0.371074 0.0337171
0.373075 0.0337332
0.375075 0.0337492
0.377075 0.0337651
0.379076 0.033781
0.381076 0.0337969
0.383077 0.0338127
0.385077 0.0338284
0.387077 0.0338441
0.389078 0.0338597
0.391078 0.0338753
0.393079 0.0338908
0.395079 0.0339063
0.397079 0.0339218
0.39908 0.0339371
0.40108 0.0339525
0.403081 0.0339677
0.405081 0.033983
0.407081 0.0339982
0.409082 0.0340133
0.411082 0.0340284
0.413083 0.0340434
0.415083 0.0340584
0.417083 0.0340734
0.419084 0.0340883
0.421084 0.0341032
0.423085 0.034118
0.425085 0.0341328
0.427085 0.0341475
0.429086 0.0341622
0.431086 0.0341768
0.433087 0.0341914
0.435087 0.034206
0.437087 0.0342205
0.439088 0.034235
0.441088 0.0342495
0.443089 0.0342639
0.445089 0.0342782
0.447089 0.0342926
0.44909 0.0343068
0.45109 0.0343211
0.453091 0.0343353
0.455091 0.0343495
0.457091 0.0343636
0.459092 0.0343777
0.461092 0.0343918
0.463093 0.0344059
0.465093 0.0344199
0.467093 0.0344338
0.469094 0.0344478
0.471094 0.0344617
0.473095 0.0344755
0.475095 0.0344894
0.477095 0.0345032
0.479096 0.034517
0.481096 0.0345307
0.483097 0.0345444
0.485097 0.0345581
0.487097 0.0345718
0.489098 0.0345854
0.491098 0.034599
0.493099 0.0346126
0.495099 0.0346261
0.497099 0.0346396
0.4991 0.0346531
0.5011 0.0346666
0.503101 0.03468
0.505101 0.0346935
0.507101 0.0347069
0.509102 0.0347202
0.511102 0.0347336
0.513103 0.0347469
0.515103 0.0347602
0.517103 0.0347735
0.519104 0.0347867
0.521104 0.0348
0.523105 0.0348132
0.525105 0.0348264
0.527105 0.0348396
0.529106 0.0348527
0.531106 0.0348659
0.533107 0.034879
0.535107 0.0348921
0.537107 0.0349052
0.539108 0.0349183
0.541108 0.0349313
0.543109 0.0349443
0.545109 0.0349574
0.547109 0.0349704
0.54911 0.0349834
0.55111 0.0349964
0.553111 0.0350093
0.555111 0.0350223
0.557111 0.0350352
0.559112 0.0350481
0.561112 0.0350611
0.563113 0.035074
0.565113 0.0350869
0.567113 0.0350998
0.569114 0.0351126
0.571114 0.0351255
0.573115 0.0351384
0.575115 0.0351512
0.577115 0.0351641
0.579116 0.0351769
0.581116 0.0351897
0.583117 0.0352025
0.585117 0.0352154
0.587117 0.0352282
0.589118 0.035241
0.591118 0.0352538
0.593119 0.0352666
0.595119 0.0352794
0.597119 0.0352922
0.59912 0.035305
0.60112 0.0353177
0.603121 0.0353305
0.605121 0.0353433
0.607121 0.0353561
0.609122 0.0353689
0.611122 0.0353817
0.613123 0.0353945
0.615123 0.0354072
0.617123 0.03542
0.619124 0.0354328
0.621124 0.0354456
0.623125 0.0354584
0.625125 0.0354712
0.627125 0.035484
0.629126 0.0354968
0.631126 0.0355096
0.633127 0.0355225
0.635127 0.0355353
0.637127 0.0355481
0.639128 0.035561
0.641128 0.0355738
0.643129 0.0355867
0.645129 0.0355995
0.647129 0.0356124
0.64913 0.0356253
0.65113 0.0356382
0.653131 0.0356511
0.655131 0.035664
0.657131 0.0356769
0.659132 0.0356898
0.661132 0.0357028
0.663133 0.0357157
0.665133 0.0357287
0.667133 0.0357417
0.669134 0.0357547
0.671134 0.0357677
0.673135 0.0357808
0.675135 0.0357938
0.677135 0.0358069
0.679136 0.0358199
0.681136 0.035833
0.683137 0.0358461
0.685137 0.0358593
0.687137 0.0358724
0.689138 0.0358856
0.691138 0.0358988
0.693139 0.035912
0.695139 0.0359252
0.697139 0.0359385
0.69914 0.0359517
0.70114 0.035965
0.703141 0.0359783
0.705141 0.0359917
0.707141 0.036005
0.709142 0.0360184
0.711142 0.0360318
0.713143 0.0360452
0.715143 0.0360587
0.717143 0.0360722
0.719144 0.0360857
0.721144 0.0360992
0.723145 0.0361128
0.725145 0.0361263
0.727145 0.03614
0.729146 0.0361536
0.731146 0.0361673
0.733147 0.036181
0.735147 0.0361947
0.737147 0.0362085
0.739148 0.0362223
0.741148 0.0362361
0.743149 0.0362499
0.745149 0.0362638
0.747149 0.0362777
0.74915 0.0362917
0.75115 0.0363057
0.753151 0.0363197
0.755151 0.0363337
0.757151 0.0363478
0.759152 0.0363619
0.761152 0.0363761
0.763153 0.0363903
0.765153 0.0364045
0.767153 0.0364188
0.769154 0.0364331
0.771154 0.0364474
0.773155 0.0364618
0.775155 0.0364763
0.777155 0.0364907
0.779156 0.0365052
0.781156 0.0365198
0.783157 0.0365343
0.785157 0.036549
0.787157 0.0365636
0.789158 0.0365783
0.791158 0.0365931
0.793159 0.0366079
0.795159 0.0366227
0.797159 0.0366376
0.79916 0.0366525
0.80116 0.0366675
0.803161 0.0366825
0.805161 0.0366976
0.807161 0.0367127
0.809162 0.0367279
0.811162 0.0367431
0.813163 0.0367583
0.815163 0.0367736
0.817163 0.036789
0.819164 0.0368044
0.821164 0.0368198
0.823165 0.0368354
0.825165 0.0368509
0.827165 0.0368665
0.829166 0.0368822
0.831166 0.0368979
0.833167 0.0369136
0.835167 0.0369295
0.837167 0.0369453
0.839168 0.0369612
0.841168 0.0369772
0.843169 0.0369933
0.845169 0.0370093
0.847169 0.0370255
0.84917 0.0370417
0.85117 0.037058
0.853171 0.0370743
0.855171 0.0370906
0.857171 0.0371071
0.859172 0.0371236
0.861172 0.0371401
0.863173 0.0371567
0.865173 0.0371734
0.867173 0.0371901
0.869174 0.0372069
0.871174 0.0372238
0.873175 0.0372407
0.875175 0.0372577
0.877175 0.0372747
0.879176 0.0372918
0.881176 0.037309
0.883177 0.0373263
0.885177 0.0373436
0.887177 0.0373609
0.889178 0.0373784
0.891178 0.0373959
0.893179 0.0374134
0.895179 0.0374311
0.897179 0.0374488
0.89918 0.0374665
0.90118 0.0374844
0.903181 0.0375023
0.905181 0.0375203
0.907181 0.0375383
0.909182 0.0375564
0.911182 0.0375746
0.913183 0.0375929
0.915183 0.0376112
0.917183 0.0376296
0.919184 0.0376481
0.921184 0.0376667
0.923185 0.0376853
0.925185 0.037704
0.927185 0.0377228
0.929186 0.0377416
0.931186 0.0377606
0.933187 0.0377796
0.935187 0.0377987
0.937187 0.0378178
0.939188 0.0378371
0.941188 0.0378564
0.943189 0.0378758
0.945189 0.0378952
0.947189 0.0379148
0.94919 0.0379344
0.95119 0.0379542
0.953191 0.0379739
0.955191 0.0379938
0.957191 0.0380138
0.959192 0.0380338
0.961192 0.038054
0.963193 0.0380742
0.965193 0.0380945
0.967193 0.0381148
0.969194 0.0381353
0.971194 0.0381559
0.973195 0.0381765
0.975195 0.0381972
0.977195 0.038218
0.979196 0.0382389
0.981196 0.0382599
0.983197 0.038281
0.985197 0.0383021
0.987197 0.0383234
0.989198 0.0383447
0.991198 0.0383662
0.993199 0.0383877
0.995199 0.0384093
0.997199 0.038431
0.9992 0.0384528
1.0012 0.0384747
1.0032 0.0384967
1.0052 0.0385187
1.0072 0.0385409
1.0092 0.0385632
1.0112 0.0385855
1.0132 0.038608
1.0152 0.0386305
1.0172 0.0386531
1.0192 0.0386758
1.0212 0.0386987
1.0232 0.0387216
1.02521 0.0387446
1.02721 0.0387676
1.02921 0.0387908
1.03121 0.0388141
1.03321 0.0388374
1.03521 0.0388609
1.03721 0.0388844
1.03921 0.0389081
1.04121 0.0389318
1.04321 0.0389556
1.04521 0.0389795
1.04721 0.0390035
1.04921 0.0390276
1.05121 0.0390518
1.05321 0.039076
1.05521 0.0391004
1.05721 0.0391248
1.05921 0.0391494
1.06121 0.039174
1.06321 0.0391987
1.06521 0.0392235
1.06721 0.0392484
1.06921 0.0392734
1.07121 0.0392984
1.07321 0.0393236
1.07522 0.0393488
1.07722 0.0393742
1.07922 0.0393996
1.08122 0.0394251
1.08322 0.0394507
1.08522 0.0394764
1.08722 0.0395022
1.08922 0.0395281
1.09122 0.039554
1.09322 0.0395801
1.09522 0.0396062
1.09722 0.0396324
1.09922 0.0396587
1.10122 0.0396851
1.10322 0.0397116
1.10522 0.0397382
1.10722 0.0397648
1.10922 0.0397916
1.11122 0.0398184
1.11322 0.0398453
1.11522 0.0398723
1.11722 0.0398994
1.11922 0.0399266
1.12122 0.0399539
1.12322 0.0399812
1.12523 0.0400087
1.12723 0.0400362
1.12923 0.0400638
1.13123 0.0400915
1.13323 0.0401193
1.13523 0.0401472
1.13723 0.0401751
1.13923 0.0402032
1.14123 0.0402313
1.14323 0.0402595
1.14523 0.0402878
1.14723 0.0403162
1.14923 0.0403446
1.15123 0.0403732
1.15323 0.0404018
1.15523 0.0404305
1.15723 0.0404593
1.15923 0.0404882
1.16123 0.0405172
1.16323 0.0405463
1.16523 0.0405754
1.16723 0.0406046
1.16923 0.040634
1.17123 0.0406634
1.17323 0.0406928
1.17524 0.0407224
1.17724 0.040752
1.17924 0.0407818
1.18124 0.0408116
1.18324 0.0408415
1.18524 0.0408715
1.18724 0.0409015
1.18924 0.0409317
1.19124 0.0409619
1.19324 0.0409922
1.19524 0.0410226
1.19724 0.0410531
1.19924 0.0410836
1.20124 0.0411143
1.20324 0.041145
1.20524 0.0411758
1.20724 0.0412067
1.20924 0.0412377
1.21124 0.0412687
1.21324 0.0412999
1.21524 0.0413311
1.21724 0.0413624
1.21924 0.0413938
1.22124 0.0414252
1.22324 0.0414568
1.22525 0.0414884
1.22725 0.0415201
1.22925 0.0415519
1.23125 0.0415837
1.23325 0.0416157
1.23525 0.0416477
1.23725 0.0416798
1.23925 0.041712
1.24125 0.0417443
1.24325 0.0417766
1.24525 0.0418091
1.24725 0.0418416
1.24925 0.0418742
1.25125 0.0419068
1.25325 0.0419396
1.25525 0.0419724
1.25725 0.0420053
1.25925 0.0420383
1.26125 0.0420714
1.26325 0.0421045
1.26525 0.0421377
1.26725 0.042171
1.26925 0.0422044
1.27125 0.0422379
1.27325 0.0422714
1.27526 0.042305
1.27726 0.0423387
1.27926 0.0423725
1.28126 0.0424064
1.28326 0.0424403
1.28526 0.0424743
1.28726 0.0425084
1.28926 0.0425426
1.29126 0.0425768
1.29326 0.0426111
1.29526 0.0426455
1.29726 0.04268
1.29926 0.0427145
1.30126 0.0427492
1.30326 0.0427839
1.30526 0.0428187
1.30726 0.0428535
1.30926 0.0428885
1.31126 0.0429235
1.31326 0.0429586
1.31526 0.0429937
1.31726 0.043029
1.31926 0.0430643
1.32126 0.0430997
1.32326 0.0431352
1.32527 0.0431707
1.32727 0.0432063
1.32927 0.043242
1.33127 0.0432778
1.33327 0.0433137
1.33527 0.0433496
1.33727 0.0433856
1.33927 0.0434217
1.34127 0.0434578
1.34327 0.0434941
1.34527 0.0435304
1.34727 0.0435667
1.34927 0.0436032
1.35127 0.0436397
1.35327 0.0436763
1.35527 0.043713
1.35727 0.0437497
1.35927 0.0437866
1.36127 0.0438235
1.36327 0.0438604
1.36527 0.0438975
1.36727 0.0439346
1.36927 0.0439718
1.37127 0.044009
1.37327 0.0440464
1.37528 0.0440838
1.37728 0.0441213
1.37928 0.0441588
1.38128 0.0441965
1.38328 0.0442342
1.38528 0.044272
1.38728 0.0443098
1.38928 0.0443477
1.39128 0.0443857
1.39328 0.0444238
1.39528 0.0444619
1.39728 0.0445002
1.39928 0.0445384
1.40128 0.0445768
1.40328 0.0446152
1.40528 0.0446537
1.40728 0.0446923
1.40928 0.0447309
1.41128 0.0447697
1.41328 0.0448084
1.41528 0.0448473
1.41728 0.0448862
1.41928 0.0449252
1.42128 0.0449643
1.42328 0.0450034
1.42529 0.0450427
1.42729 0.0450819
1.42929 0.0451213
1.43129 0.0451607
1.43329 0.0452002
1.43529 0.0452398
1.43729 0.0452794
1.43929 0.0453191
1.44129 0.0453589
1.44329 0.0453987
1.44529 0.0454387
1.44729 0.0454786
1.44929 0.0455187
1.45129 0.0455588
1.45329 0.045599
1.45529 0.0456393
1.45729 0.0456796
1.45929 0.04572
1.46129 0.0457605
1.46329 0.045801
1.46529 0.0458416
1.46729 0.0458823
1.46929 0.045923
1.47129 0.0459639
1.47329 0.0460047
1.4753 0.0460457
1.4773 0.0460867
1.4793 0.0461278
1.4813 0.0461689
1.4833 0.0462101
1.4853 0.0462514
1.4873 0.0462928
1.4893 0.0463342
1.4913 0.0463757
1.4933 0.0464173
1.4953 0.0464589
1.4973 0.0465006
1.4993 0.0465423
1.5013 0.0465842
1.5033 0.046626
1.5053 0.046668
1.5073 0.04671
1.5093 0.0467521
1.5113 0.0467943
1.5133 0.0468365
1.5153 0.0468788
1.5173 0.0469211
1.5193 0.0469636
1.5213 0.0470061
1.5233 0.0470486
1.52531 0.0470912
1.52731 0.0471339
1.52931 0.0471767
1.53131 0.0472195
1.53331 0.0472624
1.53531 0.0473053
1.53731 0.0473483
1.53931 0.0473914
1.54131 0.0474345
1.54331 0.0474777
1.54531 0.047521
1.54731 0.0475643
1.54931 0.0476077
1.55131 0.0476512
1.55331 0.0476947
1.55531 0.0477383
1.55731 0.0477819
1.55931 0.0478257
1.56131 0.0478694
1.56331 0.0479133
1.56531 0.0479572
1.56731 0.0480012
1.56931 0.0480452
1.57131 0.0480893
1.57331 0.0481335
1.57532 0.0481777
1.57732 0.048222
1.57932 0.0482663
1.58132 0.0483107
1.58332 0.0483552
1.58532 0.0483997
1.58732 0.0484443
1.58932 0.048489
1.59132 0.0485337
1.59332 0.0485785
1.59532 0.0486233
1.59732 0.0486683
1.59932 0.0487132
1.60132 0.0487583
1.60332 0.0488034
1.60532 0.0488485
1.60732 0.0488937
1.60932 0.048939
1.61132 0.0489843
1.61332 0.0490297
1.61532 0.0490752
1.61732 0.0491207
1.61932 0.0491663
1.62132 0.0492119
1.62332 0.0492576
1.62533 0.0493034
1.62733 0.0493492
1.62933 0.0493951
1.63133 0.0494411
1.63333 0.0494871
1.63533 0.0495331
1.63733 0.0495793
1.63933 0.0496254
1.64133 0.0496717
1.64333 0.049718
1.64533 0.0497643
1.64733 0.0498108
1.64933 0.0498572
1.65133 0.0499038
1.65333 0.0499504
1.65533 0.049997
1.65733 0.0500437
1.65933 0.0500905
1.66133 0.0501374
1.66333 0.0501842
1.66533 0.0502312
1.66733 0.0502782
1.66933 0.0503253
1.67133 0.0503724
1.67333 0.0504196
1.67534 0.0504668
1.67734 0.0505141
1.67934 0.0505615
1.68134 0.0506089
1.68334 0.0506563
1.68534 0.0507039
1.68734 0.0507514
1.68934 0.0507991
1.69134 0.0508468
1.69334 0.0508945
1.69534 0.0509423
1.69734 0.0509902
1.69934 0.0510381
1.70134 0.0510861
1.70334 0.0511341
1.70534 0.0511822
1.70734 0.0512304
1.70934 0.0512786
1.71134 0.0513269
1.71334 0.0513752
1.71534 0.0514235
1.71734 0.051472
1.71934 0.0515205
1.72134 0.051569
1.72334 0.0516176
1.72535 0.0516662
1.72735 0.0517149
1.72935 0.0517637
1.73135 0.0518125
1.73335 0.0518614
1.73535 0.0519103
1.73735 0.0519593
1.73935 0.0520083
1.74135 0.0520574
1.74335 0.0521065
1.74535 0.0521557
1.74735 0.052205
1.74935 0.0522543
1.75135 0.0523036
1.75335 0.052353
1.75535 0.0524025
1.75735 0.052452
1.75935 0.0525016
1.76135 0.0525512
1.76335 0.0526009
1.76535 0.0526506
1.76735 0.0527004
1.76935 0.0527502
1.77135 0.0528001
1.77335 0.0528501
1.77536 0.0529001
1.77736 0.0529501
1.77936 0.0530002
1.78136 0.0530504
1.78336 0.0531006
1.78536 0.0531508
1.78736 0.0532011
1.78936 0.0532515
1.79136 0.0533019
1.79336 0.0533524
1.79536 0.0534029
1.79736 0.0534534
1.79936 0.0535041
1.80136 0.0535547
1.80336 0.0536054
1.80536 0.0536562
1.80736 0.053707
1.80936 0.0537579
1.81136 0.0538088
1.81336 0.0538598
1.81536 0.0539108
1.81736 0.0539619
1.81936 0.054013
1.82136 0.0540642
1.82336 0.0541154
1.82537 0.0541667
1.82737 0.054218
1.82937 0.0542694
1.83137 0.0543208
1.83337 0.0543723
1.83537 0.0544238
1.83737 0.0544754
1.83937 0.054527
1.84137 0.0545787
1.84337 0.0546304
1.84537 0.0546822
1.84737 0.054734
1.84937 0.0547858
1.85137 0.0548377
1.85337 0.0548897
1.85537 0.0549417
1.85737 0.0549938
1.85937 0.0550459
1.86137 0.055098
1.86337 0.0551502
1.86537 0.0552025
1.86737 0.0552548
1.86937 0.0553071
1.87137 0.0553595
1.87337 0.055412
1.87538 0.0554645
1.87738 0.055517
1.87938 0.0555696
1.88138 0.0556222
1.88338 0.0556749
1.88538 0.0557276
1.88738 0.0557804
1.88938 0.0558332
1.89138 0.0558861
1.89338 0.055939
1.89538 0.0559919
1.89738 0.0560449
1.89938 0.056098
1.90138 0.0561511
1.90338 0.0562042
1.90538 0.0562574
1.90738 0.0563107
1.90938 0.0563639
1.91138 0.0564173
1.91338 0.0564706
1.91538 0.056524
1.91738 0.0565775
1.91938 0.056631
1.92138 0.0566846
1.92338 0.0567381
1.92539 0.0567918
1.92739 0.0568455
1.92939 0.0568992
1.93139 0.056953
1.93339 0.0570068
1.93539 0.0570607
1.93739 0.0571146
1.93939 0.0571685
1.94139 0.0572225
1.94339 0.0572765
1.94539 0.0573306
1.94739 0.0573847
1.94939 0.0574389
1.95139 0.0574931
1.95339 0.0575474
1.95539 0.0576017
1.95739 0.057656
1.95939 0.0577104
1.96139 0.0577648
1.96339 0.0578193
1.96539 0.0578738
1.96739 0.0579284
1.96939 0.057983
1.97139 0.0580376
1.97339 0.0580923
1.9754 0.058147
1.9774 0.0582018
1.9794 0.0582566
1.9814 0.0583114
1.9834 0.0583663
1.9854 0.0584213
1.9874 0.0584762
1.9894 0.0585313
1.9914 0.0585863
1.9934 0.0586414
1.9954 0.0586966
1.9974 0.0587517
1.9994 0.058807
2.0014 0.0588622
2.0034 0.0589175
2.0054 0.0589729
2.0074 0.0590283
2.0094 0.0590837
2.0114 0.0591392
2.0134 0.0591947
2.0154 0.0592502
2.0174 0.0593058
2.0194 0.0593615
2.0214 0.0594172
2.0234 0.0594729
2.02541 0.0595287
2.02741 0.0595845
2.02941 0.0596404
2.03141 0.0596963
2.03341 0.0597523
2.03541 0.0598083
2.03741 0.0598644
2.03941 0.0599205
2.04141 0.0599767
2.04341 0.0600329
2.04541 0.0600891
2.04741 0.0601454
2.04941 0.0602018
2.05141 0.0602582
2.05341 0.0603147
2.05541 0.0603712
2.05741 0.0604278
2.05941 0.0604844
2.06141 0.0605411
2.06341 0.0605978
2.06541 0.0606546
2.06741 0.0607114
2.06941 0.0607683
2.07141 0.0608252
2.07341 0.0608822
2.07542 0.0609393
2.07742 0.0609964
2.07942 0.0610535
2.08142 0.0611108
2.08342 0.0611681
2.08542 0.0612254
2.08742 0.0612828
2.08942 0.0613402
2.09142 0.0613978
2.09342 0.0614553
2.09542 0.061513
2.09742 0.0615707
2.09942 0.0616284
2.10142 0.0616862
2.10342 0.0617441
2.10542 0.061802
2.10742 0.06186
2.10942 0.0619181
2.11142 0.0619762
2.11342 0.0620344
2.11542 0.0620927
2.11742 0.062151
2.11942 0.0622094
2.12142 0.0622678
2.12342 0.0623263
2.12543 0.0623849
2.12743 0.0624435
2.12943 0.0625023
2.13143 0.062561
2.13343 0.0626199
2.13543 0.0626788
2.13743 0.0627378
2.13943 0.0627968
2.14143 0.0628559
2.14343 0.0629151
2.14543 0.0629744
2.14743 0.0630337
2.14943 0.0630931
2.15143 0.0631526
2.15343 0.0632121
2.15543 0.0632717
2.15743 0.0633314
2.15943 0.0633912
2.16143 0.063451
2.16343 0.0635109
2.16543 0.0635709
2.16743 0.063631
2.16943 0.0636911
2.17143 0.0637513
2.17343 0.0638116
2.17544 0.0638719
2.17744 0.0639324
2.17944 0.0639929
2.18144 0.0640535
2.18344 0.0641141
2.18544 0.0641749
2.18744 0.0642357
2.18944 0.0642966
2.19144 0.0643576
2.19344 0.0644186
2.19544 0.0644798
2.19744 0.064541
2.19944 0.0646023
2.20144 0.0646637
2.20344 0.0647251
2.20544 0.0647867
2.20744 0.0648483
2.20944 0.06491
2.21144 0.0649718
2.21344 0.0650337
2.21544 0.0650956
2.21744 0.0651577
2.21944 0.0652198
2.22144 0.065282
2.22344 0.0653443
2.22545 0.0654067
2.22745 0.0654692
2.22945 0.0655318
2.23145 0.0655944
2.23345 0.0656571
2.23545 0.06572
2.23745 0.0657829
2.23945 0.0658459
2.24145 0.065909
2.24345 0.0659722
2.24545 0.0660354
2.24745 0.0660988
2.24945 0.0661623
2.25145 0.0662258
2.25345 0.0662894
2.25545 0.0663532
2.25745 0.066417
2.25945 0.0664809
2.26145 0.0665449
2.26345 0.066609
2.26545 0.0666732
2.26745 0.0667375
2.26945 0.0668019
2.27145 0.0668664
2.27345 0.0669309
2.27546 0.0669956
2.27746 0.0670604
2.27946 0.0671253
2.28146 0.0671902
2.28346 0.0672553
2.28546 0.0673205
2.28746 0.0673857
2.28946 0.0674511
2.29146 0.0675165
2.29346 0.0675821
2.29546 0.0676478
2.29746 0.0677135
2.29946 0.0677794
2.30146 0.0678453
2.30346 0.0679114
2.30546 0.0679776
2.30746 0.0680438
2.30946 0.0681102
2.31146 0.0681767
2.31346 0.0682433
2.31546 0.06831
2.31746 0.0683768
2.31946 0.0684436
2.32146 0.0685106
2.32346 0.0685778
2.32547 0.068645
2.32747 0.0687123
2.32947 0.0687797
2.33147 0.0688473
2.33347 0.0689149
2.33547 0.0689827
2.33747 0.0690505
2.33947 0.0691185
2.34147 0.0691866
2.34347 0.0692548
2.34547 0.0693231
2.34747 0.0693915
2.34947 0.06946
2.35147 0.0695286
2.35347 0.0695974
2.35547 0.0696662
2.35747 0.0697352
2.35947 0.0698043
2.36147 0.0698735
2.36347 0.0699428
2.36547 0.0700122
2.36747 0.0700818
2.36947 0.0701514
2.37147 0.0702212
2.37347 0.0702911
2.37548 0.0703611
2.37748 0.0704312
2.37948 0.0705015
2.38148 0.0705718
2.38348 0.0706423
2.38548 0.0707129
2.38748 0.0707836
2.38948 0.0708545
2.39148 0.0709254
2.39348 0.0709965
2.39548 0.0710677
2.39748 0.071139
2.39948 0.0712105
2.40148 0.071282
2.40348 0.0713537
2.40548 0.0714255
2.40748 0.0714974
2.40948 0.0715695
2.41148 0.0716417
2.41348 0.071714
2.41548 0.0717864
2.41748 0.071859
2.41948 0.0719316
2.42148 0.0720044
2.42348 0.0720774
2.42549 0.0721504
2.42749 0.0722236
2.42949 0.0722969
2.43149 0.0723703
2.43349 0.0724439
2.43549 0.0725176
2.43749 0.0725914
2.43949 0.0726654
2.44149 0.0727395
2.44349 0.0728137
2.44549 0.072888
2.44749 0.0729625
2.44949 0.0730371
2.45149 0.0731119
2.45349 0.0731867
2.45549 0.0732617
2.45749 0.0733369
2.45949 0.0734122
2.46149 0.0734876
2.46349 0.0735631
2.46549 0.0736388
2.46749 0.0737146
2.46949 0.0737905
2.47149 0.0738666
2.47349 0.0739429
2.4755 0.0740192
2.4775 0.0740957
2.4795 0.0741723
2.4815 0.0742491
2.4835 0.074326
2.4855 0.0744031
2.4875 0.0744803
2.4895 0.0745576
2.4915 0.0746351
2.4935 0.0747127
2.4955 0.0747904
2.4975 0.0748683
2.4995 0.0749463
2.5015 0.0750245
2.5035 0.0751028
2.5055 0.0751813
2.5075 0.0752599
2.5095 0.0753386
2.5115 0.0754175
2.5135 0.0754966
2.5155 0.0755757
2.5175 0.0756551
2.5195 0.0757345
2.5215 0.0758142
2.5235 0.0758939
2.52551 0.0759738
2.52751 0.0760539
2.52951 0.0761341
2.53151 0.0762145
2.53351 0.076295
2.53551 0.0763756
2.53751 0.0764564
2.53951 0.0765374
2.54151 0.0766185
2.54351 0.0766998
2.54551 0.0767812
2.54751 0.0768627
2.54951 0.0769444
2.55151 0.0770263
2.55351 0.0771083
2.55551 0.0771905
2.55751 0.0772728
2.55951 0.0773553
2.56151 0.0774379
2.56351 0.0775207
2.56551 0.0776036
2.56751 0.0776867
2.56951 0.07777
2.57151 0.0778534
2.57351 0.077937
2.57552 0.0780207
2.57752 0.0781046
2.57952 0.0781886
2.58152 0.0782728
2.58352 0.0783571
2.58552 0.0784417
2.58752 0.0785263
2.58952 0.0786112
2.59152 0.0786962
2.59352 0.0787813
2.59552 0.0788666
2.59752 0.0789521
2.59952 0.0790378
2.60152 0.0791236
2.60352 0.0792095
2.60552 0.0792957
2.60752 0.079382
2.60952 0.0794684
2.61152 0.079555
2.61352 0.0796418
2.61552 0.0797288
2.61752 0.0798159
2.61952 0.0799032
2.62152 0.0799906
2.62352 0.0800783
2.62553 0.080166
2.62753 0.080254
2.62953 0.0803421
2.63153 0.0804304
2.63353 0.0805189
2.63553 0.0806075
2.63753 0.0806963
2.63953 0.0807853
2.64153 0.0808744
2.64353 0.0809637
2.64553 0.0810532
2.64753 0.0811429
2.64953 0.0812327
2.65153 0.0813227
2.65353 0.0814129
2.65553 0.0815032
2.65753 0.0815937
2.65953 0.0816844
2.66153 0.0817753
2.66353 0.0818663
2.66553 0.0819575
2.66753 0.0820489
2.66953 0.0821405
2.67153 0.0822323
2.67353 0.0823242
2.67554 0.0824163
2.67754 0.0825086
2.67954 0.082601
2.68154 0.0826937
2.68354 0.0827865
2.68554 0.0828795
2.68754 0.0829727
2.68954 0.083066
2.69154 0.0831596
2.69354 0.0832533
2.69554 0.0833472
2.69754 0.0834413
2.69954 0.0835355
2.70154 0.08363
2.70354 0.0837246
2.70554 0.0838194
2.70754 0.0839144
2.70954 0.0840096
2.71154 0.084105
2.71354 0.0842005
2.71554 0.0842963
2.71754 0.0843922
2.71954 0.0844883
2.72154 0.0845846
2.72354 0.0846811
2.72555 0.0847778
2.72755 0.0848746
2.72955 0.0849717
2.73155 0.0850689
2.73355 0.0851664
2.73555 0.085264
2.73755 0.0853618
2.73955 0.0854598
2.74155 0.085558
2.74355 0.0856564
2.74555 0.0857549
2.74755 0.0858537
2.74955 0.0859527
2.75155 0.0860518
2.75355 0.0861512
2.75555 0.0862507
2.75755 0.0863504
2.75955 0.0864504
2.76155 0.0865505
2.76355 0.0866508
2.76555 0.0867513
2.76755 0.086852
2.76955 0.0869529
2.77155 0.0870541
2.77355 0.0871554
2.77556 0.0872569
2.77756 0.0873586
2.77956 0.0874604
2.78156 0.0875625
2.78356 0.0876648
2.78556 0.0877673
2.78756 0.08787
2.78956 0.0879729
2.79156 0.088076
2.79356 0.0881793
2.79556 0.0882828
2.79756 0.0883865
2.79956 0.0884904
2.80156 0.0885945
2.80356 0.0886989
2.80556 0.0888034
2.80756 0.0889081
2.80956 0.089013
2.81156 0.0891182
2.81356 0.0892235
2.81556 0.089329
2.81756 0.0894348
2.81956 0.0895407
2.82156 0.0896469
2.82356 0.0897533
2.82557 0.0898599
2.82757 0.0899666
2.82957 0.0900736
2.83157 0.0901808
2.83357 0.0902883
2.83557 0.0903959
2.83757 0.0905037
2.83957 0.0906118
2.84157 0.09072
2.84357 0.0908285
2.84557 0.0909372
2.84757 0.0910461
2.84957 0.0911552
2.85157 0.0912645
2.85357 0.091374
2.85557 0.0914838
2.85757 0.0915937
2.85957 0.0917039
2.86157 0.0918143
2.86357 0.0919249
2.86557 0.0920357
2.86757 0.0921468
2.86957 0.092258
2.87157 0.0923695
2.87357 0.0924812
2.87558 0.0925931
2.87758 0.0927053
2.87958 0.0928176
2.88158 0.0929302
2.88358 0.093043
2.88558 0.093156
2.88758 0.0932692
2.88958 0.0933827
2.89158 0.0934963
2.89358 0.0936102
2.89558 0.0937243
2.89758 0.0938387
2.89958 0.0939532
2.90158 0.094068
2.90358 0.094183
2.90558 0.0942983
2.90758 0.0944137
2.90958 0.0945294
2.91158 0.0946453
2.91358 0.0947615
2.91558 0.0948778
2.91758 0.0949944
2.91958 0.0951112
2.92158 0.0952283
2.92358 0.0953455
2.92559 0.095463
2.92759 0.0955808
2.92959 0.0956987
2.93159 0.0958169
2.93359 0.0959353
2.93559 0.096054
2.93759 0.0961728
2.93959 0.096292
2.94159 0.0964113
2.94359 0.0965309
2.94559 0.0966507
2.94759 0.0967707
2.94959 0.096891
2.95159 0.0970115
2.95359 0.0971322
2.95559 0.0972532
2.95759 0.0973744
2.95959 0.0974959
2.96159 0.0976175
2.96359 0.0977394
2.96559 0.0978616
2.96759 0.097984
2.96959 0.0981066
2.97159 0.0982295
2.97359 0.0983526
2.9756 0.0984759
2.9776 0.0985995
2.9796 0.0987233
2.9816 0.0988474
2.9836 0.0989717
2.9856 0.0990962
2.9876 0.099221
2.9896 0.099346
2.9916 0.0994713
2.9936 0.0995968
2.9956 0.0997225
2.9976 0.0998485
2.9996 0.0999747
3.0016 0.100101
3.0036 0.100228
3.0056 0.100355
3.0076 0.100482
3.0096 0.10061
3.0116 0.100737
3.0136 0.100865
3.0156 0.100993
3.0176 0.101122
3.0196 0.101251
3.0216 0.101379
3.0236 0.101509
3.02561 0.101638
3.02761 0.101768
3.02961 0.101898
3.03161 0.102028
3.03361 0.102158
3.03561 0.102289
3.03761 0.10242
3.03961 0.102551
3.04161 0.102682
3.04361 0.102814
3.04561 0.102946
3.04761 0.103078
3.04961 0.103211
3.05161 0.103343
3.05361 0.103476
3.05561 0.103609
3.05761 0.103743
3.05961 0.103876
3.06161 0.10401
3.06361 0.104145
3.06561 0.104279
3.06761 0.104414
3.06961 0.104549
3.07161 0.104684
3.07361 0.104819
3.07562 0.104955
3.07762 0.105091
3.07962 0.105227
3.08162 0.105364
3.08362 0.1055
3.08562 0.105637
3.08762 0.105775
3.08962 0.105912
3.09162 0.10605
3.09362 0.106188
3.09562 0.106326
3.09762 0.106465
3.09962 0.106604
3.10162 0.106743
3.10362 0.106882
3.10562 0.107022
3.10762 0.107161
3.10962 0.107301
3.11162 0.107442
3.11362 0.107582
3.11562 0.107723
3.11762 0.107864
3.11962 0.108006
3.12162 0.108148
3.12362 0.108289
3.12563 0.108432
3.12763 0.108574
3.12963 0.108717
3.13163 0.10886
3.13363 0.109003
3.13563 0.109147
3.13763 0.10929
3.13963 0.109434
3.14163 0.109579
3.14363 0.109723
3.14563 0.109868
3.14763 0.110013
3.14963 0.110159
3.15163 0.110304
3.15363 0.11045
3.15563 0.110596
3.15763 0.110743
3.15963 0.110889
3.16163 0.111036
3.16363 0.111184
3.16563 0.111331
3.16763 0.111479
3.16963 0.111627
3.17163 0.111775
3.17363 0.111924
3.17564 0.112073
3.17764 0.112222
3.17964 0.112371
3.18164 0.112521
3.18364 0.112671
3.18564 0.112821
3.18764 0.112971
3.18964 0.113122
3.19164 0.113273
3.19364 0.113425
3.19564 0.113576
3.19764 0.113728
3.19964 0.11388
3.20164 0.114032
3.20364 0.114185
3.20564 0.114338
3.20764 0.114491
3.20964 0.114645
3.21164 0.114799
3.21364 0.114953
3.21564 0.115107
3.21764 0.115262
3.21964 0.115416
3.22164 0.115572
3.22364 0.115727
3.22565 0.115883
3.22765 0.116039
3.22965 0.116195
3.23165 0.116352
3.23365 0.116508
3.23565 0.116665
3.23765 0.116823
3.23965 0.116981
3.24165 0.117138
3.24365 0.117297
3.24565 0.117455
3.24765 0.117614
3.24965 0.117773
3.25165 0.117932
3.25365 0.118092
3.25565 0.118252
3.25765 0.118412
3.25965 0.118573
3.26165 0.118733
3.26365 0.118894
3.26565 0.119056
3.26765 0.119217
3.26965 0.119379
3.27165 0.119541
3.27365 0.119704
3.27566 0.119867
3.27766 0.12003
3.27966 0.120193
3.28166 0.120357
3.28366 0.120521
3.28566 0.120685
3.28766 0.120849
3.28966 0.121014
3.29166 0.121179
3.29366 0.121344
3.29566 0.12151
3.29766 0.121676
3.29966 0.121842
3.30166 0.122009
3.30366 0.122175
3.30566 0.122343
3.30766 0.12251
3.30966 0.122678
3.31166 0.122845
3.31366 0.123014
3.31566 0.123182
3.31766 0.123351
3.31966 0.12352
3.32166 0.12369
3.32366 0.123859
3.32567 0.124029
3.32767 0.1242
3.32967 0.12437
3.33167 0.124541
3.33367 0.124712
3.33567 0.124884
3.33767 0.125055
3.33967 0.125228
3.34167 0.1254
3.34367 0.125572
3.34567 0.125745
3.34767 0.125919
3.34967 0.126092
3.35167 0.126266
3.35367 0.12644
3.35567 0.126615
3.35767 0.126789
3.35967 0.126964
3.36167 0.12714
3.36367 0.127315
3.36567 0.127491
3.36767 0.127667
3.36967 0.127844
3.37167 0.128021
3.37367 0.128198
3.37568 0.128375
3.37768 0.128553
3.37968 0.128731
3.38168 0.128909
3.38368 0.129088
3.38568 0.129267
3.38768 0.129446
3.38968 0.129626
3.39168 0.129806
3.39368 0.129986
3.39568 0.130166
3.39768 0.130347
3.39968 0.130528
3.40168 0.130709
3.40368 0.130891
3.40568 0.131073
3.40768 0.131255
3.40968 0.131438
3.41168 0.131621
3.41368 0.131804
3.41568 0.131987
3.41768 0.132171
3.41968 0.132355
3.42168 0.13254
3.42368 0.132724
3.42569 0.132909
3.42769 0.133095
3.42969 0.13328
3.43169 0.133466
3.43369 0.133653
3.43569 0.133839
3.43769 0.134026
3.43969 0.134213
3.44169 0.134401
3.44369 0.134589
3.44569 0.134777
3.44769 0.134965
3.44969 0.135154
3.45169 0.135343
3.45369 0.135533
3.45569 0.135722
3.45769 0.135912
3.45969 0.136103
3.46169 0.136293
3.46369 0.136484
3.46569 0.136675
3.46769 0.136867
3.46969 0.137059
3.47169 0.137251
3.47369 0.137444
3.4757 0.137637
3.4777 0.13783
3.4797 0.138023
3.4817 0.138217
3.4837 0.138411
3.4857 0.138606
3.4877 0.1388
3.4897 0.138995
3.4917 0.139191
3.4937 0.139386
3.4957 0.139582
3.4977 0.139779
3.4997 0.139975
3.5017 0.140172
3.5037 0.14037
3.5057 0.140567
3.5077 0.140765
3.5097 0.140964
3.5117 0.141162
3.5137 0.141361
3.5157 0.14156
3.5177 0.14176
3.5197 0.14196
3.5217 0.14216
3.5237 0.14236
3.52571 0.142561
3.52771 0.142762
3.52971 0.142964
3.53171 0.143166
3.53371 0.143368
3.53571 0.14357
3.53771 0.143773
3.53971 0.143976
3.54171 0.14418
3.54371 0.144384
3.54571 0.144588
3.54771 0.144792
3.54971 0.144997
3.55171 0.145202
3.55371 0.145407
3.55571 0.145613
3.55771 0.145819
3.55971 0.146025
3.56171 0.146232
3.56371 0.146439
3.56571 0.146647
3.56771 0.146854
3.56971 0.147062
3.57171 0.147271
3.57371 0.147479
3.57572 0.147688
3.57772 0.147898
3.57972 0.148108
3.58172 0.148318
3.58372 0.148528
3.58572 0.148739
3.58772 0.14895
3.58972 0.149161
3.59172 0.149373
3.59372 0.149585
3.59572 0.149797
3.59772 0.15001
3.59972 0.150223
3.60172 0.150436
3.60372 0.15065
3.60572 0.150864
3.60772 0.151078
3.60972 0.151293
3.61172 0.151508
3.61372 0.151723
3.61572 0.151939
3.61772 0.152155
3.61972 0.152372
3.62172 0.152588
3.62372 0.152805
3.62573 0.153023
3.62773 0.153241
3.62973 0.153459
3.63173 0.153677
3.63373 0.153896
3.63573 0.154115
3.63773 0.154334
3.63973 0.154554
3.64173 0.154774
3.64373 0.154995
3.64573 0.155216
3.64773 0.155437
3.64973 0.155658
3.65173 0.15588
3.65373 0.156102
3.65573 0.156325
3.65773 0.156548
3.65973 0.156771
3.66173 0.156995
3.66373 0.157218
3.66573 0.157443
3.66773 0.157667
3.66973 0.157892
3.67173 0.158118
3.67373 0.158343
3.67574 0.158569
3.67774 0.158795
3.67974 0.159022
3.68174 0.159249
3.68374 0.159477
3.68574 0.159704
3.68774 0.159932
3.68974 0.160161
3.69174 0.160389
3.69374 0.160619
3.69574 0.160848
3.69774 0.161078
3.69974 0.161308
3.70174 0.161539
3.70374 0.161769
3.70574 0.162001
3.70774 0.162232
3.70974 0.162464
3.71174 0.162696
3.71374 0.162929
3.71574 0.163162
3.71774 0.163395
3.71974 0.163629
3.72174 0.163863
3.72374 0.164097
3.72575 0.164332
3.72775 0.164567
3.72975 0.164803
3.73175 0.165038
3.73375 0.165275
3.73575 0.165511
3.73775 0.165748
3.73975 0.165985
3.74175 0.166223
3.74375 0.166461
3.74575 0.166699
3.74775 0.166938
3.74975 0.167177
3.75175 0.167416
3.75375 0.167656
3.75575 0.167896
3.75775 0.168136
3.75975 0.168377
3.76175 0.168618
3.76375 0.16886
3.76575 0.169102
3.76775 0.169344
3.76975 0.169587
3.77175 0.16983
3.77375 0.170073
3.77576 0.170317
3.77776 0.170561
3.77976 0.170805
3.78176 0.17105
3.78376 0.171295
3.78576 0.17154
3.78776 0.171786
3.78976 0.172033
3.79176 0.172279
3.79376 0.172526
3.79576 0.172773
3.79776 0.173021
3.79976 0.173269
3.80176 0.173518
3.80376 0.173766
3.80576 0.174015
3.80776 0.174265
3.80976 0.174515
3.81176 0.174765
3.81376 0.175016
3.81576 0.175267
3.81776 0.175518
3.81976 0.17577
3.82176 0.176022
3.82376 0.176274
3.82577 0.176527
3.82777 0.17678
3.82977 0.177034
3.83177 0.177288
3.83377 0.177542
3.83577 0.177797
3.83777 0.178052
3.83977 0.178307
3.84177 0.178563
3.84377 0.178819
3.84577 0.179076
3.84777 0.179333
3.84977 0.17959
3.85177 0.179848
3.85377 0.180106
3.85577 0.180364
3.85777 0.180623
3.85977 0.180882
3.86177 0.181142
3.86377 0.181402
3.86577 0.181662
3.86777 0.181922
3.86977 0.182183
3.87177 0.182445
3.87377 0.182707
3.87578 0.182969
3.87778 0.183231
3.87978 0.183494
3.88178 0.183758
3.88378 0.184021
3.88578 0.184285
3.88778 0.18455
3.88978 0.184815
3.89178 0.18508
3.89378 0.185345
3.89578 0.185611
3.89778 0.185878
3.89978 0.186144
3.90178 0.186411
3.90378 0.186679
3.90578 0.186947
3.90778 0.187215
3.90978 0.187483
3.91178 0.187752
3.91378 0.188022
3.91578 0.188292
3.91778 0.188562
3.91978 0.188832
3.92178 0.189103
3.92378 0.189374
3.92579 0.189646
3.92779 0.189918
3.92979 0.190191
3.93179 0.190464
3.93379 0.190737
3.93579 0.19101
3.93779 0.191284
3.93979 0.191559
3.94179 0.191833
3.94379 0.192109
3.94579 0.192384
3.94779 0.19266
3.94979 0.192936
3.95179 0.193213
3.95379 0.19349
3.95579 0.193768
3.95779 0.194046
3.95979 0.194324
3.96179 0.194602
3.96379 0.194882
3.96579 0.195161
3.96779 0.195441
3.96979 0.195721
3.97179 0.196002
3.97379 0.196283
3.9758 0.196564
3.9778 0.196846
3.9798 0.197128
3.9818 0.197411
3.9838 0.197693
3.9858 0.197977
3.9878 0.198261
3.9898 0.198545
3.9918 0.198829
3.9938 0.199114
3.9958 0.1994
3.9978 0.199685
3.9998 0.199971
4.0018 0.200258
4.0038 0.200545
4.0058 0.200832
4.0078 0.20112
4.0098 0.201408
4.0118 0.201697
4.0138 0.201986
4.0158 0.202275
4.0178 0.202565
4.0198 0.202855
4.0218 0.203146
4.0238 0.203437
4.02581 0.203729
4.02781 0.204021
4.02981 0.204314
4.03181 0.204607
4.03381 0.2049
4.03581 0.205194
4.03781 0.205489
4.03981 0.205784
4.04181 0.206079
4.04381 0.206375
4.04581 0.206672
4.04781 0.206969
4.04981 0.207266
4.05181 0.207564
4.05381 0.207863
4.05581 0.208162
4.05781 0.208462
4.05981 0.208762
4.06181 0.209063
4.06381 0.209364
4.06581 0.209666
4.06781 0.209969
4.06981 0.210272
4.07181 0.210575
4.07381 0.210879
4.07582 0.211184
4.07782 0.21149
4.07982 0.211795
4.08182 0.212102
4.08382 0.212409
4.08582 0.212717
4.08782 0.213025
4.08982 0.213334
4.09182 0.213644
4.09382 0.213954
4.09582 0.214265
4.09782 0.214577
4.09982 0.214889
4.10182 0.215202
4.10382 0.215515
4.10582 0.21583
4.10782 0.216145
4.10982 0.21646
4.11182 0.216776
4.11382 0.217093
4.11582 0.217411
4.11782 0.217729
4.11982 0.218048
4.12182 0.218368
4.12382 0.218688
4.12583 0.219009
4.12783 0.219331
4.12983 0.219654
4.13183 0.219977
4.13383 0.220301
4.13583 0.220626
4.13783 0.220951
4.13983 0.221277
4.14183 0.221604
4.14383 0.221932
4.14583 0.222261
4.14783 0.22259
4.14983 0.22292
4.15183 0.223251
4.15383 0.223583
4.15583 0.223915
4.15783 0.224248
4.15983 0.224582
4.16183 0.224917
4.16383 0.225253
4.16583 0.22559
4.16783 0.225927
4.16983 0.226265
4.17183 0.226604
4.17383 0.226944
4.17584 0.227284
4.17784 0.227626
4.17984 0.227968
4.18184 0.228312
4.18384 0.228656
4.18584 0.229001
4.18784 0.229346
4.18984 0.229693
4.19184 0.230041
4.19384 0.230389
4.19584 0.230739
4.19784 0.231089
4.19984 0.23144
4.20184 0.231792
4.20384 0.232145
4.20584 0.232499
4.20784 0.232854
4.20984 0.23321
4.21184 0.233567
4.21384 0.233924
4.21584 0.234283
4.21784 0.234643
4.21984 0.235003
4.22184 0.235365
4.22384 0.235727
4.22585 0.236091
4.22785 0.236455
4.22985 0.23682
4.23185 0.237187
4.23385 0.237554
4.23585 0.237923
4.23785 0.238292
4.23985 0.238662
4.24185 0.239034
4.24385 0.239406
4.24585 0.23978
4.24785 0.240154
4.24985 0.24053
4.25185 0.240906
4.25385 0.241284
4.25585 0.241663
4.25785 0.242042
4.25985 0.242423
4.26185 0.242805
4.26385 0.243188
4.26585 0.243572
4.26785 0.243957
4.26985 0.244343
4.27185 0.24473
4.27385 0.245119
4.27586 0.245508
4.27786 0.245899
4.27986 0.24629
4.28186 0.246683
4.28386 0.247077
4.28586 0.247472
4.28786 0.247868
4.28986 0.248266
4.29186 0.248664
4.29386 0.249064
4.29586 0.249464
4.29786 0.249866
4.29986 0.250269
4.30186 0.250674
4.30386 0.251079
4.30586 0.251486
4.30786 0.251893
4.30986 0.252302
4.31186 0.252713
4.31386 0.253124
4.31586 0.253536
4.31786 0.25395
4.31986 0.254365
4.32186 0.254781
4.32386 0.255199
4.32587 0.255618
4.32787 0.256037
4.32987 0.256459
4.33187 0.256881
4.33387 0.257305
4.33587 0.25773
4.33787 0.258156
4.33987 0.258583
4.34187 0.259012
4.34387 0.259442
4.34587 0.259873
4.34787 0.260306
4.34987 0.26074
4.35187 0.261175
4.35387 0.261611
4.35587 0.262049
4.35787 0.262488
4.35987 0.262928
4.36187 0.26337
4.36387 0.263813
4.36587 0.264257
4.36787 0.264703
4.36987 0.26515
4.37187 0.265599
4.37387 0.266048
4.37588 0.2665
4.37788 0.266952
4.37988 0.267406
4.38188 0.267861
4.38388 0.268318
4.38588 0.268776
4.38788 0.269235
4.38988 0.269696
4.39188 0.270158
4.39388 0.270622
4.39588 0.271087
4.39788 0.271553
4.39988 0.272021
4.40188 0.27249
4.40388 0.272961
4.40588 0.273433
4.40788 0.273907
4.40988 0.274382
4.41188 0.274858
4.41388 0.275336
4.41588 0.275816
4.41788 0.276296
4.41988 0.276779
4.42188 0.277263
4.42388 0.277748
4.42589 0.278235
4.42789 0.278723
4.42989 0.279213
4.43189 0.279704
4.43389 0.280197
4.43589 0.280691
4.43789 0.281187
4.43989 0.281684
4.44189 0.282183
4.44389 0.282684
4.44589 0.283186
4.44789 0.283689
4.44989 0.284194
4.45189 0.284701
4.45389 0.285209
4.45589 0.285719
4.45789 0.28623
4.45989 0.286743
4.46189 0.287257
4.46389 0.287773
4.46589 0.288291
4.46789 0.28881
4.46989 0.289331
4.47189 0.289854
4.47389 0.290378
4.4759 0.290903
4.4779 0.291431
4.4799 0.29196
4.4819 0.29249
4.4839 0.293023
4.4859 0.293556
4.4879 0.294092
4.4899 0.294629
4.4919 0.295168
4.4939 0.295708
4.4959 0.29625
4.4979 0.296794
4.4999 0.29734
4.5019 0.297887
4.5039 0.298436
4.5059 0.298986
4.5079 0.299539
4.5099 0.300093
4.5119 0.300648
4.5139 0.301206
4.5159 0.301765
4.5179 0.302326
4.5199 0.302888
4.5219 0.303453
4.5239 0.304019
4.52591 0.304587
4.52791 0.305156
4.52991 0.305727
4.53191 0.3063
4.53391 0.306875
4.53591 0.307452
4.53791 0.30803
4.53991 0.30861
4.54191 0.309192
4.54391 0.309776
4.54591 0.310362
4.54791 0.310949
4.54991 0.311538
4.55191 0.312129
4.55391 0.312722
4.55591 0.313317
4.55791 0.313913
4.55991 0.314511
4.56191 0.315112
4.56391 0.315714
4.56591 0.316317
4.56791 0.316923
4.56991 0.317531
4.57191 0.31814
4.57391 0.318751
4.57592 0.319364
4.57792 0.319979
4.57992 0.320596
4.58192 0.321215
4.58392 0.321836
4.58592 0.322458
4.58792 0.323083
4.58992 0.323709
4.59192 0.324338
4.59392 0.324968
4.59592 0.3256
4.59792 0.326234
4.59992 0.32687
4.60192 0.327508
4.60392 0.328148
4.60592 0.32879
4.60792 0.329434
4.60992 0.33008
4.61192 0.330728
4.61392 0.331377
4.61592 0.332029
4.61792 0.332683
4.61992 0.333338
4.62192 0.333996
4.62392 0.334656
4.62593 0.335318
4.62793 0.335981
4.62993 0.336647
4.63193 0.337315
4.63393 0.337985
4.63593 0.338656
4.63793 0.33933
4.63993 0.340006
4.64193 0.340684
4.64393 0.341364
4.64593 0.342046
4.64793 0.34273
4.64993 0.343416
4.65193 0.344105
4.65393 0.344795
4.65593 0.345487
4.65793 0.346182
4.65993 0.346878
4.66193 0.347577
4.66393 0.348278
4.66593 0.348981
4.66793 0.349686
4.66993 0.350393
4.67193 0.351102
4.67393 0.351813
4.67594 0.352527
4.67794 0.353242
4.67994 0.35396
4.68194 0.35468
4.68394 0.355402
4.68594 0.356126
4.68794 0.356853
4.68994 0.357581
4.69194 0.358312
4.69394 0.359045
4.69594 0.35978
4.69794 0.360517
4.69994 0.361257
4.70194 0.361999
4.70394 0.362743
4.70594 0.363489
4.70794 0.364237
4.70994 0.364988
4.71194 0.36574
4.71394 0.366495
4.71594 0.367253
4.71794 0.368012
4.71994 0.368774
4.72194 0.369538
4.72394 0.370304
4.72595 0.371072
4.72795 0.371843
4.72995 0.372616
4.73195 0.373392
4.73395 0.374169
4.73595 0.374949
4.73795 0.375731
4.73995 0.376516
4.74195 0.377303
4.74395 0.378092
4.74595 0.378883
4.74795 0.379677
4.74995 0.380473
4.75195 0.381271
4.75395 0.382072
4.75595 0.382875
4.75795 0.38368
4.75995 0.384488
4.76195 0.385298
4.76395 0.386111
4.76595 0.386925
4.76795 0.387743
4.76995 0.388562
4.77195 0.389384
4.77395 0.390209
4.77596 0.391035
4.77796 0.391864
4.77996 0.392696
4.78196 0.39353
4.78396 0.394366
4.78596 0.395205
4.78796 0.396046
4.78996 0.39689
4.79196 0.397736
4.79396 0.398584
4.79596 0.399435
4.79796 0.400289
4.79996 0.401144
4.80196 0.402003
4.80396 0.402863
4.80596 0.403727
4.80796 0.404592
4.80996 0.405461
4.81196 0.406331
4.81396 0.407204
4.81596 0.40808
4.81796 0.408958
4.81996 0.409839
4.82196 0.410722
4.82396 0.411608
4.82597 0.412496
4.82797 0.413386
4.82997 0.41428
4.83197 0.415175
4.83397 0.416074
4.83597 0.416975
4.83797 0.417878
4.83997 0.418784
4.84197 0.419693
4.84397 0.420604
4.84597 0.421517
4.84797 0.422434
4.84997 0.423352
4.85197 0.424274
4.85397 0.425198
4.85597 0.426124
4.85797 0.427054
4.85997 0.427985
4.86197 0.42892
4.86397 0.429857
4.86597 0.430797
4.86797 0.431739
4.86997 0.432684
4.87197 0.433631
4.87397 0.434582
4.87598 0.435534
4.87798 0.43649
4.87998 0.437448
4.88198 0.438409
4.88398 0.439372
4.88598 0.440339
4.88798 0.441308
4.88998 0.442279
4.89198 0.443253
4.89398 0.44423
4.89598 0.44521
4.89798 0.446192
4.89998 0.447177
4.90198 0.448165
4.90398 0.449156
4.90598 0.450149
4.90798 0.451145
4.90998 0.452143
4.91198 0.453145
4.91398 0.454149
4.91598 0.455156
4.91798 0.456166
4.91998 0.457178
4.92198 0.458193
4.92398 0.459211
4.92599 0.460232
4.92799 0.461256
4.92999 0.462282
4.93199 0.463311
4.93399 0.464343
4.93599 0.465378
4.93799 0.466415
4.93999 0.467456
4.94199 0.468499
4.94399 0.469545
4.94599 0.470593
4.94799 0.471645
4.94999 0.4727
4.95199 0.473757
4.95399 0.474817
4.95599 0.47588
4.95799 0.476946
4.95999 0.478015
4.96199 0.479087
4.96399 0.480161
4.96599 0.481238
4.96799 0.482319
4.96999 0.483402
4.97199 0.484488
4.97399 0.485577
4.976 0.486669
4.978 0.487764
4.98 0.488861
4.982 0.489962
4.984 0.491066
4.986 0.492172
4.988 0.493281
4.99 0.494394
4.992 0.495509
4.994 0.496627
4.996 0.497749
4.998 0.498873
5 0.5
