-5 0.561112
-4.998 0.559839
-4.996 0.558568
-4.994 0.557299
-4.992 0.556032
-4.99 0.554768
-4.988 0.553505
-4.986 0.552244
-4.984 0.550986
-4.982 0.549729
-4.98 0.548475
-4.978 0.547222
-4.976 0.545972
-4.97399 0.544724
-4.97199 0.543478
-4.96999 0.542234
-4.96799 0.540992
-4.96599 0.539752
-4.96399 0.538515
-4.96199 0.537279
-4.95999 0.536045
-4.95799 0.534814
-4.95599 0.533584
-4.95399 0.532357
-4.95199 0.531132
-4.94999 0.529909
-4.94799 0.528688
-4.94599 0.527469
-4.94399 0.526252
-4.94199 0.525037
-4.93999 0.523824
-4.93799 0.522614
-4.93599 0.521405
-4.93399 0.520199
-4.93199 0.518994
-4.92999 0.517792
-4.92799 0.516592
-4.92599 0.515393
-4.92398 0.514197
-4.92198 0.513003
-4.91998 0.511811
-4.91798 0.510622
-4.91598 0.509434
-4.91398 0.508248
-4.91198 0.507065
-4.90998 0.505883
-4.90798 0.504704
-4.90598 0.503526
-4.90398 0.502351
-4.90198 0.501178
-4.89998 0.500007
-4.89798 0.498838
-4.89598 0.497671
-4.89398 0.496506
-4.89198 0.495343
-4.88998 0.494183
-4.88798 0.493024
-4.88598 0.491868
-4.88398 0.490713
-4.88198 0.489561
-4.87998 0.488411
-4.87798 0.487262
-4.87598 0.486116
-4.87397 0.484972
-4.87197 0.48383
-4.86997 0.482691
-4.86797 0.481553
-4.86597 0.480417
-4.86397 0.479283
-4.86197 0.478152
-4.85997 0.477023
-4.85797 0.475895
-4.85597 0.47477
-4.85397 0.473647
-4.85197 0.472526
-4.84997 0.471407
-4.84797 0.47029
-4.84597 0.469175
-4.84397 0.468062
-4.84197 0.466951
-4.83997 0.465843
-4.83797 0.464736
-4.83597 0.463632
-4.83397 0.46253
-4.83197 0.461429
-4.82997 0.460331
-4.82797 0.459235
-4.82597 0.458141
-4.82396 0.457049
-4.82196 0.455959
-4.81996 0.454871
-4.81796 0.453786
-4.81596 0.452702
-4.81396 0.451621
-4.81196 0.450541
-4.80996 0.449464
-4.80796 0.448388
-4.80596 0.447315
-4.80396 0.446244
-4.80196 0.445175
-4.79996 0.444108
-4.79796 0.443043
-4.79596 0.441981
-4.79396 0.44092
-4.79196 0.439861
-4.78996 0.438805
-4.78796 0.43775
-4.78596 0.436698
-4.78396 0.435648
-4.78196 0.434599
-4.77996 0.433553
-4.77796 0.432509
-4.77596 0.431467
-4.77395 0.430427
-4.77195 0.42939
-4.76995 0.428354
-4.76795 0.42732
-4.76595 0.426289
-4.76395 0.425259
-4.76195 0.424232
-4.75995 0.423207
-4.75795 0.422184
-4.75595 0.421162
-4.75395 0.420143
-4.75195 0.419126
-4.74995 0.418112
-4.74795 0.417099
-4.74595 0.416088
-4.74395 0.415079
-4.74195 0.414073
-4.73995 0.413068
-4.73795 0.412066
-4.73595 0.411066
-4.73395 0.410068
-4.73195 0.409071
-4.72995 0.408077
-4.72795 0.407085
-4.72595 0.406096
-4.72394 0.405108
-4.72194 0.404122
-4.71994 0.403138
-4.71794 0.402157
-4.71594 0.401177
-4.71394 0.4002
-4.71194 0.399225
-4.70994 0.398251
-4.70794 0.39728
-4.70594 0.396311
-4.70394 0.395344
-4.70194 0.394379
-4.69994 0.393417
-4.69794 0.392456
-4.69594 0.391497
-4.69394 0.390541
-4.69194 0.389586
-4.68994 0.388634
-4.68794 0.387684
-4.68594 0.386735
-4.68394 0.385789
-4.68194 0.384845
-4.67994 0.383903
-4.67794 0.382963
-4.67594 0.382025
-4.67393 0.38109
-4.67193 0.380156
-4.66993 0.379225
-4.66793 0.378295
-4.66593 0.377368
-4.66393 0.376442
-4.66193 0.375519
-4.65993 0.374598
-4.65793 0.373679
-4.65593 0.372762
-4.65393 0.371847
-4.65193 0.370934
-4.64993 0.370024
-4.64793 0.369115
-4.64593 0.368208
-4.64393 0.367304
-4.64193 0.366401
-4.63993 0.365501
-4.63793 0.364603
-4.63593 0.363707
-4.63393 0.362813
-4.63193 0.361921
-4.62993 0.361031
-4.62793 0.360143
-4.62593 0.359257
-4.62392 0.358374
-4.62192 0.357492
-4.61992 0.356612
-4.61792 0.355735
-4.61592 0.35486
-4.61392 0.353986
-4.61192 0.353115
-4.60992 0.352246
-4.60792 0.351379
-4.60592 0.350514
-4.60392 0.349652
-4.60192 0.348791
-4.59992 0.347932
-4.59792 0.347076
-4.59592 0.346221
-4.59392 0.345369
-4.59192 0.344518
-4.58992 0.34367
-4.58792 0.342824
-4.58592 0.34198
-4.58392 0.341138
-4.58192 0.340298
-4.57992 0.33946
-4.57792 0.338624
-4.57592 0.337791
-4.57391 0.336959
-4.57191 0.33613
-4.56991 0.335302
-4.56791 0.334477
-4.56591 0.333654
-4.56391 0.332832
-4.56191 0.332013
-4.55991 0.331196
-4.55791 0.330381
-4.55591 0.329569
-4.55391 0.328758
-4.55191 0.327949
-4.54991 0.327142
-4.54791 0.326338
-4.54591 0.325536
-4.54391 0.324735
-4.54191 0.323937
-4.53991 0.323141
-4.53791 0.322347
-4.53591 0.321555
-4.53391 0.320765
-4.53191 0.319977
-4.52991 0.319191
-4.52791 0.318407
-4.52591 0.317626
-4.5239 0.316846
-4.5219 0.316069
-4.5199 0.315294
-4.5179 0.31452
-4.5159 0.313749
-4.5139 0.31298
-4.5119 0.312213
-4.5099 0.311448
-4.5079 0.310685
-4.5059 0.309924
-4.5039 0.309166
-4.5019 0.308409
-4.4999 0.307655
-4.4979 0.306902
-4.4959 0.306152
-4.4939 0.305404
-4.4919 0.304657
-4.4899 0.303913
-4.4879 0.303171
-4.4859 0.302431
-4.4839 0.301693
-4.4819 0.300958
-4.4799 0.300224
-4.4779 0.299492
-4.4759 0.298763
-4.47389 0.298035
-4.47189 0.29731
-4.46989 0.296587
-4.46789 0.295866
-4.46589 0.295146
-4.46389 0.294429
-4.46189 0.293714
-4.45989 0.293002
-4.45789 0.292291
-4.45589 0.291582
-4.45389 0.290875
-4.45189 0.290171
-4.44989 0.289469
-4.44789 0.288768
-4.44589 0.28807
-4.44389 0.287374
-4.44189 0.28668
-4.43989 0.285988
-4.43789 0.285298
-4.43589 0.28461
-4.43389 0.283924
-4.43189 0.28324
-4.42989 0.282559
-4.42789 0.281879
-4.42589 0.281202
-4.42388 0.280526
-4.42188 0.279853
-4.41988 0.279182
-4.41788 0.278513
-4.41588 0.277846
-4.41388 0.277181
-4.41188 0.276518
-4.40988 0.275857
-4.40788 0.275198
-4.40588 0.274542
-4.40388 0.273887
-4.40188 0.273235
-4.39988 0.272584
-4.39788 0.271936
-4.39588 0.27129
-4.39388 0.270646
-4.39188 0.270003
-4.38988 0.269364
-4.38788 0.268726
-4.38588 0.26809
-4.38388 0.267456
-4.38188 0.266824
-4.37988 0.266195
-4.37788 0.265567
-4.37588 0.264942
-4.37387 0.264319
-4.37187 0.263698
-4.36987 0.263078
-4.36787 0.262461
-4.36587 0.261846
-4.36387 0.261233
-4.36187 0.260623
-4.35987 0.260014
-4.35787 0.259407
-4.35587 0.258803
-4.35387 0.2582
-4.35187 0.2576
-4.34987 0.257002
-4.34787 0.256405
-4.34587 0.255811
-4.34387 0.255219
-4.34187 0.254629
-4.33987 0.254041
-4.33787 0.253455
-4.33587 0.252872
-4.33387 0.25229
-4.33187 0.251711
-4.32987 0.251133
-4.32787 0.250558
-4.32587 0.249984
-4.32386 0.249413
-4.32186 0.248844
-4.31986 0.248277
-4.31786 0.247712
-4.31586 0.247149
-4.31386 0.246588
-4.31186 0.246029
-4.30986 0.245473
-4.30786 0.244918
-4.30586 0.244366
-4.30386 0.243815
-4.30186 0.243267
-4.29986 0.242721
-4.29786 0.242177
-4.29586 0.241635
-4.29386 0.241095
-4.29186 0.240557
-4.28986 0.240021
-4.28786 0.239487
-4.28586 0.238955
-4.28386 0.238426
-4.28186 0.237898
-4.27986 0.237373
-4.27786 0.23685
-4.27586 0.236328
-4.27385 0.235809
-4.27185 0.235292
-4.26985 0.234777
-4.26785 0.234264
-4.26585 0.233753
-4.26385 0.233245
-4.26185 0.232738
-4.25985 0.232233
-4.25785 0.231731
-4.25585 0.23123
-4.25385 0.230732
-4.25185 0.230236
-4.24985 0.229742
-4.24785 0.22925
-4.24585 0.22876
-4.24385 0.228272
-4.24185 0.227786
-4.23985 0.227302
-4.23785 0.22682
-4.23585 0.226341
-4.23385 0.225863
-4.23185 0.225388
-4.22985 0.224915
-4.22785 0.224443
-4.22585 0.223974
-4.22384 0.223507
-4.22184 0.223042
-4.21984 0.222579
-4.21784 0.222118
-4.21584 0.221659
-4.21384 0.221203
-4.21184 0.220748
-4.20984 0.220296
-4.20784 0.219845
-4.20584 0.219397
-4.20384 0.218951
-4.20184 0.218506
-4.19984 0.218064
-4.19784 0.217624
-4.19584 0.217186
-4.19384 0.216751
-4.19184 0.216317
-4.18984 0.215885
-4.18784 0.215456
-4.18584 0.215028
-4.18384 0.214603
-4.18184 0.214179
-4.17984 0.213758
-4.17784 0.213339
-4.17584 0.212922
-4.17383 0.212507
-4.17183 0.212094
-4.16983 0.211683
-4.16783 0.211274
-4.16583 0.210867
-4.16383 0.210463
-4.16183 0.21006
-4.15983 0.20966
-4.15783 0.209261
-4.15583 0.208865
-4.15383 0.208471
-4.15183 0.208079
-4.14983 0.207689
-4.14783 0.207301
-4.14583 0.206915
-4.14383 0.206531
-4.14183 0.20615
-4.13983 0.20577
-4.13783 0.205392
-4.13583 0.205017
-4.13383 0.204644
-4.13183 0.204272
-4.12983 0.203903
-4.12783 0.203536
-4.12583 0.203171
-4.12382 0.202808
-4.12182 0.202447
-4.11982 0.202088
-4.11782 0.201732
-4.11582 0.201377
-4.11382 0.201024
-4.11182 0.200674
-4.10982 0.200326
-4.10782 0.199979
-4.10582 0.199635
-4.10382 0.199293
-4.10182 0.198953
-4.09982 0.198615
-4.09782 0.198279
-4.09582 0.197945
-4.09382 0.197614
-4.09182 0.197284
-4.08982 0.196956
-4.08782 0.196631
-4.08582 0.196308
-4.08382 0.195986
-4.08182 0.195667
-4.07982 0.19535
-4.07782 0.195035
-4.07582 0.194722
-4.07381 0.194411
-4.07181 0.194102
-4.06981 0.193796
-4.06781 0.193491
-4.06581 0.193188
-4.06381 0.192888
-4.06181 0.19259
-4.05981 0.192293
-4.05781 0.191999
-4.05581 0.191707
-4.05381 0.191417
-4.05181 0.191129
-4.04981 0.190843
-4.04781 0.190559
-4.04581 0.190277
-4.04381 0.189998
-4.04181 0.18972
-4.03981 0.189445
-4.03781 0.189171
-4.03581 0.1889
-4.03381 0.188631
-4.03181 0.188364
-4.02981 0.188099
-4.02781 0.187836
-4.02581 0.187575
-4.0238 0.187316
-4.0218 0.187059
-4.0198 0.186805
-4.0178 0.186552
-4.0158 0.186302
-4.0138 0.186053
-4.0118 0.185807
-4.0098 0.185563
-4.0078 0.18532
-4.0058 0.18508
-4.0038 0.184842
-4.0018 0.184607
-3.9998 0.184373
-3.9978 0.18414
-3.9958 0.183908
-3.9938 0.183676
-3.9918 0.183444
-3.9898 0.183213
-3.9878 0.182982
-3.9858 0.182751
-3.9838 0.182521
-3.9818 0.182291
-3.9798 0.182062
-3.9778 0.181833
-3.9758 0.181604
-3.97379 0.181376
-3.97179 0.181148
-3.96979 0.180921
-3.96779 0.180694
-3.96579 0.180467
-3.96379 0.180241
-3.96179 0.180015
-3.95979 0.179789
-3.95779 0.179564
-3.95579 0.179339
-3.95379 0.179115
-3.95179 0.178891
-3.94979 0.178667
-3.94779 0.178443
-3.94579 0.178221
-3.94379 0.177998
-3.94179 0.177776
-3.93979 0.177554
-3.93779 0.177332
-3.93579 0.177111
-3.93379 0.176891
-3.93179 0.17667
-3.92979 0.17645
-3.92779 0.176231
-3.92579 0.176012
-3.92378 0.175793
-3.92178 0.175574
-3.91978 0.175356
-3.91778 0.175139
-3.91578 0.174921
-3.91378 0.174704
-3.91178 0.174488
-3.90978 0.174272
-3.90778 0.174056
-3.90578 0.17384
-3.90378 0.173625
-3.90178 0.173411
-3.89978 0.173196
-3.89778 0.172982
-3.89578 0.172769
-3.89378 0.172556
-3.89178 0.172343
-3.88978 0.172131
-3.88778 0.171919
-3.88578 0.171707
-3.88378 0.171496
-3.88178 0.171285
-3.87978 0.171074
-3.87778 0.170864
-3.87578 0.170654
-3.87377 0.170445
-3.87177 0.170236
-3.86977 0.170027
-3.86777 0.169819
-3.86577 0.169611
-3.86377 0.169403
-3.86177 0.169196
-3.85977 0.16899
-3.85777 0.168783
-3.85577 0.168577
-3.85377 0.168372
-3.85177 0.168166
-3.84977 0.167961
-3.84777 0.167757
-3.84577 0.167553
-3.84377 0.167349
-3.84177 0.167146
-3.83977 0.166943
-3.83777 0.16674
-3.83577 0.166538
-3.83377 0.166336
-3.83177 0.166134
-3.82977 0.165933
-3.82777 0.165733
-3.82577 0.165532
-3.82376 0.165332
-3.82176 0.165133
-3.81976 0.164933
-3.81776 0.164735
-3.81576 0.164536
-3.81376 0.164338
-3.81176 0.16414
-3.80976 0.163943
-3.80776 0.163746
-3.80576 0.163549
-3.80376 0.163353
-3.80176 0.163157
-3.79976 0.162962
-3.79776 0.162767
-3.79576 0.162572
-3.79376 0.162378
-3.79176 0.162184
-3.78976 0.16199
-3.78776 0.161797
-3.78576 0.161604
-3.78376 0.161412
-3.78176 0.16122
-3.77976 0.161028
-3.77776 0.160837
-3.77576 0.160646
-3.77375 0.160455
-3.77175 0.160265
-3.76975 0.160075
-3.76775 0.159886
-3.76575 0.159697
-3.76375 0.159508
-3.76175 0.15932
-3.75975 0.159132
-3.75775 0.158944
-3.75575 0.158757
-3.75375 0.15857
-3.75175 0.158384
-3.74975 0.158198
-3.74775 0.158012
-3.74575 0.157827
-3.74375 0.157642
-3.74175 0.157458
-3.73975 0.157273
-3.73775 0.15709
-3.73575 0.156906
-3.73375 0.156723
-3.73175 0.156541
-3.72975 0.156358
-3.72775 0.156176
-3.72575 0.155995
-3.72374 0.155814
-3.72174 0.155633
-3.71974 0.155453
-3.71774 0.155273
-3.71574 0.155093
-3.71374 0.154914
-3.71174 0.154735
-3.70974 0.154556
-3.70774 0.154378
-3.70574 0.1542
-3.70374 0.154023
-3.70174 0.153846
-3.69974 0.153669
-3.69774 0.153493
-3.69574 0.153317
-3.69374 0.153142
-3.69174 0.152967
-3.68974 0.152792
-3.68774 0.152618
-3.68574 0.152444
-3.68374 0.15227
-3.68174 0.152097
-3.67974 0.151924
-3.67774 0.151752
-3.67574 0.151579
-3.67373 0.151408
-3.67173 0.151236
-3.66973 0.151065
-3.66773 0.150895
-3.66573 0.150725
-3.66373 0.150555
-3.66173 0.150385
-3.65973 0.150216
-3.65773 0.150047
-3.65573 0.149879
-3.65373 0.149711
-3.65173 0.149544
-3.64973 0.149376
-3.64773 0.14921
-3.64573 0.149043
-3.64373 0.148877
-3.64173 0.148711
-3.63973 0.148546
-3.63773 0.148381
-3.63573 0.148217
-3.63373 0.148052
-3.63173 0.147889
-3.62973 0.147725
-3.62773 0.147562
-3.62573 0.147399
-3.62372 0.147237
-3.62172 0.147075
-3.61972 0.146914
-3.61772 0.146752
-3.61572 0.146592
-3.61372 0.146431
-3.61172 0.146271
-3.60972 0.146112
-3.60772 0.145952
-3.60572 0.145793
-3.60372 0.145635
-3.60172 0.145477
-3.59972 0.145319
-3.59772 0.145161
-3.59572 0.145004
-3.59372 0.144848
-3.59172 0.144692
-3.58972 0.144536
-3.58772 0.14438
-3.58572 0.144225
-3.58372 0.14407
-3.58172 0.143916
-3.57972 0.143762
-3.57772 0.143608
-3.57572 0.143455
-3.57371 0.143302
-3.57171 0.14315
-3.56971 0.142997
-3.56771 0.142846
-3.56571 0.142694
-3.56371 0.142543
-3.56171 0.142393
-3.55971 0.142242
-3.55771 0.142093
-3.55571 0.141943
-3.55371 0.141794
-3.55171 0.141645
-3.54971 0.141497
-3.54771 0.141349
-3.54571 0.141201
-3.54371 0.141054
-3.54171 0.140907
-3.53971 0.140761
-3.53771 0.140615
-3.53571 0.140469
-3.53371 0.140323
-3.53171 0.140179
-3.52971 0.140034
-3.52771 0.13989
-3.52571 0.139746
-3.5237 0.139602
-3.5217 0.139459
-3.5197 0.139317
-3.5177 0.139174
-3.5157 0.139032
-3.5137 0.138891
-3.5117 0.13875
-3.5097 0.138609
-3.5077 0.138468
-3.5057 0.138328
-3.5037 0.138188
-3.5017 0.138049
-3.4997 0.13791
-3.4977 0.137772
-3.4957 0.137633
-3.4937 0.137496
-3.4917 0.137358
-3.4897 0.137221
-3.4877 0.137084
-3.4857 0.136948
-3.4837 0.136812
-3.4817 0.136677
-3.4797 0.136542
-3.4777 0.136407
-3.4757 0.136272
-3.47369 0.136138
-3.47169 0.136005
-3.46969 0.135871
-3.46769 0.135738
-3.46569 0.135606
-3.46369 0.135474
-3.46169 0.135342
-3.45969 0.135211
-3.45769 0.135079
-3.45569 0.134949
-3.45369 0.134819
-3.45169 0.134689
-3.44969 0.134559
-3.44769 0.13443
-3.44569 0.134301
-3.44369 0.134173
-3.44169 0.134045
-3.43969 0.133917
-3.43769 0.13379
-3.43569 0.133663
-3.43369 0.133537
-3.43169 0.13341
-3.42969 0.133285
-3.42769 0.133159
-3.42569 0.133034
-3.42368 0.13291
-3.42168 0.132785
-3.41968 0.132661
-3.41768 0.132538
-3.41568 0.132415
-3.41368 0.132292
-3.41168 0.13217
-3.40968 0.132048
-3.40768 0.131926
-3.40568 0.131805
-3.40368 0.131684
-3.40168 0.131564
-3.39968 0.131443
-3.39768 0.131324
-3.39568 0.131204
-3.39368 0.131085
-3.39168 0.130967
-3.38968 0.130849
-3.38768 0.130731
-3.38568 0.130613
-3.38368 0.130496
-3.38168 0.13038
-3.37968 0.130263
-3.37768 0.130147
-3.37568 0.130032
-3.37367 0.129916
-3.37167 0.129802
-3.36967 0.129687
-3.36767 0.129573
-3.36567 0.129459
-3.36367 0.129346
-3.36167 0.129233
-3.35967 0.129121
-3.35767 0.129008
-3.35567 0.128897
-3.35367 0.128785
-3.35167 0.128674
-3.34967 0.128563
-3.34767 0.128453
-3.34567 0.128343
-3.34367 0.128234
-3.34167 0.128124
-3.33967 0.128016
-3.33767 0.127907
-3.33567 0.127799
-3.33367 0.127691
-3.33167 0.127584
-3.32967 0.127477
-3.32767 0.127371
-3.32567 0.127265
-3.32366 0.127159
-3.32166 0.127053
-3.31966 0.126948
-3.31766 0.126844
-3.31566 0.126739
-3.31366 0.126635
-3.31166 0.126532
-3.30966 0.126429
-3.30766 0.126326
-3.30566 0.126224
-3.30366 0.126122
-3.30166 0.12602
-3.29966 0.125919
-3.29766 0.125818
-3.29566 0.125717
-3.29366 0.125617
-3.29166 0.125517
-3.28966 0.125418
-3.28766 0.125319
-3.28566 0.12522
-3.28366 0.125122
-3.28166 0.125024
-3.27966 0.124927
-3.27766 0.12483
-3.27566 0.124733
-3.27365 0.124637
-3.27165 0.124541
-3.26965 0.124445
-3.26765 0.12435
-3.26565 0.124255
-3.26365 0.12416
-3.26165 0.124066
-3.25965 0.123973
-3.25765 0.123879
-3.25565 0.123786
-3.25365 0.123694
-3.25165 0.123601
-3.24965 0.12351
-3.24765 0.123418
-3.24565 0.123327
-3.24365 0.123236
-3.24165 0.123146
-3.23965 0.123056
-3.23765 0.122966
-3.23565 0.122877
-3.23365 0.122788
-3.23165 0.1227
-3.22965 0.122612
-3.22765 0.122524
-3.22565 0.122437
-3.22364 0.12235
-3.22164 0.122263
-3.21964 0.122177
-3.21764 0.122091
-3.21564 0.122006
-3.21364 0.121921
-3.21164 0.121836
-3.20964 0.121752
-3.20764 0.121668
-3.20564 0.121584
-3.20364 0.121501
-3.20164 0.121418
-3.19964 0.121336
-3.19764 0.121254
-3.19564 0.121172
-3.19364 0.121091
-3.19164 0.12101
-3.18964 0.120929
-3.18764 0.120849
-3.18564 0.120769
-3.18364 0.12069
-3.18164 0.120611
-3.17964 0.120532
-3.17764 0.120454
-3.17564 0.120376
-3.17363 0.120299
-3.17163 0.120221
-3.16963 0.120145
-3.16763 0.120068
-3.16563 0.119992
-3.16363 0.119917
-3.16163 0.119841
-3.15963 0.119766
-3.15763 0.119692
-3.15563 0.119618
-3.15363 0.119544
-3.15163 0.119471
-3.14963 0.119398
-3.14763 0.119325
-3.14563 0.119253
-3.14363 0.119181
-3.14163 0.119109
-3.13963 0.119038
-3.13763 0.118967
-3.13563 0.118897
-3.13363 0.118827
-3.13163 0.118758
-3.12963 0.118688
-3.12763 0.118619
-3.12563 0.118551
-3.12362 0.118483
-3.12162 0.118415
-3.11962 0.118348
-3.11762 0.118281
-3.11562 0.118214
-3.11362 0.118148
-3.11162 0.118082
-3.10962 0.118017
-3.10762 0.117951
-3.10562 0.117887
-3.10362 0.117822
-3.10162 0.117758
-3.09962 0.117695
-3.09762 0.117632
-3.09562 0.117569
-3.09362 0.117506
-3.09162 0.117444
-3.08962 0.117383
-3.08762 0.117321
-3.08562 0.11726
-3.08362 0.1172
-3.08162 0.11714
-3.07962 0.11708
-3.07762 0.11702
-3.07562 0.116961
-3.07361 0.116903
-3.07161 0.116844
-3.06961 0.116786
-3.06761 0.116729
-3.06561 0.116672
-3.06361 0.116615
-3.06161 0.116558
-3.05961 0.116502
-3.05761 0.116447
-3.05561 0.116391
-3.05361 0.116336
-3.05161 0.116282
-3.04961 0.116228
-3.04761 0.116174
-3.04561 0.11612
-3.04361 0.116067
-3.04161 0.116015
-3.03961 0.115962
-3.03761 0.115911
-3.03561 0.115859
-3.03361 0.115808
-3.03161 0.115757
-3.02961 0.115707
-3.02761 0.115657
-3.02561 0.115607
-3.0236 0.115558
-3.0216 0.115509
-3.0196 0.11546
-3.0176 0.115412
-3.0156 0.115364
-3.0136 0.115317
-3.0116 0.11527
-3.0096 0.115223
-3.0076 0.115177
-3.0056 0.115131
-3.0036 0.115086
-3.0016 0.115041
-2.9996 0.114996
-2.9976 0.114951
-2.9956 0.114904
-2.9936 0.114857
-2.9916 0.114809
-2.9896 0.11476
-2.9876 0.114711
-2.9856 0.11466
-2.9836 0.114608
-2.9816 0.114556
-2.9796 0.114502
-2.9776 0.114448
-2.9756 0.114393
-2.97359 0.114336
-2.97159 0.114279
-2.96959 0.114221
-2.96759 0.114162
-2.96559 0.114103
-2.96359 0.114042
-2.96159 0.11398
-2.95959 0.113918
-2.95759 0.113854
-2.95559 0.11379
-2.95359 0.113725
-2.95159 0.113659
-2.94959 0.113592
-2.94759 0.113524
-2.94559 0.113455
-2.94359 0.113385
-2.94159 0.113314
-2.93959 0.113243
-2.93759 0.11317
-2.93559 0.113097
-2.93359 0.113022
-2.93159 0.112947
-2.92959 0.112871
-2.92759 0.112794
-2.92559 0.112716
-2.92358 0.112637
-2.92158 0.112557
-2.91958 0.112476
-2.91758 0.112395
-2.91558 0.112312
-2.91358 0.112229
-2.91158 0.112145
-2.90958 0.112059
-2.90758 0.111973
-2.90558 0.111886
-2.90358 0.111798
-2.90158 0.111709
-2.89958 0.111619
-2.89758 0.111529
-2.89558 0.111437
-2.89358 0.111345
-2.89158 0.111251
-2.88958 0.111157
-2.88758 0.111062
-2.88558 0.110966
-2.88358 0.110868
-2.88158 0.11077
-2.87958 0.110672
-2.87758 0.110572
-2.87558 0.110471
-2.87357 0.11037
-2.87157 0.110267
-2.86957 0.110164
-2.86757 0.110059
-2.86557 0.109954
-2.86357 0.109848
-2.86157 0.109741
-2.85957 0.109633
-2.85757 0.109524
-2.85557 0.109414
-2.85357 0.109304
-2.85157 0.109192
-2.84957 0.10908
-2.84757 0.108966
-2.84557 0.108852
-2.84357 0.108737
-2.84157 0.108621
-2.83957 0.108503
-2.83757 0.108386
-2.83557 0.108267
-2.83357 0.108147
-2.83157 0.108026
-2.82957 0.107905
-2.82757 0.107782
-2.82557 0.107659
-2.82356 0.107535
-2.82156 0.107409
-2.81956 0.107283
-2.81756 0.107156
-2.81556 0.107028
-2.81356 0.106899
-2.81156 0.10677
-2.80956 0.106639
-2.80756 0.106507
-2.80556 0.106375
-2.80356 0.106242
-2.80156 0.106107
-2.79956 0.105972
-2.79756 0.105836
-2.79556 0.105699
-2.79356 0.105561
-2.79156 0.105422
-2.78956 0.105282
-2.78756 0.105142
-2.78556 0.105
-2.78356 0.104858
-2.78156 0.104714
-2.77956 0.10457
-2.77756 0.104425
-2.77556 0.104279
-2.77355 0.104132
-2.77155 0.103984
-2.76955 0.103835
-2.76755 0.103685
-2.76555 0.103535
-2.76355 0.103383
-2.76155 0.103231
-2.75955 0.103077
-2.75755 0.102923
-2.75555 0.102768
-2.75355 0.102612
-2.75155 0.102455
-2.74955 0.102297
-2.74755 0.102138
-2.74555 0.101978
-2.74355 0.101817
-2.74155 0.101656
-2.73955 0.101493
-2.73755 0.10133
-2.73555 0.101166
-2.73355 0.101001
-2.73155 0.100835
-2.72955 0.100668
-2.72755 0.1005
-2.72555 0.100331
-2.72354 0.100161
-2.72154 0.0999905
-2.71954 0.099819
-2.71754 0.0996465
-2.71554 0.0994732
-2.71354 0.0992989
-2.71154 0.0991237
-2.70954 0.0989476
-2.70754 0.0987706
-2.70554 0.0985927
-2.70354 0.0984139
-2.70154 0.0982342
-2.69954 0.0980536
-2.69754 0.0978721
-2.69554 0.0976896
-2.69354 0.0975063
-2.69154 0.097322
-2.68954 0.0971368
-2.68754 0.0969508
-2.68554 0.0967638
-2.68354 0.0965759
-2.68154 0.0963871
-2.67954 0.0961974
-2.67754 0.0960068
-2.67554 0.0958152
-2.67353 0.0956228
-2.67153 0.0954295
-2.66953 0.0952352
-2.66753 0.0950401
-2.66553 0.094844
-2.66353 0.094647
-2.66153 0.0944491
-2.65953 0.0942503
-2.65753 0.0940506
-2.65553 0.09385
-2.65353 0.0936485
-2.65153 0.0934461
-2.64953 0.0932428
-2.64753 0.0930385
-2.64553 0.0928334
-2.64353 0.0926273
-2.64153 0.0924203
-2.63953 0.0922125
-2.63753 0.0920037
-2.63553 0.091794
-2.63353 0.0915834
-2.63153 0.0913719
-2.62953 0.0911595
-2.62753 0.0909461
-2.62553 0.0907319
-2.62352 0.0905167
-2.62152 0.0903007
-2.61952 0.0900837
-2.61752 0.0898659
-2.61552 0.0896471
-2.61352 0.0894274
-2.61152 0.0892068
-2.60952 0.0889853
-2.60752 0.0887629
-2.60552 0.0885396
-2.60352 0.0883154
-2.60152 0.0880902
-2.59952 0.0878642
-2.59752 0.0876372
-2.59552 0.0874094
-2.59352 0.0871806
-2.59152 0.0869509
-2.58952 0.0867203
-2.58752 0.0864888
-2.58552 0.0862564
-2.58352 0.0860231
-2.58152 0.0857889
-2.57952 0.0855538
-2.57752 0.0853177
-2.57552 0.0850808
-2.57351 0.0848429
-2.57151 0.0846042
-2.56951 0.0843645
-2.56751 0.0841239
-2.56551 0.0838824
-2.56351 0.08364
-2.56151 0.0833967
-2.55951 0.0831525
-2.55751 0.0829074
-2.55551 0.0826614
-2.55351 0.0824144
-2.55151 0.0821666
-2.54951 0.0819178
-2.54751 0.0816682
-2.54551 0.0814176
-2.54351 0.0811661
-2.54151 0.0809137
-2.53951 0.0806604
-2.53751 0.0804062
-2.53551 0.0801511
-2.53351 0.0798951
-2.53151 0.0796382
-2.52951 0.0793803
-2.52751 0.0791216
-2.52551 0.0788619
-2.5235 0.0786014
-2.5215 0.0783399
-2.5195 0.0780775
-2.5175 0.0778142
-2.5155 0.07755
-2.5135 0.0772849
-2.5115 0.0770189
-2.5095 0.076752
-2.5075 0.0764841
-2.5055 0.0762154
-2.5035 0.0759458
-2.5015 0.0756752
-2.4995 0.0754037
-2.4975 0.0751314
-2.4955 0.0748581
-2.4935 0.0745839
-2.4915 0.0743088
-2.4895 0.0740328
-2.4875 0.0737559
-2.4855 0.0734781
-2.4835 0.0731993
-2.4815 0.0729197
-2.4795 0.0726391
-2.4775 0.0723577
-2.4755 0.0720753
-2.47349 0.071792
-2.47149 0.0715079
-2.46949 0.0712228
-2.46749 0.0709368
-2.46549 0.0706499
-2.46349 0.070362
-2.46149 0.0700733
-2.45949 0.0697837
-2.45749 0.0694931
-2.45549 0.0692017
-2.45349 0.0689093
-2.45149 0.0686161
-2.44949 0.0683219
-2.44749 0.0680268
-2.44549 0.0677308
-2.44349 0.0674339
-2.44149 0.0671361
-2.43949 0.0668374
-2.43749 0.0665378
-2.43549 0.0662372
-2.43349 0.0659358
-2.43149 0.0656335
-2.42949 0.0653302
-2.42749 0.065026
-2.42549 0.064721
-2.42348 0.064415
-2.42148 0.0641081
-2.41948 0.0638003
-2.41748 0.0634916
-2.41548 0.063182
-2.41348 0.0628714
-2.41148 0.06256
-2.40948 0.0622476
-2.40748 0.0619344
-2.40548 0.0616202
-2.40348 0.0613052
-2.40148 0.0609892
-2.39948 0.0606723
-2.39748 0.0603545
-2.39548 0.0600358
-2.39348 0.0597162
-2.39148 0.0593957
-2.38948 0.0590743
-2.38748 0.0587519
-2.38548 0.0584287
-2.38348 0.0581045
-2.38148 0.0577795
-2.37948 0.0574535
-2.37748 0.0571266
-2.37548 0.0567988
-2.37347 0.0564701
-2.37147 0.0561405
-2.36947 0.05581
-2.36747 0.0554786
-2.36547 0.0551463
-2.36347 0.0548131
-2.36147 0.0544789
-2.35947 0.0541439
-2.35747 0.0538079
-2.35547 0.053471
-2.35347 0.0531332
-2.35147 0.0527946
-2.34947 0.052455
-2.34747 0.0521145
-2.34547 0.0517731
-2.34347 0.0514307
-2.34147 0.0510875
-2.33947 0.0507434
-2.33747 0.0503983
-2.33547 0.0500524
-2.33347 0.0497055
-2.33147 0.0493577
-2.32947 0.0490091
-2.32747 0.0486595
-2.32547 0.048309
-2.32346 0.0479576
-2.32146 0.0476053
-2.31946 0.047252
-2.31746 0.0468979
-2.31546 0.0465429
-2.31346 0.0461869
-2.31146 0.0458301
-2.30946 0.0454723
-2.30746 0.0451136
-2.30546 0.0447541
-2.30346 0.0443936
-2.30146 0.0440322
-2.29946 0.0436699
-2.29746 0.0433067
-2.29546 0.0429425
-2.29346 0.0425775
-2.29146 0.0422116
-2.28946 0.0418447
-2.28746 0.041477
-2.28546 0.0411083
-2.28346 0.0407387
-2.28146 0.0403683
-2.27946 0.0399969
-2.27746 0.0396246
-2.27546 0.0392514
-2.27345 0.0388773
-2.27145 0.0385022
-2.26945 0.0381263
-2.26745 0.0377495
-2.26545 0.0373717
-2.26345 0.0369931
-2.26145 0.0366135
-2.25945 0.036233
-2.25745 0.0358516
-2.25545 0.0354693
-2.25345 0.0350862
-2.25145 0.034702
-2.24945 0.034317
-2.24745 0.0339311
-2.24545 0.0335443
-2.24345 0.0331565
-2.24145 0.0327679
-2.23945 0.0323783
-2.23745 0.0319879
-2.23545 0.0315965
-2.23345 0.0312042
-2.23145 0.030811
-2.22945 0.0304169
-2.22745 0.0300219
-2.22545 0.029626
-2.22344 0.0292292
-2.22144 0.0288314
-2.21944 0.0284328
-2.21744 0.0280333
-2.21544 0.0276328
-2.21344 0.0272314
-2.21144 0.0268292
-2.20944 0.026426
-2.20744 0.0260219
-2.20544 0.0256169
-2.20344 0.025211
-2.20144 0.0248042
-2.19944 0.0243964
-2.19744 0.0239878
-2.19544 0.0235783
-2.19344 0.0231678
-2.19144 0.0227565
-2.18944 0.0223442
-2.18744 0.021931
-2.18544 0.0215169
-2.18344 0.0211019
-2.18144 0.020686
-2.17944 0.0202692
-2.17744 0.0198515
-2.17544 0.0194329
-2.17343 0.0190133
-2.17143 0.0185929
-2.16943 0.0181716
-2.16743 0.0177493
-2.16543 0.0173261
-2.16343 0.0169021
-2.16143 0.0164771
-2.15943 0.0160512
-2.15743 0.0156244
-2.15543 0.0151967
-2.15343 0.014768
-2.15143 0.0143385
-2.14943 0.0139081
-2.14743 0.0134767
-2.14543 0.0130445
-2.14343 0.0126113
-2.14143 0.0121773
-2.13943 0.0117423
-2.13743 0.0113064
-2.13543 0.0108696
-2.13343 0.0104319
-2.13143 0.0099933
-2.12943 0.00955378
-2.12743 0.00911335
-2.12543 0.00867202
-2.12342 0.00822977
-2.12142 0.00778662
-2.11942 0.00734256
-2.11742 0.00689759
-2.11542 0.00645171
-2.11342 0.00600493
-2.11142 0.00555723
-2.10942 0.00510863
-2.10742 0.00465912
-2.10542 0.0042087
-2.10342 0.00375737
-2.10142 0.00330514
-2.09942 0.00285199
-2.09742 0.00239794
-2.09542 0.00194298
-2.09342 0.00148711
-2.09142 0.00103033
-2.08942 0.000572641
-2.08742 0.000114046
-2.08542 -0.000345458
-2.08342 -0.00080587
-2.08142 -0.00126719
-2.07942 -0.00172942
-2.07742 -0.00219256
-2.07542 -0.0026566
-2.07341 -0.00312156
-2.07141 -0.00358742
-2.06941 -0.00405419
-2.06741 -0.00452187
-2.06541 -0.00499046
-2.06341 -0.00545995
-2.06141 -0.00593036
-2.05941 -0.00640167
-2.05741 -0.00687389
-2.05541 -0.00734702
-2.05341 -0.00782106
-2.05141 -0.008296
-2.04941 -0.00877186
-2.04741 -0.00924862
-2.04541 -0.00972629
-2.04341 -0.0102049
-2.04141 -0.0106844
-2.03941 -0.0111648
-2.03741 -0.0116461
-2.03541 -0.0121283
-2.03341 -0.0126114
-2.03141 -0.0130954
-2.02941 -0.0135804
-2.02741 -0.0140662
-2.02541 -0.014553
-2.0234 -0.0150406
-2.0214 -0.0155292
-2.0194 -0.0160187
-2.0174 -0.0165091
-2.0154 -0.0170004
-2.0134 -0.0174926
-2.0114 -0.0179857
-2.0094 -0.0184797
-2.0074 -0.0189746
-2.0054 -0.0194705
-2.0034 -0.0199672
-2.0014 -0.0204649
-1.9994 -0.0209631
-1.9974 -0.021457
-1.9954 -0.0219446
-1.9934 -0.0224261
-1.9914 -0.0229014
-1.9894 -0.0233706
-1.9874 -0.0238336
-1.9854 -0.0242904
-1.9834 -0.0247411
-1.9814 -0.0251856
-1.9794 -0.0256239
-1.9774 -0.0260561
-1.9754 -0.0264821
-1.97339 -0.026902
-1.97139 -0.0273157
-1.96939 -0.0277232
-1.96739 -0.0281246
-1.96539 -0.0285198
-1.96339 -0.0289088
-1.96139 -0.0292917
-1.95939 -0.0296684
-1.95739 -0.0300389
-1.95539 -0.0304033
-1.95339 -0.0307615
-1.95139 -0.0311136
-1.94939 -0.0314595
-1.94739 -0.0317992
-1.94539 -0.0321328
-1.94339 -0.0324602
-1.94139 -0.0327814
-1.93939 -0.0330965
-1.93739 -0.0334054
-1.93539 -0.0337081
-1.93339 -0.0340047
-1.93139 -0.0342951
-1.92939 -0.0345794
-1.92739 -0.0348575
-1.92539 -0.0351294
-1.92338 -0.0353951
-1.92138 -0.0356547
-1.91938 -0.0359082
-1.91738 -0.0361555
-1.91538 -0.0363966
-1.91338 -0.0366315
-1.91138 -0.0368603
-1.90938 -0.0370829
-1.90738 -0.0372994
-1.90538 -0.0375097
-1.90338 -0.0377138
-1.90138 -0.0379118
-1.89938 -0.0381036
-1.89738 -0.0382892
-1.89538 -0.0384687
-1.89338 -0.038642
-1.89138 -0.0388091
-1.88938 -0.0389701
-1.88738 -0.0391249
-1.88538 -0.0392736
-1.88338 -0.0394161
-1.88138 -0.0395524
-1.87938 -0.0396826
-1.87738 -0.0398066
-1.87538 -0.0399244
-1.87337 -0.0400361
-1.87137 -0.0401416
-1.86937 -0.0402409
-1.86737 -0.0403341
-1.86537 -0.0404212
-1.86337 -0.040502
-1.86137 -0.0405767
-1.85937 -0.0406452
-1.85737 -0.0407076
-1.85537 -0.0407638
-1.85337 -0.0408138
-1.85137 -0.0408577
-1.84937 -0.0408954
-1.84737 -0.040927
-1.84537 -0.0409524
-1.84337 -0.0409716
-1.84137 -0.0409846
-1.83937 -0.0409915
-1.83737 -0.0409923
-1.83537 -0.0409868
-1.83337 -0.0409752
-1.83137 -0.0409575
-1.82937 -0.0409336
-1.82737 -0.0409035
-1.82537 -0.0408672
-1.82336 -0.0408248
-1.82136 -0.0407762
-1.81936 -0.0407215
-1.81736 -0.0406606
-1.81536 -0.0405935
-1.81336 -0.0405203
-1.81136 -0.0404409
-1.80936 -0.0403553
-1.80736 -0.0402636
-1.80536 -0.0401657
-1.80336 -0.0400617
-1.80136 -0.0399514
-1.79936 -0.0398351
-1.79736 -0.0397125
-1.79536 -0.0395838
-1.79336 -0.039449
-1.79136 -0.0393079
-1.78936 -0.0391607
-1.78736 -0.0390074
-1.78536 -0.0388478
-1.78336 -0.0386822
-1.78136 -0.0385103
-1.77936 -0.0383323
-1.77736 -0.0381481
-1.77536 -0.0379578
-1.77335 -0.0377613
-1.77135 -0.0375586
-1.76935 -0.0373498
-1.76735 -0.0371348
-1.76535 -0.0369136
-1.76335 -0.0366863
-1.76135 -0.0364528
-1.75935 -0.0362132
-1.75735 -0.0359674
-1.75535 -0.0357154
-1.75335 -0.0354573
-1.75135 -0.035193
-1.74935 -0.0349225
-1.74735 -0.0346459
-1.74535 -0.0343631
-1.74335 -0.0340741
-1.74135 -0.033779
-1.73935 -0.0334777
-1.73735 -0.0331703
-1.73535 -0.0328566
-1.73335 -0.0325369
-1.73135 -0.0322109
-1.72935 -0.0318788
-1.72735 -0.0315406
-1.72535 -0.0311961
-1.72334 -0.0308455
-1.72134 -0.0304888
-1.71934 -0.0301259
-1.71734 -0.0297568
-1.71534 -0.0293815
-1.71334 -0.0290001
-1.71134 -0.0286126
-1.70934 -0.0282188
-1.70734 -0.0278189
-1.70534 -0.0274128
-1.70334 -0.0270006
-1.70134 -0.0265822
-1.69934 -0.0261577
-1.69734 -0.025727
-1.69534 -0.0252901
-1.69334 -0.024847
-1.69134 -0.0243978
-1.68934 -0.0239424
-1.68734 -0.0234809
-1.68534 -0.0230132
-1.68334 -0.0225393
-1.68134 -0.0220593
-1.67934 -0.0215731
-1.67734 -0.0210808
-1.67534 -0.0205823
-1.67333 -0.0200776
-1.67133 -0.0195667
-1.66933 -0.0190497
-1.66733 -0.0185265
-1.66533 -0.0179972
-1.66333 -0.0174617
-1.66133 -0.01692
-1.65933 -0.0163722
-1.65733 -0.0158182
-1.65533 -0.0152581
-1.65333 -0.0146918
-1.65133 -0.0141193
-1.64933 -0.0135406
-1.64733 -0.0129558
-1.64533 -0.0123649
-1.64333 -0.0117677
-1.64133 -0.0111644
-1.63933 -0.010555
-1.63733 -0.00993934
-1.63533 -0.00931755
-1.63333 -0.0086896
-1.63133 -0.00805548
-1.62933 -0.0074152
-1.62733 -0.00676876
-1.62533 -0.00611615
-1.62332 -0.00545738
-1.62132 -0.00479244
-1.61932 -0.00412135
-1.61732 -0.00344408
-1.61532 -0.00276066
-1.61332 -0.00207107
-1.61132 -0.00137532
-1.60932 -0.000673404
-1.60732 3.46747e-05
-1.60532 0.000748917
-1.60332 0.00146932
-1.60132 0.00219589
-1.59932 0.00292863
-1.59732 0.00366752
-1.59532 0.00441258
-1.59332 0.00516381
-1.59132 0.0059212
-1.58932 0.00668475
-1.58732 0.00745446
-1.58532 0.00823034
-1.58332 0.00901238
-1.58132 0.00980059
-1.57932 0.010595
-1.57732 0.0113955
-1.57532 0.0122022
-1.57331 0.013015
-1.57131 0.0138341
-1.56931 0.0146593
-1.56731 0.0154906
-1.56531 0.0163281
-1.56331 0.0171718
-1.56131 0.0180216
-1.55931 0.0188776
-1.55731 0.0197398
-1.55531 0.0206081
-1.55331 0.0214826
-1.55131 0.0223633
-1.54931 0.0232501
-1.54731 0.0241431
-1.54531 0.0250423
-1.54331 0.0259476
-1.54131 0.026859
-1.53931 0.0277767
-1.53731 0.0287005
-1.53531 0.0296305
-1.53331 0.0305666
-1.53131 0.0315089
-1.52931 0.0324573
-1.52731 0.033412
-1.52531 0.0343727
-1.5233 0.0353397
-1.5213 0.0363128
-1.5193 0.0372921
-1.5173 0.0382775
-1.5153 0.0392691
-1.5133 0.0402669
-1.5113 0.0412708
-1.5093 0.0422809
-1.5073 0.0432972
-1.5053 0.0443196
-1.5033 0.0453482
-1.5013 0.0463829
-1.4993 0.0474238
-1.4973 0.0484709
-1.4953 0.0495241
-1.4933 0.0505835
-1.4913 0.0516491
-1.4893 0.0527208
-1.4873 0.0537987
-1.4853 0.0548828
-1.4833 0.055973
-1.4813 0.0570694
-1.4793 0.0581719
-1.4773 0.0592807
-1.4753 0.0603955
-1.47329 0.0615166
-1.47129 0.0626438
-1.46929 0.0637771
-1.46729 0.0649167
-1.46529 0.0660624
-1.46329 0.0672142
-1.46129 0.0683722
-1.45929 0.0695364
-1.45729 0.0707068
-1.45529 0.0718833
-1.45329 0.0730659
-1.45129 0.0742548
-1.44929 0.0754498
-1.44729 0.0766509
-1.44529 0.0778583
-1.44329 0.0790718
-1.44129 0.0802914
-1.43929 0.0815172
-1.43729 0.0827492
-1.43529 0.0839874
-1.43329 0.0852317
-1.43129 0.0864821
-1.42929 0.0877388
-1.42729 0.0890016
-1.42529 0.0902705
-1.42328 0.0915457
-1.42128 0.092827
-1.41928 0.0941144
-1.41728 0.095408
-1.41528 0.0967078
-1.41328 0.0980138
-1.41128 0.0993259
-1.40928 0.100644
-1.40728 0.101969
-1.40528 0.103299
-1.40328 0.104636
-1.40128 0.105979
-1.39928 0.107328
-1.39728 0.108683
-1.39528 0.110045
-1.39328 0.111412
-1.39128 0.112786
-1.38928 0.114166
-1.38728 0.115552
-1.38528 0.116944
-1.38328 0.118343
-1.38128 0.119747
-1.37928 0.121158
-1.37728 0.122575
-1.37528 0.123998
-1.37327 0.125427
-1.37127 0.126862
-1.36927 0.128304
-1.36727 0.129752
-1.36527 0.131205
-1.36327 0.132666
-1.36127 0.134132
-1.35927 0.135604
-1.35727 0.137083
-1.35527 0.138567
-1.35327 0.140058
-1.35127 0.141555
-1.34927 0.143058
-1.34727 0.144568
-1.34527 0.146083
-1.34327 0.147605
-1.34127 0.149133
-1.33927 0.150667
-1.33727 0.152207
-1.33527 0.153753
-1.33327 0.155306
-1.33127 0.156864
-1.32927 0.158429
-1.32727 0.16
-1.32527 0.161577
-1.32326 0.163161
-1.32126 0.16475
-1.31926 0.166346
-1.31726 0.167947
-1.31526 0.169555
-1.31326 0.17117
-1.31126 0.17279
-1.30926 0.174416
-1.30726 0.176049
-1.30526 0.177688
-1.30326 0.179333
-1.30126 0.180984
-1.29926 0.182641
-1.29726 0.184304
-1.29526 0.185974
-1.29326 0.18765
-1.29126 0.189332
-1.28926 0.19102
-1.28726 0.192714
-1.28526 0.194414
-1.28326 0.196121
-1.28126 0.197834
-1.27926 0.199553
-1.27726 0.201278
-1.27526 0.203009
-1.27325 0.204746
-1.27125 0.20649
-1.26925 0.20824
-1.26725 0.209995
-1.26525 0.211758
-1.26325 0.213526
-1.26125 0.2153
-1.25925 0.217081
-1.25725 0.218867
-1.25525 0.22066
-1.25325 0.222459
-1.25125 0.224264
-1.24925 0.226076
-1.24725 0.227893
-1.24525 0.229717
-1.24325 0.231547
-1.24125 0.233383
-1.23925 0.235225
-1.23725 0.237073
-1.23525 0.238928
-1.23325 0.240789
-1.23125 0.242655
-1.22925 0.244528
-1.22725 0.246408
-1.22525 0.248293
-1.22324 0.250184
-1.22124 0.252082
-1.21924 0.253986
-1.21724 0.255896
-1.21524 0.257812
-1.21324 0.259734
-1.21124 0.261663
-1.20924 0.263597
-1.20724 0.265538
-1.20524 0.267485
-1.20324 0.269438
-1.20124 0.271397
-1.19924 0.273363
-1.19724 0.275335
-1.19524 0.277312
-1.19324 0.279296
-1.19124 0.281286
-1.18924 0.283283
-1.18724 0.285285
-1.18524 0.287294
-1.18324 0.289308
-1.18124 0.291329
-1.17924 0.293356
-1.17724 0.29539
-1.17524 0.297429
-1.17323 0.299475
-1.17123 0.301526
-1.16923 0.303584
-1.16723 0.305648
-1.16523 0.307718
-1.16323 0.309795
-1.16123 0.311877
-1.15923 0.313966
-1.15723 0.316061
-1.15523 0.318162
-1.15323 0.320269
-1.15123 0.322383
-1.14923 0.324502
-1.14723 0.326628
-1.14523 0.32876
-1.14323 0.330898
-1.14123 0.333042
-1.13923 0.335192
-1.13723 0.337349
-1.13523 0.339512
-1.13323 0.34168
-1.13123 0.343855
-1.12923 0.346037
-1.12723 0.348224
-1.12523 0.350417
-1.12322 0.352617
-1.12122 0.354823
-1.11922 0.357035
-1.11722 0.359253
-1.11522 0.361477
-1.11322 0.363708
-1.11122 0.365944
-1.10922 0.368187
-1.10722 0.370436
-1.10522 0.372691
-1.10322 0.374953
-1.10122 0.37722
-1.09922 0.379494
-1.09722 0.381774
-1.09522 0.384059
-1.09322 0.386352
-1.09122 0.38865
-1.08922 0.390954
-1.08722 0.393265
-1.08522 0.395582
-1.08322 0.397905
-1.08122 0.400234
-1.07922 0.402569
-1.07722 0.40491
-1.07522 0.407258
-1.07321 0.409612
-1.07121 0.411972
-1.06921 0.414338
-1.06721 0.41671
-1.06521 0.419088
-1.06321 0.421473
-1.06121 0.423864
-1.05921 0.426261
-1.05721 0.428664
-1.05521 0.431073
-1.05321 0.433488
-1.05121 0.43591
-1.04921 0.438337
-1.04721 0.440771
-1.04521 0.443211
-1.04321 0.445658
-1.04121 0.44811
-1.03921 0.450568
-1.03721 0.453033
-1.03521 0.455504
-1.03321 0.457981
-1.03121 0.460464
-1.02921 0.462954
-1.02721 0.465449
-1.02521 0.467951
-1.0232 0.470459
-1.0212 0.472973
-1.0192 0.475493
-1.0172 0.478019
-1.0152 0.480552
-1.0132 0.48309
-1.0112 0.485635
-1.0092 0.488186
-1.0072 0.490743
-1.0052 0.493307
-1.0032 0.495876
-1.0012 0.498452
-0.9992 0.501032
-0.997199 0.503606
-0.995199 0.50617
-0.993199 0.508724
-0.991198 0.511268
-0.989198 0.513803
-0.987197 0.516328
-0.985197 0.518843
-0.983197 0.521348
-0.981196 0.523844
-0.979196 0.52633
-0.977195 0.528806
-0.975195 0.531272
-0.973195 0.533729
-0.971194 0.536176
-0.969194 0.538613
-0.967193 0.541041
-0.965193 0.543458
-0.963193 0.545866
-0.961192 0.548264
-0.959192 0.550653
-0.957191 0.553031
-0.955191 0.5554
-0.953191 0.557759
-0.95119 0.560109
-0.94919 0.562448
-0.947189 0.564778
-0.945189 0.567098
-0.943189 0.569409
-0.941188 0.57171
-0.939188 0.574
-0.937187 0.576282
-0.935187 0.578553
-0.933187 0.580815
-0.931186 0.583067
-0.929186 0.585309
-0.927185 0.587541
-0.925185 0.589764
-0.923185 0.591977
-0.921184 0.59418
-0.919184 0.596373
-0.917183 0.598557
-0.915183 0.600731
-0.913183 0.602895
-0.911182 0.605049
-0.909182 0.607194
-0.907181 0.609329
-0.905181 0.611454
-0.903181 0.61357
-0.90118 0.615675
-0.89918 0.617771
-0.897179 0.619857
-0.895179 0.621934
-0.893179 0.624
-0.891178 0.626057
-0.889178 0.628104
-0.887177 0.630142
-0.885177 0.63217
-0.883177 0.634187
-0.881176 0.636196
-0.879176 0.638194
-0.877175 0.640183
-0.875175 0.642162
-0.873175 0.644131
-0.871174 0.64609
-0.869174 0.64804
-0.867173 0.64998
-0.865173 0.65191
-0.863173 0.65383
-0.861172 0.655741
-0.859172 0.657642
-0.857171 0.659533
-0.855171 0.661415
-0.853171 0.663286
-0.85117 0.665148
-0.84917 0.667
-0.847169 0.668843
-0.845169 0.670675
-0.843169 0.672498
-0.841168 0.674312
-0.839168 0.676115
-0.837167 0.677909
-0.835167 0.679693
-0.833167 0.681467
-0.831166 0.683231
-0.829166 0.684986
-0.827165 0.686731
-0.825165 0.688466
-0.823165 0.690191
-0.821164 0.691907
-0.819164 0.693613
-0.817163 0.695309
-0.815163 0.696996
-0.813163 0.698672
-0.811162 0.700339
-0.809162 0.701996
-0.807161 0.703644
-0.805161 0.705281
-0.803161 0.706909
-0.80116 0.708528
-0.79916 0.710136
-0.797159 0.711735
-0.795159 0.713324
-0.793159 0.714903
-0.791158 0.716472
-0.789158 0.718032
-0.787157 0.719582
-0.785157 0.721122
-0.783157 0.722652
-0.781156 0.724173
-0.779156 0.725684
-0.777155 0.727185
-0.775155 0.728677
-0.773155 0.730158
-0.771154 0.73163
-0.769154 0.733093
-0.767153 0.734545
-0.765153 0.735988
-0.763153 0.737421
-0.761152 0.738844
-0.759152 0.740257
-0.757151 0.741661
-0.755151 0.743055
-0.753151 0.744439
-0.75115 0.745814
-0.74915 0.747178
-0.747149 0.748533
-0.745149 0.749878
-0.743149 0.751214
-0.741148 0.752539
-0.739148 0.753855
-0.737147 0.755162
-0.735147 0.756458
-0.733147 0.757745
-0.731146 0.759022
-0.729146 0.760289
-0.727145 0.761546
-0.725145 0.762794
-0.723145 0.764032
-0.721144 0.76526
-0.719144 0.766479
-0.717143 0.767687
-0.715143 0.768886
-0.713143 0.770076
-0.711142 0.771255
-0.709142 0.772425
-0.707141 0.773585
-0.705141 0.774735
-0.703141 0.775875
-0.70114 0.777006
-0.69914 0.778127
-0.697139 0.779238
-0.695139 0.78034
-0.693139 0.781431
-0.691138 0.782513
-0.689138 0.783585
-0.687137 0.784648
-0.685137 0.785701
-0.683137 0.786744
-0.681136 0.787777
-0.679136 0.7888
-0.677135 0.789814
-0.675135 0.790818
-0.673135 0.791812
-0.671134 0.792797
-0.669134 0.793771
-0.667133 0.794736
-0.665133 0.795691
-0.663133 0.796637
-0.661132 0.797573
-0.659132 0.798499
-0.657131 0.799415
-0.655131 0.800321
-0.653131 0.801218
-0.65113 0.802105
-0.64913 0.802982
-0.647129 0.80385
-0.645129 0.804707
-0.643129 0.805555
-0.641128 0.806393
-0.639128 0.807222
-0.637127 0.808041
-0.635127 0.80885
-0.633127 0.809649
-0.631126 0.810438
-0.629126 0.811218
-0.627125 0.811988
-0.625125 0.812748
-0.623125 0.813499
-0.621124 0.814239
-0.619124 0.81497
-0.617123 0.815692
-0.615123 0.816403
-0.613123 0.817105
-0.611122 0.817797
-0.609122 0.818479
-0.607121 0.819151
-0.605121 0.819814
-0.603121 0.820467
-0.60112 0.82111
-0.59912 0.821744
-0.597119 0.822368
-0.595119 0.822981
-0.593119 0.823586
-0.591118 0.82418
-0.589118 0.824765
-0.587117 0.82534
-0.585117 0.825905
-0.583117 0.826461
-0.581116 0.827006
-0.579116 0.827542
-0.577115 0.828069
-0.575115 0.828585
-0.573115 0.829092
-0.571114 0.829589
-0.569114 0.830076
-0.567113 0.830553
-0.565113 0.831021
-0.563113 0.831479
-0.561112 0.831927
-0.559112 0.832366
-0.557111 0.832795
-0.555111 0.833214
-0.553111 0.833623
-0.55111 0.834022
-0.54911 0.834412
-0.547109 0.834792
-0.545109 0.835162
-0.543109 0.835523
-0.541108 0.835873
-0.539108 0.836214
-0.537107 0.836546
-0.535107 0.836867
-0.533107 0.837179
-0.531106 0.837481
-0.529106 0.837773
-0.527105 0.838056
-0.525105 0.838328
-0.523105 0.838591
-0.521104 0.838845
-0.519104 0.839088
-0.517103 0.839322
-0.515103 0.839546
-0.513103 0.83976
-0.511102 0.839964
-0.509102 0.840159
-0.507101 0.840344
-0.505101 0.840519
-0.503101 0.840685
-0.5011 0.840841
-0.4991 0.840987
-0.497099 0.841123
-0.495099 0.841249
-0.493099 0.841366
-0.491098 0.841473
-0.489098 0.84157
-0.487097 0.841658
-0.485097 0.841736
-0.483097 0.841804
-0.481096 0.841862
-0.479096 0.84191
-0.477095 0.841949
-0.475095 0.841978
-0.473095 0.841997
-0.471094 0.842007
-0.469094 0.842007
-0.467093 0.841997
-0.465093 0.841977
-0.463093 0.841947
-0.461092 0.841908
-0.459092 0.841859
-0.457091 0.8418
-0.455091 0.841732
-0.453091 0.841654
-0.45109 0.841566
-0.44909 0.841468
-0.447089 0.84136
-0.445089 0.841243
-0.443089 0.841116
-0.441088 0.840979
-0.439088 0.840833
-0.437087 0.840677
-0.435087 0.840511
-0.433087 0.840335
-0.431086 0.840149
-0.429086 0.839954
-0.427085 0.839749
-0.425085 0.839534
-0.423085 0.83931
-0.421084 0.839076
-0.419084 0.838832
-0.417083 0.838578
-0.415083 0.838314
-0.413083 0.838041
-0.411082 0.837758
-0.409082 0.837465
-0.407081 0.837163
-0.405081 0.836851
-0.403081 0.836529
-0.40108 0.836197
-0.39908 0.835856
-0.397079 0.835504
-0.395079 0.835143
-0.393079 0.834773
-0.391078 0.834392
-0.389078 0.834002
-0.387077 0.833602
-0.385077 0.833192
-0.383077 0.832773
-0.381076 0.832343
-0.379076 0.831904
-0.377075 0.831456
-0.375075 0.830997
-0.373075 0.830529
-0.371074 0.830051
-0.369074 0.829563
-0.367073 0.829066
-0.365073 0.828559
-0.363073 0.828042
-0.361072 0.827515
-0.359072 0.826978
-0.357071 0.826432
-0.355071 0.825876
-0.353071 0.82531
-0.35107 0.824735
-0.34907 0.82415
-0.347069 0.823555
-0.345069 0.82295
-0.343069 0.822336
-0.341068 0.821711
-0.339068 0.821077
-0.337067 0.820434
-0.335067 0.81978
-0.333067 0.819117
-0.331066 0.818444
-0.329066 0.817761
-0.327065 0.817069
-0.325065 0.816366
-0.323065 0.815655
-0.321064 0.814933
-0.319064 0.814201
-0.317063 0.81346
-0.315063 0.812709
-0.313063 0.811948
-0.311062 0.811178
-0.309062 0.810398
-0.307061 0.809608
-0.305061 0.808808
-0.303061 0.807999
-0.30106 0.807179
-0.29906 0.80635
-0.297059 0.805512
-0.295059 0.804663
-0.293059 0.803805
-0.291058 0.802937
-0.289058 0.802059
-0.287057 0.801172
-0.285057 0.800275
-0.283057 0.799368
-0.281056 0.798451
-0.279056 0.797524
-0.277055 0.796588
-0.275055 0.795642
-0.273055 0.794687
-0.271054 0.793721
-0.269054 0.792746
-0.267053 0.791761
-0.265053 0.790766
-0.263053 0.789762
-0.261052 0.788748
-0.259052 0.787724
-0.257051 0.78669
-0.255051 0.785646
-0.253051 0.784593
-0.25105 0.78353
-0.24905 0.782458
-0.247049 0.781375
-0.245049 0.780283
-0.243049 0.779181
-0.241048 0.778069
-0.239048 0.776948
-0.237047 0.775817
-0.235047 0.774676
-0.233047 0.773525
-0.231046 0.772364
-0.229046 0.771194
-0.227045 0.770014
-0.225045 0.768825
-0.223045 0.767625
-0.221044 0.766416
-0.219044 0.765197
-0.217043 0.763968
-0.215043 0.76273
-0.213043 0.761482
-0.211042 0.760224
-0.209042 0.758956
-0.207041 0.757678
-0.205041 0.756391
-0.203041 0.755094
-0.20104 0.753788
-0.19904 0.752471
-0.197039 0.751145
-0.195039 0.749809
-0.193039 0.748463
-0.191038 0.747108
-0.189038 0.745743
-0.187037 0.744368
-0.185037 0.742983
-0.183037 0.741589
-0.181036 0.740184
-0.179036 0.73877
-0.177035 0.737347
-0.175035 0.735913
-0.173035 0.73447
-0.171034 0.733017
-0.169034 0.731555
-0.167033 0.730082
-0.165033 0.7286
-0.163033 0.727108
-0.161032 0.725606
-0.159032 0.724095
-0.157031 0.722574
-0.155031 0.721043
-0.153031 0.719502
-0.15103 0.717952
-0.14903 0.716391
-0.147029 0.714821
-0.145029 0.713242
-0.143029 0.711652
-0.141028 0.710053
-0.139028 0.708444
-0.137027 0.706825
-0.135027 0.705197
-0.133027 0.703559
-0.131026 0.701911
-0.129026 0.700253
-0.127025 0.698586
-0.125025 0.696909
-0.123025 0.695222
-0.121024 0.693525
-0.119024 0.691819
-0.117023 0.690102
-0.115023 0.688376
-0.113023 0.686641
-0.111022 0.684895
-0.109022 0.68314
-0.107021 0.681375
-0.105021 0.679601
-0.103021 0.677816
-0.10102 0.676022
-0.0990198 0.674218
-0.0970194 0.672404
-0.095019 0.670581
-0.0930186 0.668748
-0.0910182 0.666905
-0.0890178 0.665052
-0.0870174 0.66319
-0.085017 0.661318
-0.0830166 0.659436
-0.0810162 0.657544
-0.0790158 0.655642
-0.0770154 0.653731
-0.075015 0.65181
-0.0730146 0.64988
-0.0710142 0.647939
-0.0690138 0.645989
-0.0670134 0.644029
-0.065013 0.64206
-0.0630126 0.64008
-0.0610122 0.638091
-0.0590118 0.636092
-0.0570114 0.634083
-0.055011 0.632065
-0.0530106 0.630037
-0.0510102 0.627999
-0.0490098 0.625951
-0.0470094 0.623894
-0.045009 0.621827
-0.0430086 0.61975
-0.0410082 0.617663
-0.0390078 0.615567
-0.0370074 0.61346
-0.035007 0.611344
-0.0330066 0.609219
-0.0310062 0.607083
-0.0290058 0.604938
-0.0270054 0.602783
-0.025005 0.600619
-0.0230046 0.598444
-0.0210042 0.59626
-0.0190038 0.594066
-0.0170034 0.591863
-0.015003 0.589649
-0.0130026 0.587426
-0.0110022 0.585193
-0.0090018 0.58295
-0.0070014 0.580698
-0.005001 0.578436
-0.0030006 0.576164
-0.0010002 0.573882
0.0010002 0.573882
0.0030006 0.576164
0.005001 0.578436
0.0070014 0.580698
0.0090018 0.58295
0.0110022 0.585193
0.0130026 0.587426
0.015003 0.589649
0.0170034 0.591863
0.0190038 0.594066
0.0210042 0.59626
0.0230046 0.598444
0.025005 0.600619
0.0270054 0.602783
0.0290058 0.604938
0.0310062 0.607083
0.0330066 0.609219
0.035007 0.611344
0.0370074 0.61346
0.0390078 0.615567
0.0410082 0.617663
0.0430086 0.61975
0.045009 0.621827
0.0470094 0.623894
0.0490098 0.625951
0.0510102 0.627999
0.0530106 0.630037
0.055011 0.632065
0.0570114 0.634083
0.0590118 0.636092
0.0610122 0.638091
0.0630126 0.64008
0.065013 0.64206
0.0670134 0.644029
0.0690138 0.645989
0.0710142 0.647939
0.0730146 0.64988
0.075015 0.65181
0.0770154 0.653731
0.0790158 0.655642
0.0810162 0.657544
0.0830166 0.659436
0.085017 0.661318
0.0870174 0.66319
0.0890178 0.665052
0.0910182 0.666905
0.0930186 0.668748
0.095019 0.670581
0.0970194 0.672404
0.0990198 0.674218
0.10102 0.676022
0.103021 0.677816
0.105021 0.679601
0.107021 0.681375
0.109022 0.68314
0.111022 0.684895
0.113023 0.686641
0.115023 0.688376
0.117023 0.690102
0.119024 0.691819
0.121024 0.693525
0.123025 0.695222
0.125025 0.696909
0.127025 0.698586
0.129026 0.700253
0.131026 0.701911
0.133027 0.703559
0.135027 0.705197
0.137027 0.706825
0.139028 0.708444
0.141028 0.710053
0.143029 0.711652
0.145029 0.713242
0.147029 0.714821
0.14903 0.716391
0.15103 0.717952
0.153031 0.719502
0.155031 0.721043
0.157031 0.722574
0.159032 0.724095
0.161032 0.725606
0.163033 0.727108
0.165033 0.7286
0.167033 0.730082
0.169034 0.731555
0.171034 0.733017
0.173035 0.73447
0.175035 0.735913
0.177035 0.737347
0.179036 0.73877
0.181036 0.740184
0.183037 0.741589
0.185037 0.742983
0.187037 0.744368
0.189038 0.745743
0.191038 0.747108
0.193039 0.748463
0.195039 0.749809
0.197039 0.751145
0.19904 0.752471
0.20104 0.753788
0.203041 0.755094
0.205041 0.756391
0.207041 0.757678
0.209042 0.758956
0.211042 0.760224
0.213043 0.761482
0.215043 0.76273
0.217043 0.763968
0.219044 0.765197
0.221044 0.766416
0.223045 0.767625
0.225045 0.768825
0.227045 0.770014
0.229046 0.771194
0.231046 0.772364
0.233047 0.773525
0.235047 0.774676
0.237047 0.775817
0.239048 0.776948
0.241048 0.778069
0.243049 0.779181
0.245049 0.780283
0.247049 0.781375
0.24905 0.782458
0.25105 0.78353
0.253051 0.784593
0.255051 0.785646
0.257051 0.78669
0.259052 0.787724
0.261052 0.788748
0.263053 0.789762
0.265053 0.790766
0.267053 0.791761
0.269054 0.792746
0.271054 0.793721
0.273055 0.794687
0.275055 0.795642
0.277055 0.796588
0.279056 0.797524
0.281056 0.798451
0.283057 0.799368
0.285057 0.800275
0.287057 0.801172
0.289058 0.802059
0.291058 0.802937
0.293059 0.803805
0.295059 0.804663
0.297059 0.805512
0.29906 0.80635
0.30106 0.807179
0.303061 0.807999
0.305061 0.808808
0.307061 0.809608
0.309062 0.810398
0.311062 0.811178
0.313063 0.811948
0.315063 0.812709
0.317063 0.81346
0.319064 0.814201
0.321064 0.814933
0.323065 0.815655
0.325065 0.816366
0.327065 0.817069
0.329066 0.817761
0.331066 0.818444
0.333067 0.819117
0.335067 0.81978
0.337067 0.820434
0.339068 0.821077
0.341068 0.821711
0.343069 0.822336
0.345069 0.82295
0.347069 0.823555
0.34907 0.82415
0.35107 0.824735
0.353071 0.82531
0.355071 0.825876
0.357071 0.826432
0.359072 0.826978
0.361072 0.827515
0.363073 0.828042
0.365073 0.828559
0.367073 0.829066
0.369074 0.829563
0.371074 0.830051
0.373075 0.830529
0.375075 0.830997
0.377075 0.831456
0.379076 0.831904
0.381076 0.832343
0.383077 0.832773
0.385077 0.833192
0.387077 0.833602
0.389078 0.834002
0.391078 0.834392
0.393079 0.834773
0.395079 0.835143
0.397079 0.835504
0.39908 0.835856
0.40108 0.836197
0.403081 0.836529
0.405081 0.836851
0.407081 0.837163
0.409082 0.837465
0.411082 0.837758
0.413083 0.838041
0.415083 0.838314
0.417083 0.838578
0.419084 0.838832
0.421084 0.839076
0.423085 0.83931
0.425085 0.839534
0.427085 0.839749
0.429086 0.839954
0.431086 0.840149
0.433087 0.840335
0.435087 0.840511
0.437087 0.840677
0.439088 0.840833
0.441088 0.840979
0.443089 0.841116
0.445089 0.841243
0.447089 0.84136
0.44909 0.841468
0.45109 0.841566
0.453091 0.841654
0.455091 0.841732
0.457091 0.8418
0.459092 0.841859
0.461092 0.841908
0.463093 0.841947
0.465093 0.841977
0.467093 0.841997
0.469094 0.842007
0.471094 0.842007
0.473095 0.841997
0.475095 0.841978
0.477095 0.841949
0.479096 0.84191
0.481096 0.841862
0.483097 0.841804
0.485097 0.841736
0.487097 0.841658
0.489098 0.84157
0.491098 0.841473
0.493099 0.841366
0.495099 0.841249
0.497099 0.841123
0.4991 0.840987
0.5011 0.840841
0.503101 0.840685
0.505101 0.840519
0.507101 0.840344
0.509102 0.840159
0.511102 0.839964
0.513103 0.83976
0.515103 0.839546
0.517103 0.839322
0.519104 0.839088
0.521104 0.838845
0.523105 0.838591
0.525105 0.838328
0.527105 0.838056
0.529106 0.837773
0.531106 0.837481
0.533107 0.837179
0.535107 0.836867
0.537107 0.836546
0.539108 0.836214
0.541108 0.835873
0.543109 0.835523
0.545109 0.835162
0.547109 0.834792
0.54911 0.834412
0.55111 0.834022
0.553111 0.833623
0.555111 0.833214
0.557111 0.832795
0.559112 0.832366
0.561112 0.831927
0.563113 0.831479
0.565113 0.831021
0.567113 0.830553
0.569114 0.830076
0.571114 0.829589
0.573115 0.829092
0.575115 0.828585
0.577115 0.828069
0.579116 0.827542
0.581116 0.827006
0.583117 0.826461
0.585117 0.825905
0.587117 0.82534
0.589118 0.824765
0.591118 0.82418
0.593119 0.823586
0.595119 0.822981
0.597119 0.822368
0.59912 0.821744
0.60112 0.82111
0.603121 0.820467
0.605121 0.819814
0.607121 0.819151
0.609122 0.818479
0.611122 0.817797
0.613123 0.817105
0.615123 0.816403
0.617123 0.815692
0.619124 0.81497
0.621124 0.814239
0.623125 0.813499
0.625125 0.812748
0.627125 0.811988
0.629126 0.811218
0.631126 0.810438
0.633127 0.809649
0.635127 0.80885
0.637127 0.808041
0.639128 0.807222
0.641128 0.806393
0.643129 0.805555
0.645129 0.804707
0.647129 0.80385
0.64913 0.802982
0.65113 0.802105
0.653131 0.801218
0.655131 0.800321
0.657131 0.799415
0.659132 0.798499
0.661132 0.797573
0.663133 0.796637
0.665133 0.795691
0.667133 0.794736
0.669134 0.793771
0.671134 0.792797
0.673135 0.791812
0.675135 0.790818
0.677135 0.789814
0.679136 0.7888
0.681136 0.787777
0.683137 0.786744
0.685137 0.785701
0.687137 0.784648
0.689138 0.783585
0.691138 0.782513
0.693139 0.781431
0.695139 0.78034
0.697139 0.779238
0.69914 0.778127
0.70114 0.777006
0.703141 0.775875
0.705141 0.774735
0.707141 0.773585
0.709142 0.772425
0.711142 0.771255
0.713143 0.770076
0.715143 0.768886
0.717143 0.767687
0.719144 0.766479
0.721144 0.76526
0.723145 0.764032
0.725145 0.762794
0.727145 0.761546
0.729146 0.760289
0.731146 0.759022
0.733147 0.757745
0.735147 0.756458
0.737147 0.755162
0.739148 0.753855
0.741148 0.752539
0.743149 0.751214
0.745149 0.749878
0.747149 0.748533
0.74915 0.747178
0.75115 0.745814
0.753151 0.744439
0.755151 0.743055
0.757151 0.741661
0.759152 0.740257
0.761152 0.738844
0.763153 0.737421
0.765153 0.735988
0.767153 0.734545
0.769154 0.733093
0.771154 0.73163
0.773155 0.730158
0.775155 0.728677
0.777155 0.727185
0.779156 0.725684
0.781156 0.724173
0.783157 0.722652
0.785157 0.721122
0.787157 0.719582
0.789158 0.718032
0.791158 0.716472
0.793159 0.714903
0.795159 0.713324
0.797159 0.711735
0.79916 0.710136
0.80116 0.708528
0.803161 0.706909
0.805161 0.705281
0.807161 0.703644
0.809162 0.701996
0.811162 0.700339
0.813163 0.698672
0.815163 0.696996
0.817163 0.695309
0.819164 0.693613
0.821164 0.691907
0.823165 0.690191
0.825165 0.688466
0.827165 0.686731
0.829166 0.684986
0.831166 0.683231
0.833167 0.681467
0.835167 0.679693
0.837167 0.677909
0.839168 0.676115
0.841168 0.674312
0.843169 0.672498
0.845169 0.670675
0.847169 0.668843
0.84917 0.667
0.85117 0.665148
0.853171 0.663286
0.855171 0.661415
0.857171 0.659533
0.859172 0.657642
0.861172 0.655741
0.863173 0.65383
0.865173 0.65191
0.867173 0.64998
0.869174 0.64804
0.871174 0.64609
0.873175 0.644131
0.875175 0.642162
0.877175 0.640183
0.879176 0.638194
0.881176 0.636196
0.883177 0.634187
0.885177 0.63217
0.887177 0.630142
0.889178 0.628104
0.891178 0.626057
0.893179 0.624
0.895179 0.621934
0.897179 0.619857
0.89918 0.617771
0.90118 0.615675
0.903181 0.61357
0.905181 0.611454
0.907181 0.609329
0.909182 0.607194
0.911182 0.605049
0.913183 0.602895
0.915183 0.600731
0.917183 0.598557
0.919184 0.596373
0.921184 0.59418
0.923185 0.591977
0.925185 0.589764
0.927185 0.587541
0.929186 0.585309
0.931186 0.583067
0.933187 0.580815
0.935187 0.578553
0.937187 0.576282
0.939188 0.574
0.941188 0.57171
0.943189 0.569409
0.945189 0.567098
0.947189 0.564778
0.94919 0.562448
0.95119 0.560109
0.953191 0.557759
0.955191 0.5554
0.957191 0.553031
0.959192 0.550653
0.961192 0.548264
0.963193 0.545866
0.965193 0.543458
0.967193 0.541041
0.969194 0.538613
0.971194 0.536176
0.973195 0.533729
0.975195 0.531272
0.977195 0.528806
0.979196 0.52633
0.981196 0.523844
0.983197 0.521348
0.985197 0.518843
0.987197 0.516328
0.989198 0.513803
0.991198 0.511268
0.993199 0.508724
0.995199 0.50617
0.997199 0.503606
0.9992 0.501032
1.0012 0.498452
1.0032 0.495876
1.0052 0.493307
1.0072 0.490743
1.0092 0.488186
1.0112 0.485635
1.0132 0.48309
1.0152 0.480552
1.0172 0.478019
1.0192 0.475493
1.0212 0.472973
1.0232 0.470459
1.02521 0.467951
1.02721 0.465449
1.02921 0.462954
1.03121 0.460464
1.03321 0.457981
1.03521 0.455504
1.03721 0.453033
1.03921 0.450568
1.04121 0.44811
1.04321 0.445658
1.04521 0.443211
1.04721 0.440771
1.04921 0.438337
1.05121 0.43591
1.05321 0.433488
1.05521 0.431073
1.05721 0.428664
1.05921 0.426261
1.06121 0.423864
1.06321 0.421473
1.06521 0.419088
1.06721 0.41671
1.06921 0.414338
1.07121 0.411972
1.07321 0.409612
1.07522 0.407258
1.07722 0.40491
1.07922 0.402569
1.08122 0.400234
1.08322 0.397905
1.08522 0.395582
1.08722 0.393265
1.08922 0.390954
1.09122 0.38865
1.09322 0.386352
1.09522 0.384059
1.09722 0.381774
1.09922 0.379494
1.10122 0.37722
1.10322 0.374953
1.10522 0.372691
1.10722 0.370436
1.10922 0.368187
1.11122 0.365944
1.11322 0.363708
1.11522 0.361477
1.11722 0.359253
1.11922 0.357035
1.12122 0.354823
1.12322 0.352617
1.12523 0.350417
1.12723 0.348224
1.12923 0.346037
1.13123 0.343855
1.13323 0.34168
1.13523 0.339512
1.13723 0.337349
1.13923 0.335192
1.14123 0.333042
1.14323 0.330898
1.14523 0.32876
1.14723 0.326628
1.14923 0.324502
1.15123 0.322383
1.15323 0.320269
1.15523 0.318162
1.15723 0.316061
1.15923 0.313966
1.16123 0.311877
1.16323 0.309795
1.16523 0.307718
1.16723 0.305648
1.16923 0.303584
1.17123 0.301526
1.17323 0.299475
1.17524 0.297429
1.17724 0.29539
1.17924 0.293356
1.18124 0.291329
1.18324 0.289308
1.18524 0.287294
1.18724 0.285285
1.18924 0.283283
1.19124 0.281286
1.19324 0.279296
1.19524 0.277312
1.19724 0.275335
1.19924 0.273363
1.20124 0.271397
1.20324 0.269438
1.20524 0.267485
1.20724 0.265538
1.20924 0.263597
1.21124 0.261663
1.21324 0.259734
1.21524 0.257812
1.21724 0.255896
1.21924 0.253986
1.22124 0.252082
1.22324 0.250184
1.22525 0.248293
1.22725 0.246408
1.22925 0.244528
1.23125 0.242655
1.23325 0.240789
1.23525 0.238928
1.23725 0.237073
1.23925 0.235225
1.24125 0.233383
1.24325 0.231547
1.24525 0.229717
1.24725 0.227893
1.24925 0.226076
1.25125 0.224264
1.25325 0.222459
1.25525 0.22066
1.25725 0.218867
1.25925 0.217081
1.26125 0.2153
1.26325 0.213526
1.26525 0.211758
1.26725 0.209995
1.26925 0.20824
1.27125 0.20649
1.27325 0.204746
1.27526 0.203009
1.27726 0.201278
1.27926 0.199553
1.28126 0.197834
1.28326 0.196121
1.28526 0.194414
1.28726 0.192714
1.28926 0.19102
1.29126 0.189332
1.29326 0.18765
1.29526 0.185974
1.29726 0.184304
1.29926 0.182641
1.30126 0.180984
1.30326 0.179333
1.30526 0.177688
1.30726 0.176049
1.30926 0.174416
1.31126 0.17279
1.31326 0.17117
1.31526 0.169555
1.31726 0.167947
1.31926 0.166346
1.32126 0.16475
1.32326 0.163161
1.32527 0.161577
1.32727 0.16
1.32927 0.158429
1.33127 0.156864
1.33327 0.155306
1.33527 0.153753
1.33727 0.152207
1.33927 0.150667
1.34127 0.149133
1.34327 0.147605
1.34527 0.146083
1.34727 0.144568
1.34927 0.143058
1.35127 0.141555
1.35327 0.140058
1.35527 0.138567
1.35727 0.137083
1.35927 0.135604
1.36127 0.134132
1.36327 0.132666
1.36527 0.131205
1.36727 0.129752
1.36927 0.128304
1.37127 0.126862
1.37327 0.125427
1.37528 0.123998
1.37728 0.122575
1.37928 0.121158
1.38128 0.119747
1.38328 0.118343
1.38528 0.116944
1.38728 0.115552
1.38928 0.114166
1.39128 0.112786
1.39328 0.111412
1.39528 0.110045
1.39728 0.108683
1.39928 0.107328
1.40128 0.105979
1.40328 0.104636
1.40528 0.103299
1.40728 0.101969
1.40928 0.100644
1.41128 0.0993259
1.41328 0.0980138
1.41528 0.0967078
1.41728 0.095408
1.41928 0.0941144
1.42128 0.092827
1.42328 0.0915457
1.42529 0.0902705
1.42729 0.0890016
1.42929 0.0877388
1.43129 0.0864821
1.43329 0.0852317
1.43529 0.0839874
1.43729 0.0827492
1.43929 0.0815172
1.44129 0.0802914
1.44329 0.0790718
1.44529 0.0778583
1.44729 0.0766509
1.44929 0.0754498
1.45129 0.0742548
1.45329 0.0730659
1.45529 0.0718833
1.45729 0.0707068
1.45929 0.0695364
1.46129 0.0683722
1.46329 0.0672142
1.46529 0.0660624
1.46729 0.0649167
1.46929 0.0637771
1.47129 0.0626438
1.47329 0.0615166
1.4753 0.0603955
1.4773 0.0592807
1.4793 0.0581719
1.4813 0.0570694
1.4833 0.055973
1.4853 0.0548828
1.4873 0.0537987
1.4893 0.0527208
1.4913 0.0516491
1.4933 0.0505835
1.4953 0.0495241
1.4973 0.0484709
1.4993 0.0474238
1.5013 0.0463829
1.5033 0.0453482
1.5053 0.0443196
1.5073 0.0432972
1.5093 0.0422809
1.5113 0.0412708
1.5133 0.0402669
1.5153 0.0392691
1.5173 0.0382775
1.5193 0.0372921
1.5213 0.0363128
1.5233 0.0353397
1.52531 0.0343727
1.52731 0.033412
1.52931 0.0324573
1.53131 0.0315089
1.53331 0.0305666
1.53531 0.0296305
1.53731 0.0287005
1.53931 0.0277767
1.54131 0.026859
1.54331 0.0259476
1.54531 0.0250423
1.54731 0.0241431
1.54931 0.0232501
1.55131 0.0223633
1.55331 0.0214826
1.55531 0.0206081
1.55731 0.0197398
1.55931 0.0188776
1.56131 0.0180216
1.56331 0.0171718
1.56531 0.0163281
1.56731 0.0154906
1.56931 0.0146593
1.57131 0.0138341
1.57331 0.013015
1.57532 0.0122022
1.57732 0.0113955
1.57932 0.010595
1.58132 0.00980059
1.58332 0.00901238
1.58532 0.00823034
1.58732 0.00745446
1.58932 0.00668475
1.59132 0.0059212
1.59332 0.00516381
1.59532 0.00441258
1.59732 0.00366752
1.59932 0.00292863
1.60132 0.00219589
1.60332 0.00146932
1.60532 0.000748917
1.60732 3.46747e-05
1.60932 -0.000673404
1.61132 -0.00137532
1.61332 -0.00207107
1.61532 -0.00276066
1.61732 -0.00344408
1.61932 -0.00412135
1.62132 -0.00479244
1.62332 -0.00545738
1.62533 -0.00611615
1.62733 -0.00676876
1.62933 -0.0074152
1.63133 -0.00805548
1.63333 -0.0086896
1.63533 -0.00931755
1.63733 -0.00993934
1.63933 -0.010555
1.64133 -0.0111644
1.64333 -0.0117677
1.64533 -0.0123649
1.64733 -0.0129558
1.64933 -0.0135406
1.65133 -0.0141193
1.65333 -0.0146918
1.65533 -0.0152581
1.65733 -0.0158182
1.65933 -0.0163722
1.66133 -0.01692
1.66333 -0.0174617
1.66533 -0.0179972
1.66733 -0.0185265
1.66933 -0.0190497
1.67133 -0.0195667
1.67333 -0.0200776
1.67534 -0.0205823
1.67734 -0.0210808
1.67934 -0.0215731
1.68134 -0.0220593
1.68334 -0.0225393
1.68534 -0.0230132
1.68734 -0.0234809
1.68934 -0.0239424
1.69134 -0.0243978
1.69334 -0.024847
1.69534 -0.0252901
1.69734 -0.025727
1.69934 -0.0261577
1.70134 -0.0265822
1.70334 -0.0270006
1.70534 -0.0274128
1.70734 -0.0278189
1.70934 -0.0282188
1.71134 -0.0286126
1.71334 -0.0290001
1.71534 -0.0293815
1.71734 -0.0297568
1.71934 -0.0301259
1.72134 -0.0304888
1.72334 -0.0308455
1.72535 -0.0311961
1.72735 -0.0315406
1.72935 -0.0318788
1.73135 -0.0322109
1.73335 -0.0325369
1.73535 -0.0328566
1.73735 -0.0331703
1.73935 -0.0334777
1.74135 -0.033779
1.74335 -0.0340741
1.74535 -0.0343631
1.74735 -0.0346459
1.74935 -0.0349225
1.75135 -0.035193
1.75335 -0.0354573
1.75535 -0.0357154
1.75735 -0.0359674
1.75935 -0.0362132
1.76135 -0.0364528
1.76335 -0.0366863
1.76535 -0.0369136
1.76735 -0.0371348
1.76935 -0.0373498
1.77135 -0.0375586
1.77335 -0.0377613
1.77536 -0.0379578
1.77736 -0.0381481
1.77936 -0.0383323
1.78136 -0.0385103
1.78336 -0.0386822
1.78536 -0.0388478
1.78736 -0.0390074
1.78936 -0.0391607
1.79136 -0.0393079
1.79336 -0.039449
1.79536 -0.0395838
1.79736 -0.0397125
1.79936 -0.0398351
1.80136 -0.0399514
1.80336 -0.0400617
1.80536 -0.0401657
1.80736 -0.0402636
1.80936 -0.0403553
1.81136 -0.0404409
1.81336 -0.0405203
1.81536 -0.0405935
1.81736 -0.0406606
1.81936 -0.0407215
1.82136 -0.0407762
1.82336 -0.0408248
1.82537 -0.0408672
1.82737 -0.0409035
1.82937 -0.0409336
1.83137 -0.0409575
1.83337 -0.0409752
1.83537 -0.0409868
1.83737 -0.0409923
1.83937 -0.0409915
1.84137 -0.0409846
1.84337 -0.0409716
1.84537 -0.0409524
1.84737 -0.040927
1.84937 -0.0408954
1.85137 -0.0408577
1.85337 -0.0408138
1.85537 -0.0407638
1.85737 -0.0407076
1.85937 -0.0406452
1.86137 -0.0405767
1.86337 -0.040502
1.86537 -0.0404212
1.86737 -0.0403341
1.86937 -0.0402409
1.87137 -0.0401416
1.87337 -0.0400361
1.87538 -0.0399244
1.87738 -0.0398066
1.87938 -0.0396826
1.88138 -0.0395524
1.88338 -0.0394161
1.88538 -0.0392736
1.88738 -0.0391249
1.88938 -0.0389701
1.89138 -0.0388091
1.89338 -0.038642
1.89538 -0.0384687
1.89738 -0.0382892
1.89938 -0.0381036
1.90138 -0.0379118
1.90338 -0.0377138
1.90538 -0.0375097
1.90738 -0.0372994
1.90938 -0.0370829
1.91138 -0.0368603
1.91338 -0.0366315
1.91538 -0.0363966
1.91738 -0.0361555
1.91938 -0.0359082
1.92138 -0.0356547
1.92338 -0.0353951
1.92539 -0.0351294
1.92739 -0.0348575
1.92939 -0.0345794
1.93139 -0.0342951
1.93339 -0.0340047
1.93539 -0.0337081
1.93739 -0.0334054
1.93939 -0.0330965
1.94139 -0.0327814
1.94339 -0.0324602
1.94539 -0.0321328
1.94739 -0.0317992
1.94939 -0.0314595
1.95139 -0.0311136
1.95339 -0.0307615
1.95539 -0.0304033
1.95739 -0.0300389
1.95939 -0.0296684
1.96139 -0.0292917
1.96339 -0.0289088
1.96539 -0.0285198
1.96739 -0.0281246
1.96939 -0.0277232
1.97139 -0.0273157
1.97339 -0.026902
1.9754 -0.0264821
1.9774 -0.0260561
1.9794 -0.0256239
1.9814 -0.0251856
1.9834 -0.0247411
1.9854 -0.0242904
1.9874 -0.0238336
1.9894 -0.0233706
1.9914 -0.0229014
1.9934 -0.0224261
1.9954 -0.0219446
1.9974 -0.021457
1.9994 -0.0209631
2.0014 -0.0204649
2.0034 -0.0199672
2.0054 -0.0194705
2.0074 -0.0189746
2.0094 -0.0184797
2.0114 -0.0179857
2.0134 -0.0174926
2.0154 -0.0170004
2.0174 -0.0165091
2.0194 -0.0160187
2.0214 -0.0155292
2.0234 -0.0150406
2.02541 -0.014553
2.02741 -0.0140662
2.02941 -0.0135804
2.03141 -0.0130954
2.03341 -0.0126114
2.03541 -0.0121283
2.03741 -0.0116461
2.03941 -0.0111648
2.04141 -0.0106844
2.04341 -0.0102049
2.04541 -0.00972629
2.04741 -0.00924862
2.04941 -0.00877186
2.05141 -0.008296
2.05341 -0.00782106
2.05541 -0.00734702
2.05741 -0.00687389
2.05941 -0.00640167
2.06141 -0.00593036
2.06341 -0.00545995
2.06541 -0.00499046
2.06741 -0.00452187
2.06941 -0.00405419
2.07141 -0.00358742
2.07341 -0.00312156
2.07542 -0.0026566
2.07742 -0.00219256
2.07942 -0.00172942
2.08142 -0.00126719
2.08342 -0.00080587
2.08542 -0.000345458
2.08742 0.000114046
2.08942 0.000572641
2.09142 0.00103033
2.09342 0.00148711
2.09542 0.00194298
2.09742 0.00239794
2.09942 0.00285199
2.10142 0.00330514
2.10342 0.00375737
2.10542 0.0042087
2.10742 0.00465912
2.10942 0.00510863
2.11142 0.00555723
2.11342 0.00600493
2.11542 0.00645171
2.11742 0.00689759
2.11942 0.00734256
2.12142 0.00778662
2.12342 0.00822977
2.12543 0.00867202
2.12743 0.00911335
2.12943 0.00955378
2.13143 0.0099933
2.13343 0.0104319
2.13543 0.0108696
2.13743 0.0113064
2.13943 0.0117423
2.14143 0.0121773
2.14343 0.0126113
2.14543 0.0130445
2.14743 0.0134767
2.14943 0.0139081
2.15143 0.0143385
2.15343 0.014768
2.15543 0.0151967
2.15743 0.0156244
2.15943 0.0160512
2.16143 0.0164771
2.16343 0.0169021
2.16543 0.0173261
2.16743 0.0177493
2.16943 0.0181716
2.17143 0.0185929
2.17343 0.0190133
2.17544 0.0194329
2.17744 0.0198515
2.17944 0.0202692
2.18144 0.020686
2.18344 0.0211019
2.18544 0.0215169
2.18744 0.021931
2.18944 0.0223442
2.19144 0.0227565
2.19344 0.0231678
2.19544 0.0235783
2.19744 0.0239878
2.19944 0.0243964
2.20144 0.0248042
2.20344 0.025211
2.20544 0.0256169
2.20744 0.0260219
2.20944 0.026426
2.21144 0.0268292
2.21344 0.0272314
2.21544 0.0276328
2.21744 0.0280333
2.21944 0.0284328
2.22144 0.0288314
2.22344 0.0292292
2.22545 0.029626
2.22745 0.0300219
2.22945 0.0304169
2.23145 0.030811
2.23345 0.0312042
2.23545 0.0315965
2.23745 0.0319879
2.23945 0.0323783
2.24145 0.0327679
2.24345 0.0331565
2.24545 0.0335443
2.24745 0.0339311
2.24945 0.034317
2.25145 0.034702
2.25345 0.0350862
2.25545 0.0354693
2.25745 0.0358516
2.25945 0.036233
2.26145 0.0366135
2.26345 0.0369931
2.26545 0.0373717
2.26745 0.0377495
2.26945 0.0381263
2.27145 0.0385022
2.27345 0.0388773
2.27546 0.0392514
2.27746 0.0396246
2.27946 0.0399969
2.28146 0.0403683
2.28346 0.0407387
2.28546 0.0411083
2.28746 0.041477
2.28946 0.0418447
2.29146 0.0422116
2.29346 0.0425775
2.29546 0.0429425
2.29746 0.0433067
2.29946 0.0436699
2.30146 0.0440322
2.30346 0.0443936
2.30546 0.0447541
2.30746 0.0451136
2.30946 0.0454723
2.31146 0.0458301
2.31346 0.0461869
2.31546 0.0465429
2.31746 0.0468979
2.31946 0.047252
2.32146 0.0476053
2.32346 0.0479576
2.32547 0.048309
2.32747 0.0486595
2.32947 0.0490091
2.33147 0.0493577
2.33347 0.0497055
2.33547 0.0500524
2.33747 0.0503983
2.33947 0.0507434
2.34147 0.0510875
2.34347 0.0514307
2.34547 0.0517731
2.34747 0.0521145
2.34947 0.052455
2.35147 0.0527946
2.35347 0.0531332
2.35547 0.053471
2.35747 0.0538079
2.35947 0.0541439
2.36147 0.0544789
2.36347 0.0548131
2.36547 0.0551463
2.36747 0.0554786
2.36947 0.05581
2.37147 0.0561405
2.37347 0.0564701
2.37548 0.0567988
2.37748 0.0571266
2.37948 0.0574535
2.38148 0.0577795
2.38348 0.0581045
2.38548 0.0584287
2.38748 0.0587519
2.38948 0.0590743
2.39148 0.0593957
2.39348 0.0597162
2.39548 0.0600358
2.39748 0.0603545
2.39948 0.0606723
2.40148 0.0609892
2.40348 0.0613052
2.40548 0.0616202
2.40748 0.0619344
2.40948 0.0622476
2.41148 0.06256
2.41348 0.0628714
2.41548 0.063182
2.41748 0.0634916
2.41948 0.0638003
2.42148 0.0641081
2.42348 0.064415
2.42549 0.064721
2.42749 0.065026
2.42949 0.0653302
2.43149 0.0656335
2.43349 0.0659358
2.43549 0.0662372
2.43749 0.0665378
2.43949 0.0668374
2.44149 0.0671361
2.44349 0.0674339
2.44549 0.0677308
2.44749 0.0680268
2.44949 0.0683219
2.45149 0.0686161
2.45349 0.0689093
2.45549 0.0692017
2.45749 0.0694931
2.45949 0.0697837
2.46149 0.0700733
2.46349 0.070362
2.46549 0.0706499
2.46749 0.0709368
2.46949 0.0712228
2.47149 0.0715079
2.47349 0.071792
2.4755 0.0720753
2.4775 0.0723577
2.4795 0.0726391
2.4815 0.0729197
2.4835 0.0731993
2.4855 0.0734781
2.4875 0.0737559
2.4895 0.0740328
2.4915 0.0743088
2.4935 0.0745839
2.4955 0.0748581
2.4975 0.0751314
2.4995 0.0754037
2.5015 0.0756752
2.5035 0.0759458
2.5055 0.0762154
2.5075 0.0764841
2.5095 0.076752
2.5115 0.0770189
2.5135 0.0772849
2.5155 0.07755
2.5175 0.0778142
2.5195 0.0780775
2.5215 0.0783399
2.5235 0.0786014
2.52551 0.0788619
2.52751 0.0791216
2.52951 0.0793803
2.53151 0.0796382
2.53351 0.0798951
2.53551 0.0801511
2.53751 0.0804062
2.53951 0.0806604
2.54151 0.0809137
2.54351 0.0811661
2.54551 0.0814176
2.54751 0.0816682
2.54951 0.0819178
2.55151 0.0821666
2.55351 0.0824144
2.55551 0.0826614
2.55751 0.0829074
2.55951 0.0831525
2.56151 0.0833967
2.56351 0.08364
2.56551 0.0838824
2.56751 0.0841239
2.56951 0.0843645
2.57151 0.0846042
2.57351 0.0848429
2.57552 0.0850808
2.57752 0.0853177
2.57952 0.0855538
2.58152 0.0857889
2.58352 0.0860231
2.58552 0.0862564
2.58752 0.0864888
2.58952 0.0867203
2.59152 0.0869509
2.59352 0.0871806
2.59552 0.0874094
2.59752 0.0876372
2.59952 0.0878642
2.60152 0.0880902
2.60352 0.0883154
2.60552 0.0885396
2.60752 0.0887629
2.60952 0.0889853
2.61152 0.0892068
2.61352 0.0894274
2.61552 0.0896471
2.61752 0.0898659
2.61952 0.0900837
2.62152 0.0903007
2.62352 0.0905167
2.62553 0.0907319
2.62753 0.0909461
2.62953 0.0911595
2.63153 0.0913719
2.63353 0.0915834
2.63553 0.091794
2.63753 0.0920037
2.63953 0.0922125
2.64153 0.0924203
2.64353 0.0926273
2.64553 0.0928334
2.64753 0.0930385
2.64953 0.0932428
2.65153 0.0934461
2.65353 0.0936485
2.65553 0.09385
2.65753 0.0940506
2.65953 0.0942503
2.66153 0.0944491
2.66353 0.094647
2.66553 0.094844
2.66753 0.0950401
2.66953 0.0952352
2.67153 0.0954295
2.67353 0.0956228
2.67554 0.0958152
2.67754 0.0960068
2.67954 0.0961974
2.68154 0.0963871
2.68354 0.0965759
2.68554 0.0967638
2.68754 0.0969508
2.68954 0.0971368
2.69154 0.097322
2.69354 0.0975063
2.69554 0.0976896
2.69754 0.0978721
2.69954 0.0980536
2.70154 0.0982342
2.70354 0.0984139
2.70554 0.0985927
2.70754 0.0987706
2.70954 0.0989476
2.71154 0.0991237
2.71354 0.0992989
2.71554 0.0994732
2.71754 0.0996465
2.71954 0.099819
2.72154 0.0999905
2.72354 0.100161
2.72555 0.100331
2.72755 0.1005
2.72955 0.100668
2.73155 0.100835
2.73355 0.101001
2.73555 0.101166
2.73755 0.10133
2.73955 0.101493
2.74155 0.101656
2.74355 0.101817
2.74555 0.101978
2.74755 0.102138
2.74955 0.102297
2.75155 0.102455
2.75355 0.102612
2.75555 0.102768
2.75755 0.102923
2.75955 0.103077
2.76155 0.103231
2.76355 0.103383
2.76555 0.103535
2.76755 0.103685
2.76955 0.103835
2.77155 0.103984
2.77355 0.104132
2.77556 0.104279
2.77756 0.104425
2.77956 0.10457
2.78156 0.104714
2.78356 0.104858
2.78556 0.105
2.78756 0.105142
2.78956 0.105282
2.79156 0.105422
2.79356 0.105561
2.79556 0.105699
2.79756 0.105836
2.79956 0.105972
2.80156 0.106107
2.80356 0.106242
2.80556 0.106375
2.80756 0.106507
2.80956 0.106639
2.81156 0.10677
2.81356 0.106899
2.81556 0.107028
2.81756 0.107156
2.81956 0.107283
2.82156 0.107409
2.82356 0.107535
2.82557 0.107659
2.82757 0.107782
2.82957 0.107905
2.83157 0.108026
2.83357 0.108147
2.83557 0.108267
2.83757 0.108386
2.83957 0.108503
2.84157 0.108621
2.84357 0.108737
2.84557 0.108852
2.84757 0.108966
2.84957 0.10908
2.85157 0.109192
2.85357 0.109304
2.85557 0.109414
2.85757 0.109524
2.85957 0.109633
2.86157 0.109741
2.86357 0.109848
2.86557 0.109954
2.86757 0.110059
2.86957 0.110164
2.87157 0.110267
2.87357 0.11037
2.87558 0.110471
2.87758 0.110572
2.87958 0.110672
2.88158 0.11077
2.88358 0.110868
2.88558 0.110966
2.88758 0.111062
2.88958 0.111157
2.89158 0.111251
2.89358 0.111345
2.89558 0.111437
2.89758 0.111529
2.89958 0.111619
2.90158 0.111709
2.90358 0.111798
2.90558 0.111886
2.90758 0.111973
2.90958 0.112059
2.91158 0.112145
2.91358 0.112229
2.91558 0.112312
2.91758 0.112395
2.91958 0.112476
2.92158 0.112557
2.92358 0.112637
2.92559 0.112716
2.92759 0.112794
2.92959 0.112871
2.93159 0.112947
2.93359 0.113022
2.93559 0.113097
2.93759 0.11317
2.93959 0.113243
2.94159 0.113314
2.94359 0.113385
2.94559 0.113455
2.94759 0.113524
2.94959 0.113592
2.95159 0.113659
2.95359 0.113725
2.95559 0.11379
2.95759 0.113854
2.95959 0.113918
2.96159 0.11398
2.96359 0.114042
2.96559 0.114103
2.96759 0.114162
2.96959 0.114221
2.97159 0.114279
2.97359 0.114336
2.9756 0.114393
2.9776 0.114448
2.9796 0.114502
2.9816 0.114556
2.9836 0.114608
2.9856 0.11466
2.9876 0.114711
2.9896 0.11476
2.9916 0.114809
2.9936 0.114857
2.9956 0.114904
2.9976 0.114951
2.9996 0.114996
3.0016 0.115041
3.0036 0.115086
3.0056 0.115131
3.0076 0.115177
3.0096 0.115223
3.0116 0.11527
3.0136 0.115317
3.0156 0.115364
3.0176 0.115412
3.0196 0.11546
3.0216 0.115509
3.0236 0.115558
3.02561 0.115607
3.02761 0.115657
3.02961 0.115707
3.03161 0.115757
3.03361 0.115808
3.03561 0.115859
3.03761 0.115911
3.03961 0.115962
3.04161 0.116015
3.04361 0.116067
3.04561 0.11612
3.04761 0.116174
3.04961 0.116228
3.05161 0.116282
3.05361 0.116336
3.05561 0.116391
3.05761 0.116447
3.05961 0.116502
3.06161 0.116558
3.06361 0.116615
3.06561 0.116672
3.06761 0.116729
3.06961 0.116786
3.07161 0.116844
3.07361 0.116903
3.07562 0.116961
3.07762 0.11702
3.07962 0.11708
3.08162 0.11714
3.08362 0.1172
3.08562 0.11726
3.08762 0.117321
3.08962 0.117383
3.09162 0.117444
3.09362 0.117506
3.09562 0.117569
3.09762 0.117632
3.09962 0.117695
3.10162 0.117758
3.10362 0.117822
3.10562 0.117887
3.10762 0.117951
3.10962 0.118017
3.11162 0.118082
3.11362 0.118148
3.11562 0.118214
3.11762 0.118281
3.11962 0.118348
3.12162 0.118415
3.12362 0.118483
3.12563 0.118551
3.12763 0.118619
3.12963 0.118688
3.13163 0.118758
3.13363 0.118827
3.13563 0.118897
3.13763 0.118967
3.13963 0.119038
3.14163 0.119109
3.14363 0.119181
3.14563 0.119253
3.14763 0.119325
3.14963 0.119398
3.15163 0.119471
3.15363 0.119544
3.15563 0.119618
3.15763 0.119692
3.15963 0.119766
3.16163 0.119841
3.16363 0.119917
3.16563 0.119992
3.16763 0.120068
3.16963 0.120145
3.17163 0.120221
3.17363 0.120299
3.17564 0.120376
3.17764 0.120454
3.17964 0.120532
3.18164 0.120611
3.18364 0.12069
3.18564 0.120769
3.18764 0.120849
3.18964 0.120929
3.19164 0.12101
3.19364 0.121091
3.19564 0.121172
3.19764 0.121254
3.19964 0.121336
3.20164 0.121418
3.20364 0.121501
3.20564 0.121584
3.20764 0.121668
3.20964 0.121752
3.21164 0.121836
3.21364 0.121921
3.21564 0.122006
3.21764 0.122091
3.21964 0.122177
3.22164 0.122263
3.22364 0.12235
3.22565 0.122437
3.22765 0.122524
3.22965 0.122612
3.23165 0.1227
3.23365 0.122788
3.23565 0.122877
3.23765 0.122966
3.23965 0.123056
3.24165 0.123146
3.24365 0.123236
3.24565 0.123327
3.24765 0.123418
3.24965 0.12351
3.25165 0.123601
3.25365 0.123694
3.25565 0.123786
3.25765 0.123879
3.25965 0.123973
3.26165 0.124066
3.26365 0.12416
3.26565 0.124255
3.26765 0.12435
3.26965 0.124445
3.27165 0.124541
3.27365 0.124637
3.27566 0.124733
3.27766 0.12483
3.27966 0.124927
3.28166 0.125024
3.28366 0.125122
3.28566 0.12522
3.28766 0.125319
3.28966 0.125418
3.29166 0.125517
3.29366 0.125617
3.29566 0.125717
3.29766 0.125818
3.29966 0.125919
3.30166 0.12602
3.30366 0.126122
3.30566 0.126224
3.30766 0.126326
3.30966 0.126429
3.31166 0.126532
3.31366 0.126635
3.31566 0.126739
3.31766 0.126844
3.31966 0.126948
3.32166 0.127053
3.32366 0.127159
3.32567 0.127265
3.32767 0.127371
3.32967 0.127477
3.33167 0.127584
3.33367 0.127691
3.33567 0.127799
3.33767 0.127907
3.33967 0.128016
3.34167 0.128124
3.34367 0.128234
3.34567 0.128343
3.34767 0.128453
3.34967 0.128563
3.35167 0.128674
3.35367 0.128785
3.35567 0.128897
3.35767 0.129008
3.35967 0.129121
3.36167 0.129233
3.36367 0.129346
3.36567 0.129459
3.36767 0.129573
3.36967 0.129687
3.37167 0.129802
3.37367 0.129916
3.37568 0.130032
3.37768 0.130147
3.37968 0.130263
3.38168 0.13038
3.38368 0.130496
3.38568 0.130613
3.38768 0.130731
3.38968 0.130849
3.39168 0.130967
3.39368 0.131085
3.39568 0.131204
3.39768 0.131324
3.39968 0.131443
3.40168 0.131564
3.40368 0.131684
3.40568 0.131805
3.40768 0.131926
3.40968 0.132048
3.41168 0.13217
3.41368 0.132292
3.41568 0.132415
3.41768 0.132538
3.41968 0.132661
3.42168 0.132785
3.42368 0.13291
3.42569 0.133034
3.42769 0.133159
3.42969 0.133285
3.43169 0.13341
3.43369 0.133537
3.43569 0.133663
3.43769 0.13379
3.43969 0.133917
3.44169 0.134045
3.44369 0.134173
3.44569 0.134301
3.44769 0.13443
3.44969 0.134559
3.45169 0.134689
3.45369 0.134819
3.45569 0.134949
3.45769 0.135079
3.45969 0.135211
3.46169 0.135342
3.46369 0.135474
3.46569 0.135606
3.46769 0.135738
3.46969 0.135871
3.47169 0.136005
3.47369 0.136138
3.4757 0.136272
3.4777 0.136407
3.4797 0.136542
3.4817 0.136677
3.4837 0.136812
3.4857 0.136948
3.4877 0.137084
3.4897 0.137221
3.4917 0.137358
3.4937 0.137496
3.4957 0.137633
3.4977 0.137772
3.4997 0.13791
3.5017 0.138049
3.5037 0.138188
3.5057 0.138328
3.5077 0.138468
3.5097 0.138609
3.5117 0.13875
3.5137 0.138891
3.5157 0.139032
3.5177 0.139174
3.5197 0.139317
3.5217 0.139459
3.5237 0.139602
3.52571 0.139746
3.52771 0.13989
3.52971 0.140034
3.53171 0.140179
3.53371 0.140323
3.53571 0.140469
3.53771 0.140615
3.53971 0.140761
3.54171 0.140907
3.54371 0.141054
3.54571 0.141201
3.54771 0.141349
3.54971 0.141497
3.55171 0.141645
3.55371 0.141794
3.55571 0.141943
3.55771 0.142093
3.55971 0.142242
3.56171 0.142393
3.56371 0.142543
3.56571 0.142694
3.56771 0.142846
3.56971 0.142997
3.57171 0.14315
3.57371 0.143302
3.57572 0.143455
3.57772 0.143608
3.57972 0.143762
3.58172 0.143916
3.58372 0.14407
3.58572 0.144225
3.58772 0.14438
3.58972 0.144536
3.59172 0.144692
3.59372 0.144848
3.59572 0.145004
3.59772 0.145161
3.59972 0.145319
3.60172 0.145477
3.60372 0.145635
3.60572 0.145793
3.60772 0.145952
3.60972 0.146112
3.61172 0.146271
3.61372 0.146431
3.61572 0.146592
3.61772 0.146752
3.61972 0.146914
3.62172 0.147075
3.62372 0.147237
3.62573 0.147399
3.62773 0.147562
3.62973 0.147725
3.63173 0.147889
3.63373 0.148052
3.63573 0.148217
3.63773 0.148381
3.63973 0.148546
3.64173 0.148711
3.64373 0.148877
3.64573 0.149043
3.64773 0.14921
3.64973 0.149376
3.65173 0.149544
3.65373 0.149711
3.65573 0.149879
3.65773 0.150047
3.65973 0.150216
3.66173 0.150385
3.66373 0.150555
3.66573 0.150725
3.66773 0.150895
3.66973 0.151065
3.67173 0.151236
3.67373 0.151408
3.67574 0.151579
3.67774 0.151752
3.67974 0.151924
3.68174 0.152097
3.68374 0.15227
3.68574 0.152444
3.68774 0.152618
3.68974 0.152792
3.69174 0.152967
3.69374 0.153142
3.69574 0.153317
3.69774 0.153493
3.69974 0.153669
3.70174 0.153846
3.70374 0.154023
3.70574 0.1542
3.70774 0.154378
3.70974 0.154556
3.71174 0.154735
3.71374 0.154914
3.71574 0.155093
3.71774 0.155273
3.71974 0.155453
3.72174 0.155633
3.72374 0.155814
3.72575 0.155995
3.72775 0.156176
3.72975 0.156358
3.73175 0.156541
3.73375 0.156723
3.73575 0.156906
3.73775 0.15709
3.73975 0.157273
3.74175 0.157458
3.74375 0.157642
3.74575 0.157827
3.74775 0.158012
3.74975 0.158198
3.75175 0.158384
3.75375 0.15857
3.75575 0.158757
3.75775 0.158944
3.75975 0.159132
3.76175 0.15932
3.76375 0.159508
3.76575 0.159697
3.76775 0.159886
3.76975 0.160075
3.77175 0.160265
3.77375 0.160455
3.77576 0.160646
3.77776 0.160837
3.77976 0.161028
3.78176 0.16122
3.78376 0.161412
3.78576 0.161604
3.78776 0.161797
3.78976 0.16199
3.79176 0.162184
3.79376 0.162378
3.79576 0.162572
3.79776 0.162767
3.79976 0.162962
3.80176 0.163157
3.80376 0.163353
3.80576 0.163549
3.80776 0.163746
3.80976 0.163943
3.81176 0.16414
3.81376 0.164338
3.81576 0.164536
3.81776 0.164735
3.81976 0.164933
3.82176 0.165133
3.82376 0.165332
3.82577 0.165532
3.82777 0.165733
3.82977 0.165933
3.83177 0.166134
3.83377 0.166336
3.83577 0.166538
3.83777 0.16674
3.83977 0.166943
3.84177 0.167146
3.84377 0.167349
3.84577 0.167553
3.84777 0.167757
3.84977 0.167961
3.85177 0.168166
3.85377 0.168372
3.85577 0.168577
3.85777 0.168783
3.85977 0.16899
3.86177 0.169196
3.86377 0.169403
3.86577 0.169611
3.86777 0.169819
3.86977 0.170027
3.87177 0.170236
3.87377 0.170445
3.87578 0.170654
3.87778 0.170864
3.87978 0.171074
3.88178 0.171285
3.88378 0.171496
3.88578 0.171707
3.88778 0.171919
3.88978 0.172131
3.89178 0.172343
3.89378 0.172556
3.89578 0.172769
3.89778 0.172982
3.89978 0.173196
3.90178 0.173411
3.90378 0.173625
3.90578 0.17384
3.90778 0.174056
3.90978 0.174272
3.91178 0.174488
3.91378 0.174704
3.91578 0.174921
3.91778 0.175139
3.91978 0.175356
3.92178 0.175574
3.92378 0.175793
3.92579 0.176012
3.92779 0.176231
3.92979 0.17645
3.93179 0.17667
3.93379 0.176891
3.93579 0.177111
3.93779 0.177332
3.93979 0.177554
3.94179 0.177776
3.94379 0.177998
3.94579 0.178221
3.94779 0.178443
3.94979 0.178667
3.95179 0.178891
3.95379 0.179115
3.95579 0.179339
3.95779 0.179564
3.95979 0.179789
3.96179 0.180015
3.96379 0.180241
3.96579 0.180467
3.96779 0.180694
3.96979 0.180921
3.97179 0.181148
3.97379 0.181376
3.9758 0.181604
3.9778 0.181833
3.9798 0.182062
3.9818 0.182291
3.9838 0.182521
3.9858 0.182751
3.9878 0.182982
3.9898 0.183213
3.9918 0.183444
3.9938 0.183676
3.9958 0.183908
3.9978 0.18414
3.9998 0.184373
4.0018 0.184607
4.0038 0.184842
4.0058 0.18508
4.0078 0.18532
4.0098 0.185563
4.0118 0.185807
4.0138 0.186053
4.0158 0.186302
4.0178 0.186552
4.0198 0.186805
4.0218 0.187059
4.0238 0.187316
4.02581 0.187575
4.02781 0.187836
4.02981 0.188099
4.03181 0.188364
4.03381 0.188631
4.03581 0.1889
4.03781 0.189171
4.03981 0.189445
4.04181 0.18972
4.04381 0.189998
4.04581 0.190277
4.04781 0.190559
4.04981 0.190843
4.05181 0.191129
4.05381 0.191417
4.05581 0.191707
4.05781 0.191999
4.05981 0.192293
4.06181 0.19259
4.06381 0.192888
4.06581 0.193188
4.06781 0.193491
4.06981 0.193796
4.07181 0.194102
4.07381 0.194411
4.07582 0.194722
4.07782 0.195035
4.07982 0.19535
4.08182 0.195667
4.08382 0.195986
4.08582 0.196308
4.08782 0.196631
4.08982 0.196956
4.09182 0.197284
4.09382 0.197614
4.09582 0.197945
4.09782 0.198279
4.09982 0.198615
4.10182 0.198953
4.10382 0.199293
4.10582 0.199635
4.10782 0.199979
4.10982 0.200326
4.11182 0.200674
4.11382 0.201024
4.11582 0.201377
4.11782 0.201732
4.11982 0.202088
4.12182 0.202447
4.12382 0.202808
4.12583 0.203171
4.12783 0.203536
4.12983 0.203903
4.13183 0.204272
4.13383 0.204644
4.13583 0.205017
4.13783 0.205392
4.13983 0.20577
4.14183 0.20615
4.14383 0.206531
4.14583 0.206915
4.14783 0.207301
4.14983 0.207689
4.15183 0.208079
4.15383 0.208471
4.15583 0.208865
4.15783 0.209261
4.15983 0.20966
4.16183 0.21006
4.16383 0.210463
4.16583 0.210867
4.16783 0.211274
4.16983 0.211683
4.17183 0.212094
4.17383 0.212507
4.17584 0.212922
4.17784 0.213339
4.17984 0.213758
4.18184 0.214179
4.18384 0.214603
4.18584 0.215028
4.18784 0.215456
4.18984 0.215885
4.19184 0.216317
4.19384 0.216751
4.19584 0.217186
4.19784 0.217624
4.19984 0.218064
4.20184 0.218506
4.20384 0.218951
4.20584 0.219397
4.20784 0.219845
4.20984 0.220296
4.21184 0.220748
4.21384 0.221203
4.21584 0.221659
4.21784 0.222118
4.21984 0.222579
4.22184 0.223042
4.22384 0.223507
4.22585 0.223974
4.22785 0.224443
4.22985 0.224915
4.23185 0.225388
4.23385 0.225863
4.23585 0.226341
4.23785 0.22682
4.23985 0.227302
4.24185 0.227786
4.24385 0.228272
4.24585 0.22876
4.24785 0.22925
4.24985 0.229742
4.25185 0.230236
4.25385 0.230732
4.25585 0.23123
4.25785 0.231731
4.25985 0.232233
4.26185 0.232738
4.26385 0.233245
4.26585 0.233753
4.26785 0.234264
4.26985 0.234777
4.27185 0.235292
4.27385 0.235809
4.27586 0.236328
4.27786 0.23685
4.27986 0.237373
4.28186 0.237898
4.28386 0.238426
4.28586 0.238955
4.28786 0.239487
4.28986 0.240021
4.29186 0.240557
4.29386 0.241095
4.29586 0.241635
4.29786 0.242177
4.29986 0.242721
4.30186 0.243267
4.30386 0.243815
4.30586 0.244366
4.30786 0.244918
4.30986 0.245473
4.31186 0.246029
4.31386 0.246588
4.31586 0.247149
4.31786 0.247712
4.31986 0.248277
4.32186 0.248844
4.32386 0.249413
4.32587 0.249984
4.32787 0.250558
4.32987 0.251133
4.33187 0.251711
4.33387 0.25229
4.33587 0.252872
4.33787 0.253455
4.33987 0.254041
4.34187 0.254629
4.34387 0.255219
4.34587 0.255811
4.34787 0.256405
4.34987 0.257002
4.35187 0.2576
4.35387 0.2582
4.35587 0.258803
4.35787 0.259407
4.35987 0.260014
4.36187 0.260623
4.36387 0.261233
4.36587 0.261846
4.36787 0.262461
4.36987 0.263078
4.37187 0.263698
4.37387 0.264319
4.37588 0.264942
4.37788 0.265567
4.37988 0.266195
4.38188 0.266824
4.38388 0.267456
4.38588 0.26809
4.38788 0.268726
4.38988 0.269364
4.39188 0.270003
4.39388 0.270646
4.39588 0.27129
4.39788 0.271936
4.39988 0.272584
4.40188 0.273235
4.40388 0.273887
4.40588 0.274542
4.40788 0.275198
4.40988 0.275857
4.41188 0.276518
4.41388 0.277181
4.41588 0.277846
4.41788 0.278513
4.41988 0.279182
4.42188 0.279853
4.42388 0.280526
4.42589 0.281202
4.42789 0.281879
4.42989 0.282559
4.43189 0.28324
4.43389 0.283924
4.43589 0.28461
4.43789 0.285298
4.43989 0.285988
4.44189 0.28668
4.44389 0.287374
4.44589 0.28807
4.44789 0.288768
4.44989 0.289469
4.45189 0.290171
4.45389 0.290875
4.45589 0.291582
4.45789 0.292291
4.45989 0.293002
4.46189 0.293714
4.46389 0.294429
4.46589 0.295146
4.46789 0.295866
4.46989 0.296587
4.47189 0.29731
4.47389 0.298035
4.4759 0.298763
4.4779 0.299492
4.4799 0.300224
4.4819 0.300958
4.4839 0.301693
4.4859 0.302431
4.4879 0.303171
4.4899 0.303913
4.4919 0.304657
4.4939 0.305404
4.4959 0.306152
4.4979 0.306902
4.4999 0.307655
4.5019 0.308409
4.5039 0.309166
4.5059 0.309924
4.5079 0.310685
4.5099 0.311448
4.5119 0.312213
4.5139 0.31298
4.5159 0.313749
4.5179 0.31452
4.5199 0.315294
4.5219 0.316069
4.5239 0.316846
4.52591 0.317626
4.52791 0.318407
4.52991 0.319191
4.53191 0.319977
4.53391 0.320765
4.53591 0.321555
4.53791 0.322347
4.53991 0.323141
4.54191 0.323937
4.54391 0.324735
4.54591 0.325536
4.54791 0.326338
4.54991 0.327142
4.55191 0.327949
4.55391 0.328758
4.55591 0.329569
4.55791 0.330381
4.55991 0.331196
4.56191 0.332013
4.56391 0.332832
4.56591 0.333654
4.56791 0.334477
4.56991 0.335302
4.57191 0.33613
4.57391 0.336959
4.57592 0.337791
4.57792 0.338624
4.57992 0.33946
4.58192 0.340298
4.58392 0.341138
4.58592 0.34198
4.58792 0.342824
4.58992 0.34367
4.59192 0.344518
4.59392 0.345369
4.59592 0.346221
4.59792 0.347076
4.59992 0.347932
4.60192 0.348791
4.60392 0.349652
4.60592 0.350514
4.60792 0.351379
4.60992 0.352246
4.61192 0.353115
4.61392 0.353986
4.61592 0.35486
4.61792 0.355735
4.61992 0.356612
4.62192 0.357492
4.62392 0.358374
4.62593 0.359257
4.62793 0.360143
4.62993 0.361031
4.63193 0.361921
4.63393 0.362813
4.63593 0.363707
4.63793 0.364603
4.63993 0.365501
4.64193 0.366401
4.64393 0.367304
4.64593 0.368208
4.64793 0.369115
4.64993 0.370024
4.65193 0.370934
4.65393 0.371847
4.65593 0.372762
4.65793 0.373679
4.65993 0.374598
4.66193 0.375519
4.66393 0.376442
4.66593 0.377368
4.66793 0.378295
4.66993 0.379225
4.67193 0.380156
4.67393 0.38109
4.67594 0.382025
4.67794 0.382963
4.67994 0.383903
4.68194 0.384845
4.68394 0.385789
4.68594 0.386735
4.68794 0.387684
4.68994 0.388634
4.69194 0.389586
4.69394 0.390541
4.69594 0.391497
4.69794 0.392456
4.69994 0.393417
4.70194 0.394379
4.70394 0.395344
4.70594 0.396311
4.70794 0.39728
4.70994 0.398251
4.71194 0.399225
4.71394 0.4002
4.71594 0.401177
4.71794 0.402157
4.71994 0.403138
4.72194 0.404122
4.72394 0.405108
4.72595 0.406096
4.72795 0.407085
4.72995 0.408077
4.73195 0.409071
4.73395 0.410068
4.73595 0.411066
4.73795 0.412066
4.73995 0.413068
4.74195 0.414073
4.74395 0.415079
4.74595 0.416088
4.74795 0.417099
4.74995 0.418112
4.75195 0.419126
4.75395 0.420143
4.75595 0.421162
4.75795 0.422184
4.75995 0.423207
4.76195 0.424232
4.76395 0.425259
4.76595 0.426289
4.76795 0.42732
4.76995 0.428354
4.77195 0.42939
4.77395 0.430427
4.77596 0.431467
4.77796 0.432509
4.77996 0.433553
4.78196 0.434599
4.78396 0.435648
4.78596 0.436698
4.78796 0.43775
4.78996 0.438805
4.79196 0.439861
4.79396 0.44092
4.79596 0.441981
4.79796 0.443043
4.79996 0.444108
4.80196 0.445175
4.80396 0.446244
4.80596 0.447315
4.80796 0.448388
4.80996 0.449464
4.81196 0.450541
4.81396 0.451621
4.81596 0.452702
4.81796 0.453786
4.81996 0.454871
4.82196 0.455959
4.82396 0.457049
4.82597 0.458141
4.82797 0.459235
4.82997 0.460331
4.83197 0.461429
4.83397 0.46253
4.83597 0.463632
4.83797 0.464736
4.83997 0.465843
4.84197 0.466951
4.84397 0.468062
4.84597 0.469175
4.84797 0.47029
4.84997 0.471407
4.85197 0.472526
4.85397 0.473647
4.85597 0.47477
4.85797 0.475895
4.85997 0.477023
4.86197 0.478152
4.86397 0.479283
4.86597 0.480417
4.86797 0.481553
4.86997 0.482691
4.87197 0.48383
4.87397 0.484972
4.87598 0.486116
4.87798 0.487262
4.87998 0.488411
4.88198 0.489561
4.88398 0.490713
4.88598 0.491868
4.88798 0.493024
4.88998 0.494183
4.89198 0.495343
4.89398 0.496506
4.89598 0.497671
4.89798 0.498838
4.89998 0.500007
4.90198 0.501178
4.90398 0.502351
4.90598 0.503526
4.90798 0.504704
4.90998 0.505883
4.91198 0.507065
4.91398 0.508248
4.91598 0.509434
4.91798 0.510622
4.91998 0.511811
4.92198 0.513003
4.92398 0.514197
4.92599 0.515393
4.92799 0.516592
4.92999 0.517792
4.93199 0.518994
4.93399 0.520199
4.93599 0.521405
4.93799 0.522614
4.93999 0.523824
4.94199 0.525037
4.94399 0.526252
4.94599 0.527469
4.94799 0.528688
4.94999 0.529909
4.95199 0.531132
4.95399 0.532357
4.95599 0.533584
4.95799 0.534814
4.95999 0.536045
4.96199 0.537279
4.96399 0.538515
4.96599 0.539752
4.96799 0.540992
4.96999 0.542234
4.97199 0.543478
4.97399 0.544724
4.976 0.545972
4.978 0.547222
4.98 0.548475
4.982 0.549729
4.984 0.550986
4.986 0.552244
4.988 0.553505
4.99 0.554768
4.992 0.556032
4.994 0.557299
4.996 0.558568
4.998 0.559839
5 0.561112
