-1 0.0384615
-0.9996 0.0385063
-0.9992 0.038551
-0.9988 0.0385956
-0.9984 0.0386401
-0.998 0.0386846
-0.9976 0.038729
-0.997199 0.0387733
-0.996799 0.0388176
-0.996399 0.0388619
-0.995999 0.038906
-0.995599 0.0389501
-0.995199 0.0389942
-0.994799 0.0390381
-0.994399 0.039082
-0.993999 0.0391259
-0.993599 0.0391697
-0.993199 0.0392134
-0.992799 0.0392571
-0.992398 0.0393007
-0.991998 0.0393442
-0.991598 0.0393877
-0.991198 0.0394311
-0.990798 0.0394745
-0.990398 0.0395178
-0.989998 0.039561
-0.989598 0.0396042
-0.989198 0.0396474
-0.988798 0.0396904
-0.988398 0.0397335
-0.987998 0.0397764
-0.987598 0.0398193
-0.987197 0.0398622
-0.986797 0.0399049
-0.986397 0.0399477
-0.985997 0.0399904
-0.985597 0.040033
-0.985197 0.0400755
-0.984797 0.0401181
-0.984397 0.0401605
-0.983997 0.0402029
-0.983597 0.0402453
-0.983197 0.0402876
-0.982797 0.0403298
-0.982396 0.040372
-0.981996 0.0404141
-0.981596 0.0404562
-0.981196 0.0404982
-0.980796 0.0405402
-0.980396 0.0405821
-0.979996 0.040624
-0.979596 0.0406658
-0.979196 0.0407076
-0.978796 0.0407493
-0.978396 0.040791
-0.977996 0.0408326
-0.977596 0.0408742
-0.977195 0.0409157
-0.976795 0.0409572
-0.976395 0.0409987
-0.975995 0.04104
-0.975595 0.0410814
-0.975195 0.0411227
-0.974795 0.0411639
-0.974395 0.0412051
-0.973995 0.0412462
-0.973595 0.0412873
-0.973195 0.0413284
-0.972795 0.0413694
-0.972394 0.0414103
-0.971994 0.0414512
-0.971594 0.0414921
-0.971194 0.0415329
-0.970794 0.0415737
-0.970394 0.0416145
-0.969994 0.0416551
-0.969594 0.0416958
-0.969194 0.0417364
-0.968794 0.041777
-0.968394 0.0418175
-0.967994 0.041858
-0.967594 0.0418984
-0.967193 0.0419388
-0.966793 0.0419791
-0.966393 0.0420195
-0.965993 0.0420597
-0.965593 0.0421
-0.965193 0.0421401
-0.964793 0.0421803
-0.964393 0.0422204
-0.963993 0.0422605
-0.963593 0.0423005
-0.963193 0.0423405
-0.962793 0.0423804
-0.962392 0.0424204
-0.961992 0.0424602
-0.961592 0.0425001
-0.961192 0.0425399
-0.960792 0.0425797
-0.960392 0.0426194
-0.959992 0.0426591
-0.959592 0.0426987
-0.959192 0.0427384
-0.958792 0.0427779
-0.958392 0.0428175
-0.957992 0.042857
-0.957592 0.0428965
-0.957191 0.0429359
-0.956791 0.0429754
-0.956391 0.0430147
-0.955991 0.0430541
-0.955591 0.0430934
-0.955191 0.0431327
-0.954791 0.0431719
-0.954391 0.0432111
-0.953991 0.0432503
-0.953591 0.0432895
-0.953191 0.0433286
-0.952791 0.0433677
-0.95239 0.0434067
-0.95199 0.0434458
-0.95159 0.0434848
-0.95119 0.0435237
-0.95079 0.0435627
-0.95039 0.0436016
-0.94999 0.0436405
-0.94959 0.0436793
-0.94919 0.0437182
-0.94879 0.0437569
-0.94839 0.0437957
-0.94799 0.0438345
-0.94759 0.0438732
-0.947189 0.0439119
-0.946789 0.0439505
-0.946389 0.0439892
-0.945989 0.0440278
-0.945589 0.0440664
-0.945189 0.0441049
-0.944789 0.0441434
-0.944389 0.044182
-0.943989 0.0442204
-0.943589 0.0442589
-0.943189 0.0442973
-0.942789 0.0443357
-0.942388 0.0443741
-0.941988 0.0444125
-0.941588 0.0444508
-0.941188 0.0444892
-0.940788 0.0445275
-0.940388 0.0445657
-0.939988 0.044604
-0.939588 0.0446422
-0.939188 0.0446805
-0.938788 0.0447186
-0.938388 0.0447568
-0.937988 0.044795
-0.937588 0.0448331
-0.937187 0.0448712
-0.936787 0.0449093
-0.936387 0.0449474
-0.935987 0.0449855
-0.935587 0.0450235
-0.935187 0.0450615
-0.934787 0.0450995
-0.934387 0.0451375
-0.933987 0.0451755
-0.933587 0.0452134
-0.933187 0.0452514
-0.932787 0.0452893
-0.932386 0.0453272
-0.931986 0.0453651
-0.931586 0.045403
-0.931186 0.0454408
-0.930786 0.0454787
-0.930386 0.0455165
-0.929986 0.0455543
-0.929586 0.0455921
-0.929186 0.0456299
-0.928786 0.0456677
-0.928386 0.0457055
-0.927986 0.0457432
-0.927586 0.045781
-0.927185 0.0458187
-0.926785 0.0458564
-0.926385 0.0458941
-0.925985 0.0459318
-0.925585 0.0459695
-0.925185 0.0460072
-0.924785 0.0460448
-0.924385 0.0460825
-0.923985 0.0461201
-0.923585 0.0461578
-0.923185 0.0461954
-0.922785 0.046233
-0.922384 0.0462706
-0.921984 0.0463082
-0.921584 0.0463458
-0.921184 0.0463834
-0.920784 0.046421
-0.920384 0.0464585
-0.919984 0.0464961
-0.919584 0.0465337
-0.919184 0.0465712
-0.918784 0.0466088
-0.918384 0.0466463
-0.917984 0.0466838
-0.917584 0.0467214
-0.917183 0.0467589
-0.916783 0.0467964
-0.916383 0.046834
-0.915983 0.0468715
-0.915583 0.046909
-0.915183 0.0469465
-0.914783 0.046984
-0.914383 0.0470215
-0.913983 0.047059
-0.913583 0.0470965
-0.913183 0.047134
-0.912783 0.0471715
-0.912382 0.047209
-0.911982 0.0472465
-0.911582 0.047284
-0.911182 0.0473215
-0.910782 0.047359
-0.910382 0.0473965
-0.909982 0.047434
-0.909582 0.0474715
-0.909182 0.047509
-0.908782 0.0475465
-0.908382 0.047584
-0.907982 0.0476215
-0.907582 0.047659
-0.907181 0.0476966
-0.906781 0.0477341
-0.906381 0.0477716
-0.905981 0.0478091
-0.905581 0.0478467
-0.905181 0.0478842
-0.904781 0.0479217
-0.904381 0.0479593
-0.903981 0.0479968
-0.903581 0.0480344
-0.903181 0.0480719
-0.902781 0.0481095
-0.90238 0.0481471
-0.90198 0.0481847
-0.90158 0.0482223
-0.90118 0.0482599
-0.90078 0.0482975
-0.90038 0.0483351
-0.89998 0.0483727
-0.89958 0.0484103
-0.89918 0.048448
-0.89878 0.0484856
-0.89838 0.0485233
-0.89798 0.0485609
-0.89758 0.0485986
-0.897179 0.0486363
-0.896779 0.048674
-0.896379 0.0487117
-0.895979 0.0487494
-0.895579 0.0487872
-0.895179 0.0488249
-0.894779 0.0488627
-0.894379 0.0489004
-0.893979 0.0489382
-0.893579 0.048976
-0.893179 0.0490138
-0.892779 0.0490516
-0.892378 0.0490895
-0.891978 0.0491273
-0.891578 0.0491652
-0.891178 0.0492031
-0.890778 0.049241
-0.890378 0.0492789
-0.889978 0.0493168
-0.889578 0.0493548
-0.889178 0.0493927
-0.888778 0.0494307
-0.888378 0.0494687
-0.887978 0.0495067
-0.887578 0.0495447
-0.887177 0.0495828
-0.886777 0.0496209
-0.886377 0.0496589
-0.885977 0.049697
-0.885577 0.0497352
-0.885177 0.0497733
-0.884777 0.0498115
-0.884377 0.0498496
-0.883977 0.0498878
-0.883577 0.0499261
-0.883177 0.0499643
-0.882777 0.0500026
-0.882376 0.0500409
-0.881976 0.0500792
-0.881576 0.0501175
-0.881176 0.0501559
-0.880776 0.0501942
-0.880376 0.0502326
-0.879976 0.0502711
-0.879576 0.0503095
-0.879176 0.050348
-0.878776 0.0503865
-0.878376 0.050425
-0.877976 0.0504635
-0.877576 0.0505021
-0.877175 0.0505407
-0.876775 0.0505793
-0.876375 0.050618
-0.875975 0.0506566
-0.875575 0.0506953
-0.875175 0.0507341
-0.874775 0.0507728
-0.874375 0.0508116
-0.873975 0.0508504
-0.873575 0.0508892
-0.873175 0.0509281
-0.872775 0.050967
-0.872374 0.0510059
-0.871974 0.0510449
-0.871574 0.0510838
-0.871174 0.0511229
-0.870774 0.0511619
-0.870374 0.051201
-0.869974 0.0512401
-0.869574 0.0512792
-0.869174 0.0513184
-0.868774 0.0513576
-0.868374 0.0513968
-0.867974 0.0514361
-0.867574 0.0514753
-0.867173 0.0515147
-0.866773 0.051554
-0.866373 0.0515934
-0.865973 0.0516329
-0.865573 0.0516723
-0.865173 0.0517118
-0.864773 0.0517513
-0.864373 0.0517909
-0.863973 0.0518305
-0.863573 0.0518701
-0.863173 0.0519098
-0.862773 0.0519495
-0.862372 0.0519893
-0.861972 0.052029
-0.861572 0.0520689
-0.861172 0.0521087
-0.860772 0.0521486
-0.860372 0.0521885
-0.859972 0.0522285
-0.859572 0.0522685
-0.859172 0.0523086
-0.858772 0.0523487
-0.858372 0.0523888
-0.857972 0.0524289
-0.857572 0.0524691
-0.857171 0.0525094
-0.856771 0.0525497
-0.856371 0.05259
-0.855971 0.0526304
-0.855571 0.0526708
-0.855171 0.0527112
-0.854771 0.0527517
-0.854371 0.0527923
-0.853971 0.0528328
-0.853571 0.0528735
-0.853171 0.0529141
-0.852771 0.0529548
-0.85237 0.0529956
-0.85197 0.0530364
-0.85157 0.0530772
-0.85117 0.0531181
-0.85077 0.0531591
-0.85037 0.0532
-0.84997 0.0532411
-0.84957 0.0532821
-0.84917 0.0533232
-0.84877 0.0533644
-0.84837 0.0534056
-0.84797 0.0534469
-0.84757 0.0534882
-0.847169 0.0535295
-0.846769 0.0535709
-0.846369 0.0536124
-0.845969 0.0536539
-0.845569 0.0536954
-0.845169 0.053737
-0.844769 0.0537786
-0.844369 0.0538203
-0.843969 0.0538621
-0.843569 0.0539039
-0.843169 0.0539457
-0.842769 0.0539876
-0.842368 0.0540296
-0.841968 0.0540716
-0.841568 0.0541136
-0.841168 0.0541557
-0.840768 0.0541979
-0.840368 0.0542401
-0.839968 0.0542824
-0.839568 0.0543247
-0.839168 0.054367
-0.838768 0.0544095
-0.838368 0.0544519
-0.837968 0.0544945
-0.837568 0.0545371
-0.837167 0.0545797
-0.836767 0.0546224
-0.836367 0.0546652
-0.835967 0.054708
-0.835567 0.0547508
-0.835167 0.0547938
-0.834767 0.0548368
-0.834367 0.0548798
-0.833967 0.0549229
-0.833567 0.054966
-0.833167 0.0550093
-0.832767 0.0550525
-0.832366 0.0550959
-0.831966 0.0551392
-0.831566 0.0551827
-0.831166 0.0552262
-0.830766 0.0552698
-0.830366 0.0553134
-0.829966 0.0553571
-0.829566 0.0554008
-0.829166 0.0554446
-0.828766 0.0554885
-0.828366 0.0555325
-0.827966 0.0555765
-0.827566 0.0556205
-0.827165 0.0556646
-0.826765 0.0557088
-0.826365 0.0557531
-0.825965 0.0557974
-0.825565 0.0558418
-0.825165 0.0558862
-0.824765 0.0559307
-0.824365 0.0559753
-0.823965 0.0560199
-0.823565 0.0560646
-0.823165 0.0561094
-0.822765 0.0561542
-0.822364 0.0561991
-0.821964 0.0562441
-0.821564 0.0562891
-0.821164 0.0563342
-0.820764 0.0563794
-0.820364 0.0564246
-0.819964 0.0564699
-0.819564 0.0565153
-0.819164 0.0565607
-0.818764 0.0566062
-0.818364 0.0566518
-0.817964 0.0566974
-0.817564 0.0567432
-0.817163 0.0567889
-0.816763 0.0568348
-0.816363 0.0568807
-0.815963 0.0569267
-0.815563 0.0569728
-0.815163 0.0570189
-0.814763 0.0570652
-0.814363 0.0571115
-0.813963 0.0571578
-0.813563 0.0572042
-0.813163 0.0572507
-0.812763 0.0572973
-0.812362 0.057344
-0.811962 0.0573907
-0.811562 0.0574375
-0.811162 0.0574844
-0.810762 0.0575313
-0.810362 0.0575784
-0.809962 0.0576255
-0.809562 0.0576726
-0.809162 0.0577199
-0.808762 0.0577672
-0.808362 0.0578146
-0.807962 0.0578621
-0.807562 0.0579097
-0.807161 0.0579573
-0.806761 0.058005
-0.806361 0.0580528
-0.805961 0.0581007
-0.805561 0.0581487
-0.805161 0.0581967
-0.804761 0.0582448
-0.804361 0.058293
-0.803961 0.0583413
-0.803561 0.0583896
-0.803161 0.058438
-0.802761 0.0584866
-0.80236 0.0585352
-0.80196 0.0585838
-0.80156 0.0586326
-0.80116 0.0586814
-0.80076 0.0587303
-0.80036 0.0587794
-0.79996 0.0588284
-0.79956 0.0588776
-0.79916 0.0589269
-0.79876 0.0589762
-0.79836 0.0590256
-0.79796 0.0590751
-0.79756 0.0591247
-0.797159 0.0591744
-0.796759 0.0592242
-0.796359 0.059274
-0.795959 0.059324
-0.795559 0.059374
-0.795159 0.0594241
-0.794759 0.0594743
-0.794359 0.0595246
-0.793959 0.0595749
-0.793559 0.0596254
-0.793159 0.0596759
-0.792759 0.0597266
-0.792358 0.0597773
-0.791958 0.0598281
-0.791558 0.059879
-0.791158 0.05993
-0.790758 0.0599811
-0.790358 0.0600322
-0.789958 0.0600835
-0.789558 0.0601348
-0.789158 0.0601863
-0.788758 0.0602378
-0.788358 0.0602894
-0.787958 0.0603412
-0.787558 0.060393
-0.787157 0.0604449
-0.786757 0.0604969
-0.786357 0.060549
-0.785957 0.0606011
-0.785557 0.0606534
-0.785157 0.0607058
-0.784757 0.0607582
-0.784357 0.0608108
-0.783957 0.0608635
-0.783557 0.0609162
-0.783157 0.0609691
-0.782757 0.061022
-0.782356 0.061075
-0.781956 0.0611282
-0.781556 0.0611814
-0.781156 0.0612347
-0.780756 0.0612881
-0.780356 0.0613417
-0.779956 0.0613953
-0.779556 0.061449
-0.779156 0.0615028
-0.778756 0.0615567
-0.778356 0.0616107
-0.777956 0.0616649
-0.777556 0.0617191
-0.777155 0.0617734
-0.776755 0.0618278
-0.776355 0.0618823
-0.775955 0.0619369
-0.775555 0.0619916
-0.775155 0.0620465
-0.774755 0.0621014
-0.774355 0.0621564
-0.773955 0.0622115
-0.773555 0.0622668
-0.773155 0.0623221
-0.772755 0.0623775
-0.772354 0.0624331
-0.771954 0.0624887
-0.771554 0.0625444
-0.771154 0.0626003
-0.770754 0.0626563
-0.770354 0.0627123
-0.769954 0.0627685
-0.769554 0.0628247
-0.769154 0.0628811
-0.768754 0.0629376
-0.768354 0.0629942
-0.767954 0.0630509
-0.767554 0.0631077
-0.767153 0.0631646
-0.766753 0.0632216
-0.766353 0.0632788
-0.765953 0.063336
-0.765553 0.0633933
-0.765153 0.0634508
-0.764753 0.0635084
-0.764353 0.063566
-0.763953 0.0636238
-0.763553 0.0636817
-0.763153 0.0637397
-0.762753 0.0637978
-0.762352 0.063856
-0.761952 0.0639144
-0.761552 0.0639728
-0.761152 0.0640314
-0.760752 0.0640901
-0.760352 0.0641488
-0.759952 0.0642077
-0.759552 0.0642667
-0.759152 0.0643259
-0.758752 0.0643851
-0.758352 0.0644445
-0.757952 0.0645039
-0.757552 0.0645635
-0.757151 0.0646232
-0.756751 0.064683
-0.756351 0.0647429
-0.755951 0.064803
-0.755551 0.0648631
-0.755151 0.0649234
-0.754751 0.0649838
-0.754351 0.0650443
-0.753951 0.0651049
-0.753551 0.0651657
-0.753151 0.0652265
-0.752751 0.0652875
-0.75235 0.0653486
-0.75195 0.0654098
-0.75155 0.0654712
-0.75115 0.0655326
-0.75075 0.0655942
-0.75035 0.0656559
-0.74995 0.0657177
-0.74955 0.0657797
-0.74915 0.0658417
-0.74875 0.0659039
-0.74835 0.0659662
-0.74795 0.0660286
-0.74755 0.0660912
-0.747149 0.0661538
-0.746749 0.0662166
-0.746349 0.0662795
-0.745949 0.0663426
-0.745549 0.0664057
-0.745149 0.066469
-0.744749 0.0665324
-0.744349 0.0665959
-0.743949 0.0666596
-0.743549 0.0667234
-0.743149 0.0667873
-0.742749 0.0668513
-0.742348 0.0669155
-0.741948 0.0669798
-0.741548 0.0670442
-0.741148 0.0671087
-0.740748 0.0671734
-0.740348 0.0672382
-0.739948 0.0673031
-0.739548 0.0673681
-0.739148 0.0674333
-0.738748 0.0674986
-0.738348 0.0675641
-0.737948 0.0676296
-0.737548 0.0676953
-0.737147 0.0677611
-0.736747 0.0678271
-0.736347 0.0678932
-0.735947 0.0679594
-0.735547 0.0680257
-0.735147 0.0680922
-0.734747 0.0681588
-0.734347 0.0682256
-0.733947 0.0682924
-0.733547 0.0683595
-0.733147 0.0684266
-0.732747 0.0684939
-0.732346 0.0685613
-0.731946 0.0686288
-0.731546 0.0686965
-0.731146 0.0687643
-0.730746 0.0688322
-0.730346 0.0689003
-0.729946 0.0689685
-0.729546 0.0690369
-0.729146 0.0691054
-0.728746 0.069174
-0.728346 0.0692427
-0.727946 0.0693116
-0.727546 0.0693807
-0.727145 0.0694498
-0.726745 0.0695191
-0.726345 0.0695886
-0.725945 0.0696582
-0.725545 0.0697279
-0.725145 0.0697977
-0.724745 0.0698677
-0.724345 0.0699379
-0.723945 0.0700081
-0.723545 0.0700786
-0.723145 0.0701491
-0.722745 0.0702198
-0.722344 0.0702907
-0.721944 0.0703616
-0.721544 0.0704328
-0.721144 0.070504
-0.720744 0.0705754
-0.720344 0.070647
-0.719944 0.0707187
-0.719544 0.0707905
-0.719144 0.0708625
-0.718744 0.0709346
-0.718344 0.0710069
-0.717944 0.0710793
-0.717544 0.0711518
-0.717143 0.0712245
-0.716743 0.0712974
-0.716343 0.0713704
-0.715943 0.0714435
-0.715543 0.0715168
-0.715143 0.0715902
-0.714743 0.0716638
-0.714343 0.0717375
-0.713943 0.0718114
-0.713543 0.0718854
-0.713143 0.0719595
-0.712743 0.0720338
-0.712342 0.0721083
-0.711942 0.0721829
-0.711542 0.0722577
-0.711142 0.0723326
-0.710742 0.0724076
-0.710342 0.0724828
-0.709942 0.0725582
-0.709542 0.0726337
-0.709142 0.0727094
-0.708742 0.0727852
-0.708342 0.0728611
-0.707942 0.0729372
-0.707542 0.0730135
-0.707141 0.0730899
-0.706741 0.0731665
-0.706341 0.0732432
-0.705941 0.0733201
-0.705541 0.0733971
-0.705141 0.0734743
-0.704741 0.0735516
-0.704341 0.0736291
-0.703941 0.0737068
-0.703541 0.0737845
-0.703141 0.0738625
-0.702741 0.0739406
-0.70234 0.0740189
-0.70194 0.0740973
-0.70154 0.0741759
-0.70114 0.0742546
-0.70074 0.0743335
-0.70034 0.0744126
-0.69994 0.0744918
-0.69954 0.0745711
-0.69914 0.0746506
-0.69874 0.0747303
-0.69834 0.0748102
-0.69794 0.0748902
-0.69754 0.0749703
-0.697139 0.0750506
-0.696739 0.0751311
-0.696339 0.0752118
-0.695939 0.0752926
-0.695539 0.0753735
-0.695139 0.0754546
-0.694739 0.0755359
-0.694339 0.0756174
-0.693939 0.075699
-0.693539 0.0757808
-0.693139 0.0758627
-0.692739 0.0759448
-0.692338 0.076027
-0.691938 0.0761095
-0.691538 0.076192
-0.691138 0.0762748
-0.690738 0.0763577
-0.690338 0.0764408
-0.689938 0.076524
-0.689538 0.0766074
-0.689138 0.076691
-0.688738 0.0767748
-0.688338 0.0768587
-0.687938 0.0769427
-0.687538 0.077027
-0.687137 0.0771114
-0.686737 0.077196
-0.686337 0.0772807
-0.685937 0.0773656
-0.685537 0.0774507
-0.685137 0.077536
-0.684737 0.0776214
-0.684337 0.077707
-0.683937 0.0777927
-0.683537 0.0778786
-0.683137 0.0779647
-0.682737 0.078051
-0.682336 0.0781374
-0.681936 0.0782241
-0.681536 0.0783108
-0.681136 0.0783978
-0.680736 0.0784849
-0.680336 0.0785722
-0.679936 0.0786597
-0.679536 0.0787473
-0.679136 0.0788351
-0.678736 0.0789231
-0.678336 0.0790113
-0.677936 0.0790996
-0.677536 0.0791881
-0.677135 0.0792768
-0.676735 0.0793657
-0.676335 0.0794547
-0.675935 0.0795439
-0.675535 0.0796333
-0.675135 0.0797229
-0.674735 0.0798126
-0.674335 0.0799025
-0.673935 0.0799926
-0.673535 0.0800829
-0.673135 0.0801733
-0.672735 0.080264
-0.672334 0.0803548
-0.671934 0.0804457
-0.671534 0.0805369
-0.671134 0.0806282
-0.670734 0.0807198
-0.670334 0.0808115
-0.669934 0.0809033
-0.669534 0.0809954
-0.669134 0.0810876
-0.668734 0.0811801
-0.668334 0.0812727
-0.667934 0.0813655
-0.667534 0.0814584
-0.667133 0.0815516
-0.666733 0.0816449
-0.666333 0.0817384
-0.665933 0.0818321
-0.665533 0.081926
-0.665133 0.0820201
-0.664733 0.0821143
-0.664333 0.0822087
-0.663933 0.0823033
-0.663533 0.0823981
-0.663133 0.0824931
-0.662733 0.0825883
-0.662332 0.0826837
-0.661932 0.0827792
-0.661532 0.0828749
-0.661132 0.0829708
-0.660732 0.0830669
-0.660332 0.0831632
-0.659932 0.0832597
-0.659532 0.0833564
-0.659132 0.0834532
-0.658732 0.0835503
-0.658332 0.0836475
-0.657932 0.0837449
-0.657532 0.0838425
-0.657131 0.0839403
-0.656731 0.0840383
-0.656331 0.0841365
-0.655931 0.0842349
-0.655531 0.0843334
-0.655131 0.0844322
-0.654731 0.0845311
-0.654331 0.0846302
-0.653931 0.0847296
-0.653531 0.0848291
-0.653131 0.0849288
-0.652731 0.0850287
-0.65233 0.0851288
-0.65193 0.0852291
-0.65153 0.0853296
-0.65113 0.0854302
-0.65073 0.0855311
-0.65033 0.0856322
-0.64993 0.0857334
-0.64953 0.0858349
-0.64913 0.0859365
-0.64873 0.0860384
-0.64833 0.0861404
-0.64793 0.0862427
-0.64753 0.0863451
-0.647129 0.0864477
-0.646729 0.0865506
-0.646329 0.0866536
-0.645929 0.0867568
-0.645529 0.0868603
-0.645129 0.0869639
-0.644729 0.0870677
-0.644329 0.0871717
-0.643929 0.0872759
-0.643529 0.0873804
-0.643129 0.087485
-0.642729 0.0875898
-0.642328 0.0876948
-0.641928 0.0878
-0.641528 0.0879055
-0.641128 0.0880111
-0.640728 0.0881169
-0.640328 0.0882229
-0.639928 0.0883292
-0.639528 0.0884356
-0.639128 0.0885422
-0.638728 0.0886491
-0.638328 0.0887561
-0.637928 0.0888634
-0.637528 0.0889708
-0.637127 0.0890785
-0.636727 0.0891863
-0.636327 0.0892944
-0.635927 0.0894027
-0.635527 0.0895112
-0.635127 0.0896198
-0.634727 0.0897287
-0.634327 0.0898378
-0.633927 0.0899471
-0.633527 0.0900566
-0.633127 0.0901664
-0.632727 0.0902763
-0.632326 0.0903864
-0.631926 0.0904968
-0.631526 0.0906073
-0.631126 0.0907181
-0.630726 0.090829
-0.630326 0.0909402
-0.629926 0.0910516
-0.629526 0.0911632
-0.629126 0.091275
-0.628726 0.091387
-0.628326 0.0914993
-0.627926 0.0916117
-0.627526 0.0917244
-0.627125 0.0918372
-0.626725 0.0919503
-0.626325 0.0920636
-0.625925 0.0921771
-0.625525 0.0922908
-0.625125 0.0924047
-0.624725 0.0925189
-0.624325 0.0926332
-0.623925 0.0927478
-0.623525 0.0928626
-0.623125 0.0929776
-0.622725 0.0930928
-0.622324 0.0932082
-0.621924 0.0933239
-0.621524 0.0934398
-0.621124 0.0935558
-0.620724 0.0936721
-0.620324 0.0937886
-0.619924 0.0939054
-0.619524 0.0940223
-0.619124 0.0941395
-0.618724 0.0942569
-0.618324 0.0943745
-0.617924 0.0944923
-0.617524 0.0946103
-0.617123 0.0947286
-0.616723 0.0948471
-0.616323 0.0949658
-0.615923 0.0950847
-0.615523 0.0952038
-0.615123 0.0953232
-0.614723 0.0954428
-0.614323 0.0955626
-0.613923 0.0956826
-0.613523 0.0958029
-0.613123 0.0959233
-0.612723 0.096044
-0.612322 0.096165
-0.611922 0.0962861
-0.611522 0.0964075
-0.611122 0.0965291
-0.610722 0.0966509
-0.610322 0.0967729
-0.609922 0.0968952
-0.609522 0.0970176
-0.609122 0.0971404
-0.608722 0.0972633
-0.608322 0.0973865
-0.607922 0.0975098
-0.607522 0.0976335
-0.607121 0.0977573
-0.606721 0.0978814
-0.606321 0.0980057
-0.605921 0.0981302
-0.605521 0.098255
-0.605121 0.0983799
-0.604721 0.0985051
-0.604321 0.0986306
-0.603921 0.0987563
-0.603521 0.0988822
-0.603121 0.0990083
-0.602721 0.0991346
-0.60232 0.0992612
-0.60192 0.099388
-0.60152 0.0995151
-0.60112 0.0996424
-0.60072 0.0997699
-0.60032 0.0998976
-0.59992 0.100026
-0.59952 0.100154
-0.59912 0.100282
-0.59872 0.100411
-0.59832 0.10054
-0.59792 0.100669
-0.59752 0.100798
-0.597119 0.100928
-0.596719 0.101058
-0.596319 0.101188
-0.595919 0.101318
-0.595519 0.101449
-0.595119 0.10158
-0.594719 0.101711
-0.594319 0.101842
-0.593919 0.101973
-0.593519 0.102105
-0.593119 0.102237
-0.592719 0.102369
-0.592318 0.102502
-0.591918 0.102634
-0.591518 0.102767
-0.591118 0.102901
-0.590718 0.103034
-0.590318 0.103168
-0.589918 0.103301
-0.589518 0.103436
-0.589118 0.10357
-0.588718 0.103705
-0.588318 0.103839
-0.587918 0.103975
-0.587518 0.10411
-0.587117 0.104245
-0.586717 0.104381
-0.586317 0.104517
-0.585917 0.104654
-0.585517 0.10479
-0.585117 0.104927
-0.584717 0.105064
-0.584317 0.105201
-0.583917 0.105339
-0.583517 0.105477
-0.583117 0.105615
-0.582717 0.105753
-0.582316 0.105892
-0.581916 0.10603
-0.581516 0.106169
-0.581116 0.106309
-0.580716 0.106448
-0.580316 0.106588
-0.579916 0.106728
-0.579516 0.106868
-0.579116 0.107009
-0.578716 0.107149
-0.578316 0.10729
-0.577916 0.107432
-0.577516 0.107573
-0.577115 0.107715
-0.576715 0.107857
-0.576315 0.107999
-0.575915 0.108142
-0.575515 0.108285
-0.575115 0.108428
-0.574715 0.108571
-0.574315 0.108714
-0.573915 0.108858
-0.573515 0.109002
-0.573115 0.109147
-0.572715 0.109291
-0.572314 0.109436
-0.571914 0.109581
-0.571514 0.109726
-0.571114 0.109872
-0.570714 0.110018
-0.570314 0.110164
-0.569914 0.11031
-0.569514 0.110457
-0.569114 0.110604
-0.568714 0.110751
-0.568314 0.110898
-0.567914 0.111046
-0.567514 0.111194
-0.567113 0.111342
-0.566713 0.11149
-0.566313 0.111639
-0.565913 0.111788
-0.565513 0.111937
-0.565113 0.112086
-0.564713 0.112236
-0.564313 0.112386
-0.563913 0.112536
-0.563513 0.112687
-0.563113 0.112838
-0.562713 0.112989
-0.562312 0.11314
-0.561912 0.113292
-0.561512 0.113443
-0.561112 0.113595
-0.560712 0.113748
-0.560312 0.1139
-0.559912 0.114053
-0.559512 0.114206
-0.559112 0.11436
-0.558712 0.114514
-0.558312 0.114667
-0.557912 0.114822
-0.557512 0.114976
-0.557111 0.115131
-0.556711 0.115286
-0.556311 0.115441
-0.555911 0.115597
-0.555511 0.115753
-0.555111 0.115909
-0.554711 0.116065
-0.554311 0.116222
-0.553911 0.116379
-0.553511 0.116536
-0.553111 0.116693
-0.552711 0.116851
-0.55231 0.117009
-0.55191 0.117167
-0.55151 0.117326
-0.55111 0.117485
-0.55071 0.117644
-0.55031 0.117803
-0.54991 0.117963
-0.54951 0.118123
-0.54911 0.118283
-0.54871 0.118443
-0.54831 0.118604
-0.54791 0.118765
-0.54751 0.118926
-0.547109 0.119088
-0.546709 0.11925
-0.546309 0.119412
-0.545909 0.119574
-0.545509 0.119737
-0.545109 0.1199
-0.544709 0.120063
-0.544309 0.120226
-0.543909 0.12039
-0.543509 0.120554
-0.543109 0.120719
-0.542709 0.120883
-0.542308 0.121048
-0.541908 0.121213
-0.541508 0.121379
-0.541108 0.121544
-0.540708 0.12171
-0.540308 0.121877
-0.539908 0.122043
-0.539508 0.12221
-0.539108 0.122377
-0.538708 0.122545
-0.538308 0.122712
-0.537908 0.12288
-0.537508 0.123049
-0.537107 0.123217
-0.536707 0.123386
-0.536307 0.123555
-0.535907 0.123725
-0.535507 0.123894
-0.535107 0.124064
-0.534707 0.124235
-0.534307 0.124405
-0.533907 0.124576
-0.533507 0.124747
-0.533107 0.124919
-0.532707 0.12509
-0.532306 0.125262
-0.531906 0.125435
-0.531506 0.125607
-0.531106 0.12578
-0.530706 0.125953
-0.530306 0.126127
-0.529906 0.126301
-0.529506 0.126475
-0.529106 0.126649
-0.528706 0.126824
-0.528306 0.126999
-0.527906 0.127174
-0.527506 0.127349
-0.527105 0.127525
-0.526705 0.127701
-0.526305 0.127877
-0.525905 0.128054
-0.525505 0.128231
-0.525105 0.128408
-0.524705 0.128586
-0.524305 0.128764
-0.523905 0.128942
-0.523505 0.12912
-0.523105 0.129299
-0.522705 0.129478
-0.522304 0.129657
-0.521904 0.129837
-0.521504 0.130017
-0.521104 0.130197
-0.520704 0.130378
-0.520304 0.130559
-0.519904 0.13074
-0.519504 0.130921
-0.519104 0.131103
-0.518704 0.131285
-0.518304 0.131467
-0.517904 0.13165
-0.517504 0.131833
-0.517103 0.132016
-0.516703 0.132199
-0.516303 0.132383
-0.515903 0.132567
-0.515503 0.132752
-0.515103 0.132937
-0.514703 0.133122
-0.514303 0.133307
-0.513903 0.133493
-0.513503 0.133679
-0.513103 0.133865
-0.512703 0.134051
-0.512302 0.134238
-0.511902 0.134425
-0.511502 0.134613
-0.511102 0.134801
-0.510702 0.134989
-0.510302 0.135177
-0.509902 0.135366
-0.509502 0.135555
-0.509102 0.135744
-0.508702 0.135934
-0.508302 0.136124
-0.507902 0.136314
-0.507502 0.136505
-0.507101 0.136695
-0.506701 0.136887
-0.506301 0.137078
-0.505901 0.13727
-0.505501 0.137462
-0.505101 0.137654
-0.504701 0.137847
-0.504301 0.13804
-0.503901 0.138233
-0.503501 0.138427
-0.503101 0.138621
-0.502701 0.138815
-0.5023 0.13901
-0.5019 0.139205
-0.5015 0.1394
-0.5011 0.139596
-0.5007 0.139792
-0.5003 0.139988
-0.4999 0.140184
-0.4995 0.140381
-0.4991 0.140578
-0.4987 0.140776
-0.4983 0.140973
-0.4979 0.141171
-0.497499 0.14137
-0.497099 0.141568
-0.496699 0.141768
-0.496299 0.141967
-0.495899 0.142167
-0.495499 0.142367
-0.495099 0.142567
-0.494699 0.142767
-0.494299 0.142968
-0.493899 0.14317
-0.493499 0.143371
-0.493099 0.143573
-0.492699 0.143775
-0.492298 0.143978
-0.491898 0.144181
-0.491498 0.144384
-0.491098 0.144587
-0.490698 0.144791
-0.490298 0.144995
-0.489898 0.1452
-0.489498 0.145405
-0.489098 0.14561
-0.488698 0.145815
-0.488298 0.146021
-0.487898 0.146227
-0.487497 0.146434
-0.487097 0.14664
-0.486697 0.146848
-0.486297 0.147055
-0.485897 0.147263
-0.485497 0.147471
-0.485097 0.147679
-0.484697 0.147888
-0.484297 0.148097
-0.483897 0.148306
-0.483497 0.148516
-0.483097 0.148726
-0.482697 0.148937
-0.482296 0.149147
-0.481896 0.149358
-0.481496 0.14957
-0.481096 0.149781
-0.480696 0.149993
-0.480296 0.150206
-0.479896 0.150418
-0.479496 0.150631
-0.479096 0.150845
-0.478696 0.151058
-0.478296 0.151272
-0.477896 0.151487
-0.477495 0.151702
-0.477095 0.151917
-0.476695 0.152132
-0.476295 0.152348
-0.475895 0.152564
-0.475495 0.15278
-0.475095 0.152997
-0.474695 0.153214
-0.474295 0.153431
-0.473895 0.153649
-0.473495 0.153867
-0.473095 0.154085
-0.472695 0.154304
-0.472294 0.154523
-0.471894 0.154743
-0.471494 0.154962
-0.471094 0.155182
-0.470694 0.155403
-0.470294 0.155624
-0.469894 0.155845
-0.469494 0.156066
-0.469094 0.156288
-0.468694 0.15651
-0.468294 0.156732
-0.467894 0.156955
-0.467493 0.157178
-0.467093 0.157402
-0.466693 0.157626
-0.466293 0.15785
-0.465893 0.158075
-0.465493 0.158299
-0.465093 0.158525
-0.464693 0.15875
-0.464293 0.158976
-0.463893 0.159202
-0.463493 0.159429
-0.463093 0.159656
-0.462693 0.159883
-0.462292 0.160111
-0.461892 0.160339
-0.461492 0.160567
-0.461092 0.160796
-0.460692 0.161025
-0.460292 0.161254
-0.459892 0.161484
-0.459492 0.161714
-0.459092 0.161944
-0.458692 0.162175
-0.458292 0.162406
-0.457892 0.162638
-0.457491 0.16287
-0.457091 0.163102
-0.456691 0.163334
-0.456291 0.163567
-0.455891 0.163801
-0.455491 0.164034
-0.455091 0.164268
-0.454691 0.164502
-0.454291 0.164737
-0.453891 0.164972
-0.453491 0.165207
-0.453091 0.165443
-0.452691 0.165679
-0.45229 0.165916
-0.45189 0.166152
-0.45149 0.166389
-0.45109 0.166627
-0.45069 0.166865
-0.45029 0.167103
-0.44989 0.167342
-0.44949 0.16758
-0.44909 0.16782
-0.44869 0.168059
-0.44829 0.168299
-0.44789 0.16854
-0.447489 0.16878
-0.447089 0.169022
-0.446689 0.169263
-0.446289 0.169505
-0.445889 0.169747
-0.445489 0.169989
-0.445089 0.170232
-0.444689 0.170475
-0.444289 0.170719
-0.443889 0.170963
-0.443489 0.171207
-0.443089 0.171452
-0.442689 0.171697
-0.442288 0.171943
-0.441888 0.172188
-0.441488 0.172434
-0.441088 0.172681
-0.440688 0.172928
-0.440288 0.173175
-0.439888 0.173423
-0.439488 0.173671
-0.439088 0.173919
-0.438688 0.174168
-0.438288 0.174417
-0.437888 0.174666
-0.437487 0.174916
-0.437087 0.175166
-0.436687 0.175417
-0.436287 0.175668
-0.435887 0.175919
-0.435487 0.17617
-0.435087 0.176422
-0.434687 0.176675
-0.434287 0.176928
-0.433887 0.177181
-0.433487 0.177434
-0.433087 0.177688
-0.432687 0.177942
-0.432286 0.178197
-0.431886 0.178452
-0.431486 0.178707
-0.431086 0.178963
-0.430686 0.179219
-0.430286 0.179476
-0.429886 0.179732
-0.429486 0.17999
-0.429086 0.180247
-0.428686 0.180505
-0.428286 0.180763
-0.427886 0.181022
-0.427485 0.181281
-0.427085 0.181541
-0.426685 0.181801
-0.426285 0.182061
-0.425885 0.182321
-0.425485 0.182582
-0.425085 0.182844
-0.424685 0.183106
-0.424285 0.183368
-0.423885 0.18363
-0.423485 0.183893
-0.423085 0.184156
-0.422685 0.18442
-0.422284 0.184684
-0.421884 0.184948
-0.421484 0.185213
-0.421084 0.185478
-0.420684 0.185744
-0.420284 0.18601
-0.419884 0.186276
-0.419484 0.186543
-0.419084 0.18681
-0.418684 0.187077
-0.418284 0.187345
-0.417884 0.187613
-0.417483 0.187882
-0.417083 0.188151
-0.416683 0.18842
-0.416283 0.18869
-0.415883 0.18896
-0.415483 0.189231
-0.415083 0.189502
-0.414683 0.189773
-0.414283 0.190045
-0.413883 0.190317
-0.413483 0.190589
-0.413083 0.190862
-0.412683 0.191135
-0.412282 0.191409
-0.411882 0.191683
-0.411482 0.191957
-0.411082 0.192232
-0.410682 0.192507
-0.410282 0.192783
-0.409882 0.193059
-0.409482 0.193335
-0.409082 0.193612
-0.408682 0.193889
-0.408282 0.194167
-0.407882 0.194444
-0.407481 0.194723
-0.407081 0.195001
-0.406681 0.195281
-0.406281 0.19556
-0.405881 0.19584
-0.405481 0.19612
-0.405081 0.196401
-0.404681 0.196682
-0.404281 0.196963
-0.403881 0.197245
-0.403481 0.197528
-0.403081 0.19781
-0.402681 0.198093
-0.40228 0.198377
-0.40188 0.198661
-0.40148 0.198945
-0.40108 0.199229
-0.40068 0.199515
-0.40028 0.1998
-0.39988 0.200086
-0.39948 0.200372
-0.39908 0.200659
-0.39868 0.200946
-0.39828 0.201233
-0.39788 0.201521
-0.397479 0.201809
-0.397079 0.202098
-0.396679 0.202387
-0.396279 0.202677
-0.395879 0.202967
-0.395479 0.203258
-0.395079 0.203549
-0.394679 0.20384
-0.394279 0.204132
-0.393879 0.204424
-0.393479 0.204717
-0.393079 0.205011
-0.392679 0.205304
-0.392278 0.205599
-0.391878 0.205894
-0.391478 0.206189
-0.391078 0.206485
-0.390678 0.206781
-0.390278 0.207078
-0.389878 0.207375
-0.389478 0.207673
-0.389078 0.207972
-0.388678 0.208271
-0.388278 0.20857
-0.387878 0.20887
-0.387477 0.209171
-0.387077 0.209472
-0.386677 0.209774
-0.386277 0.210076
-0.385877 0.210379
-0.385477 0.210683
-0.385077 0.210987
-0.384677 0.211292
-0.384277 0.211597
-0.383877 0.211903
-0.383477 0.212209
-0.383077 0.212516
-0.382677 0.212824
-0.382276 0.213132
-0.381876 0.213441
-0.381476 0.213751
-0.381076 0.214061
-0.380676 0.214372
-0.380276 0.214684
-0.379876 0.214996
-0.379476 0.215309
-0.379076 0.215622
-0.378676 0.215936
-0.378276 0.216251
-0.377876 0.216567
-0.377475 0.216883
-0.377075 0.2172
-0.376675 0.217517
-0.376275 0.217836
-0.375875 0.218155
-0.375475 0.218474
-0.375075 0.218795
-0.374675 0.219116
-0.374275 0.219438
-0.373875 0.21976
-0.373475 0.220084
-0.373075 0.220408
-0.372675 0.220733
-0.372274 0.221058
-0.371874 0.221384
-0.371474 0.221712
-0.371074 0.222039
-0.370674 0.222368
-0.370274 0.222697
-0.369874 0.223028
-0.369474 0.223359
-0.369074 0.22369
-0.368674 0.224023
-0.368274 0.224356
-0.367874 0.22469
-0.367473 0.225025
-0.367073 0.225361
-0.366673 0.225698
-0.366273 0.226035
-0.365873 0.226373
-0.365473 0.226713
-0.365073 0.227053
-0.364673 0.227393
-0.364273 0.227735
-0.363873 0.228078
-0.363473 0.228421
-0.363073 0.228765
-0.362673 0.22911
-0.362272 0.229456
-0.361872 0.229803
-0.361472 0.230151
-0.361072 0.2305
-0.360672 0.230849
-0.360272 0.2312
-0.359872 0.231551
-0.359472 0.231903
-0.359072 0.232257
-0.358672 0.232611
-0.358272 0.232966
-0.357872 0.233322
-0.357471 0.233679
-0.357071 0.234037
-0.356671 0.234396
-0.356271 0.234755
-0.355871 0.235116
-0.355471 0.235478
-0.355071 0.235841
-0.354671 0.236204
-0.354271 0.236569
-0.353871 0.236935
-0.353471 0.237301
-0.353071 0.237669
-0.352671 0.238038
-0.35227 0.238407
-0.35187 0.238778
-0.35147 0.23915
-0.35107 0.239522
-0.35067 0.239896
-0.35027 0.240271
-0.34987 0.240647
-0.34947 0.241024
-0.34907 0.241402
-0.34867 0.241781
-0.34827 0.242161
-0.34787 0.242542
-0.347469 0.242924
-0.347069 0.243307
-0.346669 0.243691
-0.346269 0.244077
-0.345869 0.244463
-0.345469 0.244851
-0.345069 0.24524
-0.344669 0.245629
-0.344269 0.24602
-0.343869 0.246412
-0.343469 0.246806
-0.343069 0.2472
-0.342669 0.247595
-0.342268 0.247992
-0.341868 0.248389
-0.341468 0.248788
-0.341068 0.249188
-0.340668 0.249589
-0.340268 0.249992
-0.339868 0.250395
-0.339468 0.2508
-0.339068 0.251206
-0.338668 0.251613
-0.338268 0.252021
-0.337868 0.25243
-0.337467 0.252841
-0.337067 0.253253
-0.336667 0.253666
-0.336267 0.25408
-0.335867 0.254495
-0.335467 0.254912
-0.335067 0.25533
-0.334667 0.255749
-0.334267 0.256169
-0.333867 0.256591
-0.333467 0.257014
-0.333067 0.257438
-0.332667 0.257863
-0.332266 0.25829
-0.331866 0.258718
-0.331466 0.259147
-0.331066 0.259578
-0.330666 0.260009
-0.330266 0.260442
-0.329866 0.260877
-0.329466 0.261312
-0.329066 0.261749
-0.328666 0.262188
-0.328266 0.262627
-0.327866 0.263068
-0.327465 0.26351
-0.327065 0.263954
-0.326665 0.264399
-0.326265 0.264845
-0.325865 0.265293
-0.325465 0.265742
-0.325065 0.266192
-0.324665 0.266644
-0.324265 0.267097
-0.323865 0.267551
-0.323465 0.268007
-0.323065 0.268464
-0.322665 0.268922
-0.322264 0.269382
-0.321864 0.269844
-0.321464 0.270307
-0.321064 0.270771
-0.320664 0.271236
-0.320264 0.271703
-0.319864 0.272172
-0.319464 0.272642
-0.319064 0.273113
-0.318664 0.273586
-0.318264 0.27406
-0.317864 0.274535
-0.317463 0.275013
-0.317063 0.275491
-0.316663 0.275971
-0.316263 0.276453
-0.315863 0.276936
-0.315463 0.27742
-0.315063 0.277906
-0.314663 0.278393
-0.314263 0.278882
-0.313863 0.279373
-0.313463 0.279865
-0.313063 0.280358
-0.312663 0.280853
-0.312262 0.28135
-0.311862 0.281848
-0.311462 0.282347
-0.311062 0.282848
-0.310662 0.283351
-0.310262 0.283855
-0.309862 0.284361
-0.309462 0.284868
-0.309062 0.285377
-0.308662 0.285887
-0.308262 0.286399
-0.307862 0.286913
-0.307461 0.287428
-0.307061 0.287945
-0.306661 0.288463
-0.306261 0.288983
-0.305861 0.289505
-0.305461 0.290028
-0.305061 0.290553
-0.304661 0.291079
-0.304261 0.291607
-0.303861 0.292137
-0.303461 0.292668
-0.303061 0.293201
-0.302661 0.293736
-0.30226 0.294272
-0.30186 0.29481
-0.30146 0.295349
-0.30106 0.295891
-0.30066 0.296433
-0.30026 0.296978
-0.29986 0.297524
-0.29946 0.298072
-0.29906 0.298622
-0.29866 0.299173
-0.29826 0.299726
-0.29786 0.300281
-0.297459 0.300837
-0.297059 0.301396
-0.296659 0.301956
-0.296259 0.302517
-0.295859 0.303081
-0.295459 0.303646
-0.295059 0.304212
-0.294659 0.304781
-0.294259 0.305351
-0.293859 0.305924
-0.293459 0.306497
-0.293059 0.307073
-0.292659 0.307651
-0.292258 0.30823
-0.291858 0.308811
-0.291458 0.309393
-0.291058 0.309978
-0.290658 0.310564
-0.290258 0.311153
-0.289858 0.311743
-0.289458 0.312334
-0.289058 0.312928
-0.288658 0.313524
-0.288258 0.314121
-0.287858 0.31472
-0.287457 0.315321
-0.287057 0.315924
-0.286657 0.316528
-0.286257 0.317135
-0.285857 0.317743
-0.285457 0.318354
-0.285057 0.318966
-0.284657 0.31958
-0.284257 0.320196
-0.283857 0.320813
-0.283457 0.321433
-0.283057 0.322055
-0.282657 0.322678
-0.282256 0.323304
-0.281856 0.323931
-0.281456 0.32456
-0.281056 0.325191
-0.280656 0.325824
-0.280256 0.326459
-0.279856 0.327096
-0.279456 0.327735
-0.279056 0.328376
-0.278656 0.329019
-0.278256 0.329664
-0.277856 0.33031
-0.277455 0.330959
-0.277055 0.33161
-0.276655 0.332262
-0.276255 0.332917
-0.275855 0.333574
-0.275455 0.334232
-0.275055 0.334893
-0.274655 0.335556
-0.274255 0.33622
-0.273855 0.336887
-0.273455 0.337556
-0.273055 0.338226
-0.272655 0.338899
-0.272254 0.339574
-0.271854 0.340251
-0.271454 0.34093
-0.271054 0.341611
-0.270654 0.342294
-0.270254 0.342979
-0.269854 0.343666
-0.269454 0.344355
-0.269054 0.345046
-0.268654 0.34574
-0.268254 0.346435
-0.267854 0.347133
-0.267453 0.347832
-0.267053 0.348534
-0.266653 0.349238
-0.266253 0.349944
-0.265853 0.350652
-0.265453 0.351362
-0.265053 0.352075
-0.264653 0.352789
-0.264253 0.353506
-0.263853 0.354225
-0.263453 0.354946
-0.263053 0.355669
-0.262653 0.356394
-0.262252 0.357121
-0.261852 0.357851
-0.261452 0.358583
-0.261052 0.359317
-0.260652 0.360053
-0.260252 0.360791
-0.259852 0.361532
-0.259452 0.362274
-0.259052 0.363019
-0.258652 0.363766
-0.258252 0.364516
-0.257852 0.365267
-0.257451 0.366021
-0.257051 0.366777
-0.256651 0.367536
-0.256251 0.368296
-0.255851 0.369059
-0.255451 0.369824
-0.255051 0.370591
-0.254651 0.371361
-0.254251 0.372133
-0.253851 0.372907
-0.253451 0.373683
-0.253051 0.374462
-0.252651 0.375243
-0.25225 0.376026
-0.25185 0.376811
-0.25145 0.377599
-0.25105 0.37839
-0.25065 0.379182
-0.25025 0.379977
-0.24985 0.380774
-0.24945 0.381573
-0.24905 0.382375
-0.24865 0.383179
-0.24825 0.383986
-0.24785 0.384795
-0.247449 0.385606
-0.247049 0.386419
-0.246649 0.387235
-0.246249 0.388054
-0.245849 0.388874
-0.245449 0.389697
-0.245049 0.390523
-0.244649 0.391351
-0.244249 0.392181
-0.243849 0.393014
-0.243449 0.393849
-0.243049 0.394686
-0.242649 0.395526
-0.242248 0.396368
-0.241848 0.397213
-0.241448 0.39806
-0.241048 0.39891
-0.240648 0.399762
-0.240248 0.400617
-0.239848 0.401473
-0.239448 0.402333
-0.239048 0.403195
-0.238648 0.404059
-0.238248 0.404926
-0.237848 0.405795
-0.237447 0.406667
-0.237047 0.407541
-0.236647 0.408418
-0.236247 0.409298
-0.235847 0.410179
-0.235447 0.411064
-0.235047 0.41195
-0.234647 0.41284
-0.234247 0.413732
-0.233847 0.414626
-0.233447 0.415523
-0.233047 0.416423
-0.232647 0.417325
-0.232246 0.418229
-0.231846 0.419136
-0.231446 0.420046
-0.231046 0.420958
-0.230646 0.421873
-0.230246 0.422791
-0.229846 0.423711
-0.229446 0.424633
-0.229046 0.425558
-0.228646 0.426486
-0.228246 0.427417
-0.227846 0.42835
-0.227445 0.429285
-0.227045 0.430223
-0.226645 0.431164
-0.226245 0.432108
-0.225845 0.433054
-0.225445 0.434003
-0.225045 0.434954
-0.224645 0.435908
-0.224245 0.436865
-0.223845 0.437824
-0.223445 0.438786
-0.223045 0.439751
-0.222645 0.440719
-0.222244 0.441689
-0.221844 0.442661
-0.221444 0.443637
-0.221044 0.444615
-0.220644 0.445596
-0.220244 0.446579
-0.219844 0.447566
-0.219444 0.448555
-0.219044 0.449546
-0.218644 0.450541
-0.218244 0.451538
-0.217844 0.452538
-0.217443 0.453541
-0.217043 0.454546
-0.216643 0.455554
-0.216243 0.456565
-0.215843 0.457579
-0.215443 0.458595
-0.215043 0.459614
-0.214643 0.460636
-0.214243 0.461661
-0.213843 0.462689
-0.213443 0.463719
-0.213043 0.464752
-0.212643 0.465788
-0.212242 0.466827
-0.211842 0.467869
-0.211442 0.468913
-0.211042 0.46996
-0.210642 0.471011
-0.210242 0.472064
-0.209842 0.473119
-0.209442 0.474178
-0.209042 0.475239
-0.208642 0.476304
-0.208242 0.477371
-0.207842 0.478441
-0.207441 0.479514
-0.207041 0.48059
-0.206641 0.481668
-0.206241 0.48275
-0.205841 0.483834
-0.205441 0.484922
-0.205041 0.486012
-0.204641 0.487105
-0.204241 0.488201
-0.203841 0.4893
-0.203441 0.490402
-0.203041 0.491507
-0.202641 0.492615
-0.20224 0.493725
-0.20184 0.494839
-0.20144 0.495956
-0.20104 0.497075
-0.20064 0.498198
-0.20024 0.499323
-0.19984 0.500452
-0.19944 0.501583
-0.19904 0.502718
-0.19864 0.503855
-0.19824 0.504995
-0.19784 0.506138
-0.197439 0.507284
-0.197039 0.508433
-0.196639 0.509584
-0.196239 0.510739
-0.195839 0.511896
-0.195439 0.513056
-0.195039 0.514219
-0.194639 0.515384
-0.194239 0.516552
-0.193839 0.517723
-0.193439 0.518896
-0.193039 0.520072
-0.192639 0.521251
-0.192238 0.522432
-0.191838 0.523616
-0.191438 0.524802
-0.191038 0.525991
-0.190638 0.527182
-0.190238 0.528376
-0.189838 0.529572
-0.189438 0.530771
-0.189038 0.531972
-0.188638 0.533176
-0.188238 0.534382
-0.187838 0.53559
-0.187437 0.536801
-0.187037 0.538014
-0.186637 0.539229
-0.186237 0.540446
-0.185837 0.541666
-0.185437 0.542888
-0.185037 0.544112
-0.184637 0.545339
-0.184237 0.546567
-0.183837 0.547798
-0.183437 0.549031
-0.183037 0.550266
-0.182637 0.551503
-0.182236 0.552742
-0.181836 0.553983
-0.181436 0.555226
-0.181036 0.556472
-0.180636 0.557719
-0.180236 0.558968
-0.179836 0.560219
-0.179436 0.561472
-0.179036 0.562727
-0.178636 0.563983
-0.178236 0.565242
-0.177836 0.566502
-0.177435 0.567765
-0.177035 0.569029
-0.176635 0.570295
-0.176235 0.571562
-0.175835 0.572831
-0.175435 0.574102
-0.175035 0.575375
-0.174635 0.576649
-0.174235 0.577925
-0.173835 0.579203
-0.173435 0.580482
-0.173035 0.581763
-0.172635 0.583046
-0.172234 0.584329
-0.171834 0.585615
-0.171434 0.586902
-0.171034 0.58819
-0.170634 0.58948
-0.170234 0.590771
-0.169834 0.592064
-0.169434 0.593358
-0.169034 0.594654
-0.168634 0.595951
-0.168234 0.597249
-0.167834 0.598548
-0.167433 0.599849
-0.167033 0.601151
-0.166633 0.602454
-0.166233 0.603759
-0.165833 0.605065
-0.165433 0.606372
-0.165033 0.60768
-0.164633 0.608989
-0.164233 0.610299
-0.163833 0.611611
-0.163433 0.612923
-0.163033 0.614237
-0.162633 0.615552
-0.162232 0.616867
-0.161832 0.618184
-0.161432 0.619501
-0.161032 0.62082
-0.160632 0.62214
-0.160232 0.62346
-0.159832 0.624781
-0.159432 0.626103
-0.159032 0.627427
-0.158632 0.62875
-0.158232 0.630075
-0.157832 0.631401
-0.157431 0.632727
-0.157031 0.634054
-0.156631 0.635382
-0.156231 0.63671
-0.155831 0.638039
-0.155431 0.639369
-0.155031 0.640699
-0.154631 0.64203
-0.154231 0.643362
-0.153831 0.644694
-0.153431 0.646027
-0.153031 0.64736
-0.152631 0.648694
-0.15223 0.650028
-0.15183 0.651363
-0.15143 0.652698
-0.15103 0.654034
-0.15063 0.65537
-0.15023 0.656706
-0.14983 0.658043
-0.14943 0.659381
-0.14903 0.660718
-0.14863 0.662056
-0.14823 0.663394
-0.14783 0.664732
-0.147429 0.666071
-0.147029 0.66741
-0.146629 0.668749
-0.146229 0.670088
-0.145829 0.671427
-0.145429 0.672767
-0.145029 0.674107
-0.144629 0.675446
-0.144229 0.676786
-0.143829 0.678126
-0.143429 0.679466
-0.143029 0.680806
-0.142629 0.682146
-0.142228 0.683486
-0.141828 0.684825
-0.141428 0.686165
-0.141028 0.687505
-0.140628 0.688844
-0.140228 0.690184
-0.139828 0.691523
-0.139428 0.692862
-0.139028 0.694201
-0.138628 0.69554
-0.138228 0.696878
-0.137828 0.698217
-0.137427 0.699554
-0.137027 0.700892
-0.136627 0.702229
-0.136227 0.703566
-0.135827 0.704903
-0.135427 0.706239
-0.135027 0.707575
-0.134627 0.70891
-0.134227 0.710245
-0.133827 0.71158
-0.133427 0.712914
-0.133027 0.714247
-0.132627 0.71558
-0.132226 0.716912
-0.131826 0.718244
-0.131426 0.719575
-0.131026 0.720906
-0.130626 0.722236
-0.130226 0.723565
-0.129826 0.724894
-0.129426 0.726222
-0.129026 0.727549
-0.128626 0.728876
-0.128226 0.730201
-0.127826 0.731526
-0.127425 0.73285
-0.127025 0.734174
-0.126625 0.735496
-0.126225 0.736818
-0.125825 0.738138
-0.125425 0.739458
-0.125025 0.740777
-0.124625 0.742095
-0.124225 0.743412
-0.123825 0.744728
-0.123425 0.746043
-0.123025 0.747357
-0.122625 0.74867
-0.122224 0.749981
-0.121824 0.751292
-0.121424 0.752602
-0.121024 0.75391
-0.120624 0.755218
-0.120224 0.756524
-0.119824 0.757829
-0.119424 0.759132
-0.119024 0.760435
-0.118624 0.761736
-0.118224 0.763036
-0.117824 0.764334
-0.117423 0.765632
-0.117023 0.766928
-0.116623 0.768222
-0.116223 0.769515
-0.115823 0.770807
-0.115423 0.772097
-0.115023 0.773386
-0.114623 0.774674
-0.114223 0.77596
-0.113823 0.777244
-0.113423 0.778527
-0.113023 0.779808
-0.112623 0.781088
-0.112222 0.782366
-0.111822 0.783642
-0.111422 0.784917
-0.111022 0.786191
-0.110622 0.787462
-0.110222 0.788732
-0.109822 0.79
-0.109422 0.791266
-0.109022 0.792531
-0.108622 0.793794
-0.108222 0.795055
-0.107822 0.796314
-0.107421 0.797571
-0.107021 0.798827
-0.106621 0.80008
-0.106221 0.801332
-0.105821 0.802582
-0.105421 0.803829
-0.105021 0.805075
-0.104621 0.806319
-0.104221 0.807561
-0.103821 0.808801
-0.103421 0.810038
-0.103021 0.811274
-0.102621 0.812507
-0.10222 0.813739
-0.10182 0.814968
-0.10142 0.816195
-0.10102 0.81742
-0.10062 0.818643
-0.10022 0.819863
-0.09982 0.821081
-0.0994199 0.822297
-0.0990198 0.823511
-0.0986197 0.824722
-0.0982196 0.825931
-0.0978196 0.827138
-0.0974195 0.828342
-0.0970194 0.829544
-0.0966193 0.830744
-0.0962192 0.831941
-0.0958192 0.833135
-0.0954191 0.834328
-0.095019 0.835517
-0.0946189 0.836704
-0.0942188 0.837889
-0.0938188 0.839071
-0.0934187 0.84025
-0.0930186 0.841427
-0.0926185 0.842601
-0.0922184 0.843773
-0.0918184 0.844942
-0.0914183 0.846108
-0.0910182 0.847272
-0.0906181 0.848432
-0.090218 0.84959
-0.089818 0.850746
-0.0894179 0.851898
-0.0890178 0.853048
-0.0886177 0.854195
-0.0882176 0.855339
-0.0878176 0.85648
-0.0874175 0.857618
-0.0870174 0.858753
-0.0866173 0.859885
-0.0862172 0.861015
-0.0858172 0.862141
-0.0854171 0.863265
-0.085017 0.864385
-0.0846169 0.865502
-0.0842168 0.866617
-0.0838168 0.867728
-0.0834167 0.868836
-0.0830166 0.869941
-0.0826165 0.871043
-0.0822164 0.872141
-0.0818164 0.873237
-0.0814163 0.874329
-0.0810162 0.875418
-0.0806161 0.876504
-0.080216 0.877587
-0.079816 0.878666
-0.0794159 0.879742
-0.0790158 0.880814
-0.0786157 0.881883
-0.0782156 0.882949
-0.0778156 0.884012
-0.0774155 0.885071
-0.0770154 0.886126
-0.0766153 0.887178
-0.0762152 0.888227
-0.0758152 0.889272
-0.0754151 0.890314
-0.075015 0.891352
-0.0746149 0.892386
-0.0742148 0.893417
-0.0738148 0.894445
-0.0734147 0.895468
-0.0730146 0.896488
-0.0726145 0.897505
-0.0722144 0.898517
-0.0718144 0.899526
-0.0714143 0.900532
-0.0710142 0.901533
-0.0706141 0.902531
-0.070214 0.903525
-0.069814 0.904515
-0.0694139 0.905501
-0.0690138 0.906483
-0.0686137 0.907462
-0.0682136 0.908437
-0.0678136 0.909407
-0.0674135 0.910374
-0.0670134 0.911337
-0.0666133 0.912296
-0.0662132 0.91325
-0.0658132 0.914201
-0.0654131 0.915148
-0.065013 0.916091
-0.0646129 0.917029
-0.0642128 0.917964
-0.0638128 0.918894
-0.0634127 0.91982
-0.0630126 0.920742
-0.0626125 0.92166
-0.0622124 0.922574
-0.0618124 0.923483
-0.0614123 0.924388
-0.0610122 0.925289
-0.0606121 0.926186
-0.060212 0.927078
-0.059812 0.927966
-0.0594119 0.928849
-0.0590118 0.929728
-0.0586117 0.930603
-0.0582116 0.931473
-0.0578116 0.932339
-0.0574115 0.933201
-0.0570114 0.934058
-0.0566113 0.93491
-0.0562112 0.935758
-0.0558112 0.936601
-0.0554111 0.93744
-0.055011 0.938274
-0.0546109 0.939104
-0.0542108 0.939929
-0.0538108 0.940749
-0.0534107 0.941565
-0.0530106 0.942376
-0.0526105 0.943182
-0.0522104 0.943983
-0.0518104 0.94478
-0.0514103 0.945572
-0.0510102 0.946359
-0.0506101 0.947141
-0.05021 0.947919
-0.04981 0.948691
-0.0494099 0.949459
-0.0490098 0.950222
-0.0486097 0.95098
-0.0482096 0.951733
-0.0478096 0.952481
-0.0474095 0.953224
-0.0470094 0.953962
-0.0466093 0.954695
-0.0462092 0.955423
-0.0458092 0.956145
-0.0454091 0.956863
-0.045009 0.957576
-0.0446089 0.958283
-0.0442088 0.958986
-0.0438088 0.959683
-0.0434087 0.960375
-0.0430086 0.961062
-0.0426085 0.961743
-0.0422084 0.962419
-0.0418084 0.96309
-0.0414083 0.963756
-0.0410082 0.964416
-0.0406081 0.965071
-0.040208 0.965721
-0.039808 0.966365
-0.0394079 0.967004
-0.0390078 0.967637
-0.0386077 0.968265
-0.0382076 0.968888
-0.0378076 0.969505
-0.0374075 0.970116
-0.0370074 0.970722
-0.0366073 0.971323
-0.0362072 0.971918
-0.0358072 0.972507
-0.0354071 0.97309
-0.035007 0.973668
-0.0346069 0.974241
-0.0342068 0.974807
-0.0338068 0.975368
-0.0334067 0.975924
-0.0330066 0.976473
-0.0326065 0.977017
-0.0322064 0.977555
-0.0318064 0.978087
-0.0314063 0.978613
-0.0310062 0.979134
-0.0306061 0.979648
-0.030206 0.980157
-0.029806 0.98066
-0.0294059 0.981157
-0.0290058 0.981648
-0.0286057 0.982133
-0.0282056 0.982611
-0.0278056 0.983084
-0.0274055 0.983551
-0.0270054 0.984012
-0.0266053 0.984467
-0.0262052 0.984916
-0.0258052 0.985358
-0.0254051 0.985795
-0.025005 0.986225
-0.0246049 0.986649
-0.0242048 0.987067
-0.0238048 0.987479
-0.0234047 0.987884
-0.0230046 0.988283
-0.0226045 0.988676
-0.0222044 0.989063
-0.0218044 0.989443
-0.0214043 0.989817
-0.0210042 0.990184
-0.0206041 0.990545
-0.020204 0.9909
-0.019804 0.991248
-0.0194039 0.99159
-0.0190038 0.991925
-0.0186037 0.992254
-0.0182036 0.992577
-0.0178036 0.992892
-0.0174035 0.993202
-0.0170034 0.993504
-0.0166033 0.9938
-0.0162032 0.99409
-0.0158032 0.994373
-0.0154031 0.994649
-0.015003 0.994918
-0.0146029 0.995181
-0.0142028 0.995437
-0.0138028 0.995686
-0.0134027 0.995929
-0.0130026 0.996165
-0.0126025 0.996394
-0.0122024 0.996616
-0.0118024 0.996831
-0.0114023 0.997039
-0.0110022 0.997241
-0.0106021 0.997435
-0.010202 0.997623
-0.00980196 0.997804
-0.00940188 0.997977
-0.0090018 0.998144
-0.00860172 0.998304
-0.00820164 0.998456
-0.00780156 0.998602
-0.00740148 0.998741
-0.0070014 0.998872
-0.00660132 0.998996
-0.00620124 0.999113
-0.00580116 0.999223
-0.00540108 0.999326
-0.005001 0.999422
-0.00460092 0.99951
-0.00420084 0.999591
-0.00380076 0.999665
-0.00340068 0.999732
-0.0030006 0.999791
-0.00260052 0.999843
-0.00220044 0.999887
-0.00180036 0.999925
-0.00140028 0.999954
-0.0010002 0.999977
-0.00060012 0.999992
-0.00020004 0.999999
0.00020004 0.999999
0.00060012 0.999992
0.0010002 0.999977
0.00140028 0.999954
0.00180036 0.999924
0.00220044 0.999887
0.00260052 0.999843
0.0030006 0.999791
0.00340068 0.999732
0.00380076 0.999665
0.00420084 0.999591
0.00460092 0.99951
0.005001 0.999422
0.00540108 0.999326
0.00580116 0.999223
0.00620124 0.999113
0.00660132 0.998996
0.0070014 0.998872
0.00740148 0.998741
0.00780156 0.998602
0.00820164 0.998456
0.00860172 0.998304
0.0090018 0.998144
0.00940188 0.997977
0.00980196 0.997804
0.010202 0.997623
0.0106021 0.997435
0.0110022 0.997241
0.0114023 0.997039
0.0118024 0.996831
0.0122024 0.996616
0.0126025 0.996394
0.0130026 0.996165
0.0134027 0.995929
0.0138028 0.995686
0.0142028 0.995437
0.0146029 0.995181
0.015003 0.994918
0.0154031 0.994649
0.0158032 0.994373
0.0162032 0.99409
0.0166033 0.9938
0.0170034 0.993504
0.0174035 0.993202
0.0178036 0.992892
0.0182036 0.992577
0.0186037 0.992254
0.0190038 0.991925
0.0194039 0.99159
0.019804 0.991248
0.020204 0.9909
0.0206041 0.990545
0.0210042 0.990184
0.0214043 0.989817
0.0218044 0.989443
0.0222044 0.989063
0.0226045 0.988676
0.0230046 0.988283
0.0234047 0.987884
0.0238048 0.987479
0.0242048 0.987067
0.0246049 0.986649
0.025005 0.986225
0.0254051 0.985795
0.0258052 0.985358
0.0262052 0.984916
0.0266053 0.984467
0.0270054 0.984012
0.0274055 0.983551
0.0278056 0.983084
0.0282056 0.982611
0.0286057 0.982132
0.0290058 0.981648
0.0294059 0.981157
0.029806 0.98066
0.030206 0.980157
0.0306061 0.979648
0.0310062 0.979134
0.0314063 0.978613
0.0318064 0.978087
0.0322064 0.977555
0.0326065 0.977017
0.0330066 0.976473
0.0334067 0.975924
0.0338068 0.975368
0.0342068 0.974807
0.0346069 0.974241
0.035007 0.973668
0.0354071 0.97309
0.0358072 0.972507
0.0362072 0.971918
0.0366073 0.971323
0.0370074 0.970722
0.0374075 0.970116
0.0378076 0.969505
0.0382076 0.968888
0.0386077 0.968265
0.0390078 0.967637
0.0394079 0.967004
0.039808 0.966365
0.040208 0.965721
0.0406081 0.965071
0.0410082 0.964416
0.0414083 0.963756
0.0418084 0.96309
0.0422084 0.962419
0.0426085 0.961743
0.0430086 0.961062
0.0434087 0.960375
0.0438088 0.959683
0.0442088 0.958986
0.0446089 0.958283
0.045009 0.957576
0.0454091 0.956863
0.0458092 0.956145
0.0462092 0.955423
0.0466093 0.954695
0.0470094 0.953962
0.0474095 0.953224
0.0478096 0.952481
0.0482096 0.951733
0.0486097 0.95098
0.0490098 0.950222
0.0494099 0.949459
0.04981 0.948691
0.05021 0.947919
0.0506101 0.947141
0.0510102 0.946359
0.0514103 0.945572
0.0518104 0.94478
0.0522104 0.943983
0.0526105 0.943182
0.0530106 0.942376
0.0534107 0.941565
0.0538108 0.940749
0.0542108 0.939929
0.0546109 0.939104
0.055011 0.938274
0.0554111 0.93744
0.0558112 0.936601
0.0562112 0.935758
0.0566113 0.93491
0.0570114 0.934058
0.0574115 0.933201
0.0578116 0.932339
0.0582116 0.931473
0.0586117 0.930603
0.0590118 0.929728
0.0594119 0.928849
0.059812 0.927966
0.060212 0.927078
0.0606121 0.926185
0.0610122 0.925289
0.0614123 0.924388
0.0618124 0.923483
0.0622124 0.922574
0.0626125 0.92166
0.0630126 0.920742
0.0634127 0.91982
0.0638128 0.918894
0.0642128 0.917964
0.0646129 0.917029
0.065013 0.916091
0.0654131 0.915148
0.0658132 0.914201
0.0662132 0.91325
0.0666133 0.912296
0.0670134 0.911337
0.0674135 0.910374
0.0678136 0.909407
0.0682136 0.908437
0.0686137 0.907462
0.0690138 0.906483
0.0694139 0.905501
0.069814 0.904515
0.070214 0.903525
0.0706141 0.902531
0.0710142 0.901533
0.0714143 0.900532
0.0718144 0.899526
0.0722144 0.898517
0.0726145 0.897505
0.0730146 0.896488
0.0734147 0.895468
0.0738148 0.894445
0.0742148 0.893417
0.0746149 0.892386
0.075015 0.891352
0.0754151 0.890314
0.0758152 0.889272
0.0762152 0.888227
0.0766153 0.887178
0.0770154 0.886126
0.0774155 0.885071
0.0778156 0.884012
0.0782156 0.882949
0.0786157 0.881883
0.0790158 0.880814
0.0794159 0.879742
0.079816 0.878666
0.080216 0.877586
0.0806161 0.876504
0.0810162 0.875418
0.0814163 0.874329
0.0818164 0.873237
0.0822164 0.872141
0.0826165 0.871043
0.0830166 0.869941
0.0834167 0.868836
0.0838168 0.867728
0.0842168 0.866617
0.0846169 0.865502
0.085017 0.864385
0.0854171 0.863265
0.0858172 0.862141
0.0862172 0.861015
0.0866173 0.859885
0.0870174 0.858753
0.0874175 0.857618
0.0878176 0.85648
0.0882176 0.855339
0.0886177 0.854195
0.0890178 0.853048
0.0894179 0.851898
0.089818 0.850746
0.090218 0.84959
0.0906181 0.848432
0.0910182 0.847272
0.0914183 0.846108
0.0918184 0.844942
0.0922184 0.843773
0.0926185 0.842601
0.0930186 0.841427
0.0934187 0.84025
0.0938188 0.839071
0.0942188 0.837889
0.0946189 0.836704
0.095019 0.835517
0.0954191 0.834328
0.0958192 0.833135
0.0962192 0.831941
0.0966193 0.830744
0.0970194 0.829544
0.0974195 0.828342
0.0978196 0.827138
0.0982196 0.825931
0.0986197 0.824722
0.0990198 0.823511
0.0994199 0.822297
0.09982 0.821081
0.10022 0.819863
0.10062 0.818643
0.10102 0.81742
0.10142 0.816195
0.10182 0.814968
0.10222 0.813739
0.102621 0.812507
0.103021 0.811274
0.103421 0.810038
0.103821 0.808801
0.104221 0.807561
0.104621 0.806319
0.105021 0.805075
0.105421 0.803829
0.105821 0.802582
0.106221 0.801332
0.106621 0.80008
0.107021 0.798827
0.107421 0.797571
0.107822 0.796314
0.108222 0.795055
0.108622 0.793794
0.109022 0.792531
0.109422 0.791266
0.109822 0.79
0.110222 0.788732
0.110622 0.787462
0.111022 0.786191
0.111422 0.784917
0.111822 0.783642
0.112222 0.782366
0.112623 0.781088
0.113023 0.779808
0.113423 0.778527
0.113823 0.777244
0.114223 0.77596
0.114623 0.774674
0.115023 0.773386
0.115423 0.772097
0.115823 0.770807
0.116223 0.769515
0.116623 0.768222
0.117023 0.766928
0.117423 0.765632
0.117824 0.764334
0.118224 0.763036
0.118624 0.761736
0.119024 0.760435
0.119424 0.759132
0.119824 0.757829
0.120224 0.756524
0.120624 0.755218
0.121024 0.75391
0.121424 0.752602
0.121824 0.751292
0.122224 0.749981
0.122625 0.74867
0.123025 0.747357
0.123425 0.746043
0.123825 0.744728
0.124225 0.743412
0.124625 0.742095
0.125025 0.740777
0.125425 0.739458
0.125825 0.738138
0.126225 0.736818
0.126625 0.735496
0.127025 0.734174
0.127425 0.73285
0.127826 0.731526
0.128226 0.730201
0.128626 0.728876
0.129026 0.727549
0.129426 0.726222
0.129826 0.724894
0.130226 0.723565
0.130626 0.722236
0.131026 0.720906
0.131426 0.719575
0.131826 0.718244
0.132226 0.716912
0.132627 0.71558
0.133027 0.714247
0.133427 0.712914
0.133827 0.71158
0.134227 0.710245
0.134627 0.70891
0.135027 0.707575
0.135427 0.706239
0.135827 0.704903
0.136227 0.703566
0.136627 0.702229
0.137027 0.700892
0.137427 0.699554
0.137828 0.698217
0.138228 0.696878
0.138628 0.69554
0.139028 0.694201
0.139428 0.692862
0.139828 0.691523
0.140228 0.690184
0.140628 0.688844
0.141028 0.687505
0.141428 0.686165
0.141828 0.684825
0.142228 0.683486
0.142629 0.682146
0.143029 0.680806
0.143429 0.679466
0.143829 0.678126
0.144229 0.676786
0.144629 0.675446
0.145029 0.674107
0.145429 0.672767
0.145829 0.671427
0.146229 0.670088
0.146629 0.668749
0.147029 0.66741
0.147429 0.666071
0.14783 0.664732
0.14823 0.663394
0.14863 0.662056
0.14903 0.660718
0.14943 0.65938
0.14983 0.658043
0.15023 0.656706
0.15063 0.65537
0.15103 0.654034
0.15143 0.652698
0.15183 0.651363
0.15223 0.650028
0.152631 0.648694
0.153031 0.64736
0.153431 0.646027
0.153831 0.644694
0.154231 0.643362
0.154631 0.64203
0.155031 0.640699
0.155431 0.639369
0.155831 0.638039
0.156231 0.63671
0.156631 0.635382
0.157031 0.634054
0.157431 0.632727
0.157832 0.631401
0.158232 0.630075
0.158632 0.62875
0.159032 0.627427
0.159432 0.626103
0.159832 0.624781
0.160232 0.62346
0.160632 0.62214
0.161032 0.62082
0.161432 0.619501
0.161832 0.618184
0.162232 0.616867
0.162633 0.615551
0.163033 0.614237
0.163433 0.612923
0.163833 0.611611
0.164233 0.610299
0.164633 0.608989
0.165033 0.60768
0.165433 0.606372
0.165833 0.605065
0.166233 0.603759
0.166633 0.602454
0.167033 0.601151
0.167433 0.599849
0.167834 0.598548
0.168234 0.597249
0.168634 0.595951
0.169034 0.594654
0.169434 0.593358
0.169834 0.592064
0.170234 0.590771
0.170634 0.58948
0.171034 0.58819
0.171434 0.586902
0.171834 0.585615
0.172234 0.584329
0.172635 0.583045
0.173035 0.581763
0.173435 0.580482
0.173835 0.579203
0.174235 0.577925
0.174635 0.576649
0.175035 0.575375
0.175435 0.574102
0.175835 0.572831
0.176235 0.571562
0.176635 0.570295
0.177035 0.569029
0.177435 0.567765
0.177836 0.566502
0.178236 0.565242
0.178636 0.563983
0.179036 0.562727
0.179436 0.561472
0.179836 0.560219
0.180236 0.558968
0.180636 0.557719
0.181036 0.556472
0.181436 0.555226
0.181836 0.553983
0.182236 0.552742
0.182637 0.551503
0.183037 0.550266
0.183437 0.549031
0.183837 0.547798
0.184237 0.546567
0.184637 0.545339
0.185037 0.544112
0.185437 0.542888
0.185837 0.541666
0.186237 0.540446
0.186637 0.539229
0.187037 0.538014
0.187437 0.536801
0.187838 0.53559
0.188238 0.534382
0.188638 0.533176
0.189038 0.531972
0.189438 0.530771
0.189838 0.529572
0.190238 0.528376
0.190638 0.527182
0.191038 0.525991
0.191438 0.524802
0.191838 0.523616
0.192238 0.522432
0.192639 0.521251
0.193039 0.520072
0.193439 0.518896
0.193839 0.517723
0.194239 0.516552
0.194639 0.515384
0.195039 0.514219
0.195439 0.513056
0.195839 0.511896
0.196239 0.510739
0.196639 0.509584
0.197039 0.508433
0.197439 0.507284
0.19784 0.506138
0.19824 0.504995
0.19864 0.503855
0.19904 0.502718
0.19944 0.501583
0.19984 0.500452
0.20024 0.499323
0.20064 0.498198
0.20104 0.497075
0.20144 0.495956
0.20184 0.494839
0.20224 0.493725
0.202641 0.492615
0.203041 0.491507
0.203441 0.490402
0.203841 0.4893
0.204241 0.488201
0.204641 0.487105
0.205041 0.486012
0.205441 0.484922
0.205841 0.483834
0.206241 0.48275
0.206641 0.481668
0.207041 0.48059
0.207441 0.479514
0.207842 0.478441
0.208242 0.477371
0.208642 0.476304
0.209042 0.475239
0.209442 0.474178
0.209842 0.473119
0.210242 0.472063
0.210642 0.471011
0.211042 0.46996
0.211442 0.468913
0.211842 0.467869
0.212242 0.466827
0.212643 0.465788
0.213043 0.464752
0.213443 0.463719
0.213843 0.462689
0.214243 0.461661
0.214643 0.460636
0.215043 0.459614
0.215443 0.458595
0.215843 0.457579
0.216243 0.456565
0.216643 0.455554
0.217043 0.454546
0.217443 0.453541
0.217844 0.452538
0.218244 0.451538
0.218644 0.450541
0.219044 0.449546
0.219444 0.448555
0.219844 0.447566
0.220244 0.446579
0.220644 0.445596
0.221044 0.444615
0.221444 0.443637
0.221844 0.442661
0.222244 0.441689
0.222645 0.440719
0.223045 0.439751
0.223445 0.438786
0.223845 0.437824
0.224245 0.436865
0.224645 0.435908
0.225045 0.434954
0.225445 0.434003
0.225845 0.433054
0.226245 0.432108
0.226645 0.431164
0.227045 0.430223
0.227445 0.429285
0.227846 0.42835
0.228246 0.427417
0.228646 0.426486
0.229046 0.425558
0.229446 0.424633
0.229846 0.423711
0.230246 0.422791
0.230646 0.421873
0.231046 0.420958
0.231446 0.420046
0.231846 0.419136
0.232246 0.418229
0.232647 0.417325
0.233047 0.416423
0.233447 0.415523
0.233847 0.414626
0.234247 0.413732
0.234647 0.41284
0.235047 0.41195
0.235447 0.411064
0.235847 0.410179
0.236247 0.409298
0.236647 0.408418
0.237047 0.407541
0.237447 0.406667
0.237848 0.405795
0.238248 0.404926
0.238648 0.404059
0.239048 0.403195
0.239448 0.402333
0.239848 0.401473
0.240248 0.400617
0.240648 0.399762
0.241048 0.39891
0.241448 0.39806
0.241848 0.397213
0.242248 0.396368
0.242649 0.395526
0.243049 0.394686
0.243449 0.393849
0.243849 0.393014
0.244249 0.392181
0.244649 0.391351
0.245049 0.390523
0.245449 0.389697
0.245849 0.388874
0.246249 0.388054
0.246649 0.387235
0.247049 0.386419
0.247449 0.385606
0.24785 0.384795
0.24825 0.383986
0.24865 0.383179
0.24905 0.382375
0.24945 0.381573
0.24985 0.380774
0.25025 0.379977
0.25065 0.379182
0.25105 0.37839
0.25145 0.377599
0.25185 0.376811
0.25225 0.376026
0.252651 0.375243
0.253051 0.374462
0.253451 0.373683
0.253851 0.372907
0.254251 0.372133
0.254651 0.371361
0.255051 0.370591
0.255451 0.369824
0.255851 0.369059
0.256251 0.368296
0.256651 0.367535
0.257051 0.366777
0.257451 0.366021
0.257852 0.365267
0.258252 0.364516
0.258652 0.363766
0.259052 0.363019
0.259452 0.362274
0.259852 0.361532
0.260252 0.360791
0.260652 0.360053
0.261052 0.359317
0.261452 0.358583
0.261852 0.357851
0.262252 0.357121
0.262653 0.356394
0.263053 0.355669
0.263453 0.354946
0.263853 0.354225
0.264253 0.353506
0.264653 0.352789
0.265053 0.352075
0.265453 0.351362
0.265853 0.350652
0.266253 0.349944
0.266653 0.349238
0.267053 0.348534
0.267453 0.347832
0.267854 0.347133
0.268254 0.346435
0.268654 0.34574
0.269054 0.345046
0.269454 0.344355
0.269854 0.343666
0.270254 0.342979
0.270654 0.342294
0.271054 0.341611
0.271454 0.34093
0.271854 0.340251
0.272254 0.339574
0.272655 0.338899
0.273055 0.338226
0.273455 0.337556
0.273855 0.336887
0.274255 0.33622
0.274655 0.335556
0.275055 0.334893
0.275455 0.334232
0.275855 0.333574
0.276255 0.332917
0.276655 0.332262
0.277055 0.33161
0.277455 0.330959
0.277856 0.33031
0.278256 0.329664
0.278656 0.329019
0.279056 0.328376
0.279456 0.327735
0.279856 0.327096
0.280256 0.326459
0.280656 0.325824
0.281056 0.325191
0.281456 0.32456
0.281856 0.323931
0.282256 0.323304
0.282657 0.322678
0.283057 0.322055
0.283457 0.321433
0.283857 0.320813
0.284257 0.320196
0.284657 0.31958
0.285057 0.318966
0.285457 0.318354
0.285857 0.317743
0.286257 0.317135
0.286657 0.316528
0.287057 0.315924
0.287457 0.315321
0.287858 0.31472
0.288258 0.314121
0.288658 0.313524
0.289058 0.312928
0.289458 0.312334
0.289858 0.311743
0.290258 0.311153
0.290658 0.310564
0.291058 0.309978
0.291458 0.309393
0.291858 0.308811
0.292258 0.30823
0.292659 0.307651
0.293059 0.307073
0.293459 0.306497
0.293859 0.305924
0.294259 0.305351
0.294659 0.304781
0.295059 0.304212
0.295459 0.303646
0.295859 0.303081
0.296259 0.302517
0.296659 0.301956
0.297059 0.301396
0.297459 0.300837
0.29786 0.300281
0.29826 0.299726
0.29866 0.299173
0.29906 0.298622
0.29946 0.298072
0.29986 0.297524
0.30026 0.296978
0.30066 0.296433
0.30106 0.295891
0.30146 0.295349
0.30186 0.29481
0.30226 0.294272
0.302661 0.293736
0.303061 0.293201
0.303461 0.292668
0.303861 0.292137
0.304261 0.291607
0.304661 0.291079
0.305061 0.290553
0.305461 0.290028
0.305861 0.289505
0.306261 0.288983
0.306661 0.288463
0.307061 0.287945
0.307461 0.287428
0.307862 0.286913
0.308262 0.286399
0.308662 0.285887
0.309062 0.285377
0.309462 0.284868
0.309862 0.284361
0.310262 0.283855
0.310662 0.283351
0.311062 0.282848
0.311462 0.282347
0.311862 0.281848
0.312262 0.28135
0.312663 0.280853
0.313063 0.280358
0.313463 0.279865
0.313863 0.279373
0.314263 0.278882
0.314663 0.278393
0.315063 0.277906
0.315463 0.27742
0.315863 0.276936
0.316263 0.276453
0.316663 0.275971
0.317063 0.275491
0.317463 0.275013
0.317864 0.274535
0.318264 0.27406
0.318664 0.273586
0.319064 0.273113
0.319464 0.272642
0.319864 0.272172
0.320264 0.271703
0.320664 0.271236
0.321064 0.270771
0.321464 0.270307
0.321864 0.269844
0.322264 0.269382
0.322665 0.268922
0.323065 0.268464
0.323465 0.268007
0.323865 0.267551
0.324265 0.267097
0.324665 0.266643
0.325065 0.266192
0.325465 0.265742
0.325865 0.265293
0.326265 0.264845
0.326665 0.264399
0.327065 0.263954
0.327465 0.26351
0.327866 0.263068
0.328266 0.262627
0.328666 0.262188
0.329066 0.261749
0.329466 0.261312
0.329866 0.260877
0.330266 0.260442
0.330666 0.260009
0.331066 0.259578
0.331466 0.259147
0.331866 0.258718
0.332266 0.25829
0.332667 0.257863
0.333067 0.257438
0.333467 0.257014
0.333867 0.256591
0.334267 0.256169
0.334667 0.255749
0.335067 0.25533
0.335467 0.254912
0.335867 0.254495
0.336267 0.25408
0.336667 0.253666
0.337067 0.253253
0.337467 0.252841
0.337868 0.25243
0.338268 0.252021
0.338668 0.251613
0.339068 0.251206
0.339468 0.2508
0.339868 0.250395
0.340268 0.249992
0.340668 0.249589
0.341068 0.249188
0.341468 0.248788
0.341868 0.248389
0.342268 0.247992
0.342669 0.247595
0.343069 0.2472
0.343469 0.246806
0.343869 0.246412
0.344269 0.24602
0.344669 0.245629
0.345069 0.24524
0.345469 0.244851
0.345869 0.244463
0.346269 0.244077
0.346669 0.243691
0.347069 0.243307
0.347469 0.242924
0.34787 0.242542
0.34827 0.242161
0.34867 0.241781
0.34907 0.241402
0.34947 0.241024
0.34987 0.240647
0.35027 0.240271
0.35067 0.239896
0.35107 0.239522
0.35147 0.23915
0.35187 0.238778
0.35227 0.238407
0.352671 0.238038
0.353071 0.237669
0.353471 0.237301
0.353871 0.236935
0.354271 0.236569
0.354671 0.236204
0.355071 0.235841
0.355471 0.235478
0.355871 0.235116
0.356271 0.234755
0.356671 0.234396
0.357071 0.234037
0.357471 0.233679
0.357872 0.233322
0.358272 0.232966
0.358672 0.232611
0.359072 0.232257
0.359472 0.231903
0.359872 0.231551
0.360272 0.2312
0.360672 0.230849
0.361072 0.2305
0.361472 0.230151
0.361872 0.229803
0.362272 0.229456
0.362673 0.22911
0.363073 0.228765
0.363473 0.228421
0.363873 0.228078
0.364273 0.227735
0.364673 0.227393
0.365073 0.227053
0.365473 0.226713
0.365873 0.226373
0.366273 0.226035
0.366673 0.225698
0.367073 0.225361
0.367473 0.225025
0.367874 0.22469
0.368274 0.224356
0.368674 0.224023
0.369074 0.22369
0.369474 0.223359
0.369874 0.223028
0.370274 0.222697
0.370674 0.222368
0.371074 0.222039
0.371474 0.221712
0.371874 0.221384
0.372274 0.221058
0.372675 0.220733
0.373075 0.220408
0.373475 0.220084
0.373875 0.21976
0.374275 0.219438
0.374675 0.219116
0.375075 0.218795
0.375475 0.218474
0.375875 0.218155
0.376275 0.217836
0.376675 0.217517
0.377075 0.2172
0.377475 0.216883
0.377876 0.216567
0.378276 0.216251
0.378676 0.215936
0.379076 0.215622
0.379476 0.215309
0.379876 0.214996
0.380276 0.214684
0.380676 0.214372
0.381076 0.214061
0.381476 0.213751
0.381876 0.213441
0.382276 0.213132
0.382677 0.212824
0.383077 0.212516
0.383477 0.212209
0.383877 0.211903
0.384277 0.211597
0.384677 0.211292
0.385077 0.210987
0.385477 0.210683
0.385877 0.210379
0.386277 0.210076
0.386677 0.209774
0.387077 0.209472
0.387477 0.209171
0.387878 0.20887
0.388278 0.20857
0.388678 0.208271
0.389078 0.207972
0.389478 0.207673
0.389878 0.207375
0.390278 0.207078
0.390678 0.206781
0.391078 0.206485
0.391478 0.206189
0.391878 0.205894
0.392278 0.205599
0.392679 0.205304
0.393079 0.205011
0.393479 0.204717
0.393879 0.204424
0.394279 0.204132
0.394679 0.20384
0.395079 0.203549
0.395479 0.203258
0.395879 0.202967
0.396279 0.202677
0.396679 0.202387
0.397079 0.202098
0.397479 0.201809
0.39788 0.201521
0.39828 0.201233
0.39868 0.200946
0.39908 0.200659
0.39948 0.200372
0.39988 0.200086
0.40028 0.1998
0.40068 0.199515
0.40108 0.199229
0.40148 0.198945
0.40188 0.198661
0.40228 0.198377
0.402681 0.198093
0.403081 0.19781
0.403481 0.197528
0.403881 0.197245
0.404281 0.196963
0.404681 0.196682
0.405081 0.196401
0.405481 0.19612
0.405881 0.19584
0.406281 0.19556
0.406681 0.195281
0.407081 0.195001
0.407481 0.194723
0.407882 0.194444
0.408282 0.194167
0.408682 0.193889
0.409082 0.193612
0.409482 0.193335
0.409882 0.193059
0.410282 0.192783
0.410682 0.192507
0.411082 0.192232
0.411482 0.191957
0.411882 0.191683
0.412282 0.191409
0.412683 0.191135
0.413083 0.190862
0.413483 0.190589
0.413883 0.190317
0.414283 0.190045
0.414683 0.189773
0.415083 0.189502
0.415483 0.189231
0.415883 0.18896
0.416283 0.18869
0.416683 0.18842
0.417083 0.188151
0.417483 0.187882
0.417884 0.187613
0.418284 0.187345
0.418684 0.187077
0.419084 0.18681
0.419484 0.186543
0.419884 0.186276
0.420284 0.18601
0.420684 0.185744
0.421084 0.185478
0.421484 0.185213
0.421884 0.184948
0.422284 0.184684
0.422685 0.18442
0.423085 0.184156
0.423485 0.183893
0.423885 0.18363
0.424285 0.183368
0.424685 0.183106
0.425085 0.182844
0.425485 0.182582
0.425885 0.182321
0.426285 0.182061
0.426685 0.181801
0.427085 0.181541
0.427485 0.181281
0.427886 0.181022
0.428286 0.180763
0.428686 0.180505
0.429086 0.180247
0.429486 0.17999
0.429886 0.179732
0.430286 0.179476
0.430686 0.179219
0.431086 0.178963
0.431486 0.178707
0.431886 0.178452
0.432286 0.178197
0.432687 0.177942
0.433087 0.177688
0.433487 0.177434
0.433887 0.177181
0.434287 0.176928
0.434687 0.176675
0.435087 0.176422
0.435487 0.17617
0.435887 0.175919
0.436287 0.175668
0.436687 0.175417
0.437087 0.175166
0.437487 0.174916
0.437888 0.174666
0.438288 0.174417
0.438688 0.174168
0.439088 0.173919
0.439488 0.173671
0.439888 0.173423
0.440288 0.173175
0.440688 0.172928
0.441088 0.172681
0.441488 0.172434
0.441888 0.172188
0.442288 0.171942
0.442689 0.171697
0.443089 0.171452
0.443489 0.171207
0.443889 0.170963
0.444289 0.170719
0.444689 0.170475
0.445089 0.170232
0.445489 0.169989
0.445889 0.169747
0.446289 0.169505
0.446689 0.169263
0.447089 0.169021
0.447489 0.16878
0.44789 0.16854
0.44829 0.168299
0.44869 0.168059
0.44909 0.16782
0.44949 0.16758
0.44989 0.167342
0.45029 0.167103
0.45069 0.166865
0.45109 0.166627
0.45149 0.166389
0.45189 0.166152
0.45229 0.165916
0.452691 0.165679
0.453091 0.165443
0.453491 0.165207
0.453891 0.164972
0.454291 0.164737
0.454691 0.164502
0.455091 0.164268
0.455491 0.164034
0.455891 0.163801
0.456291 0.163567
0.456691 0.163334
0.457091 0.163102
0.457491 0.16287
0.457892 0.162638
0.458292 0.162406
0.458692 0.162175
0.459092 0.161944
0.459492 0.161714
0.459892 0.161484
0.460292 0.161254
0.460692 0.161025
0.461092 0.160796
0.461492 0.160567
0.461892 0.160339
0.462292 0.160111
0.462693 0.159883
0.463093 0.159656
0.463493 0.159429
0.463893 0.159202
0.464293 0.158976
0.464693 0.15875
0.465093 0.158525
0.465493 0.158299
0.465893 0.158075
0.466293 0.15785
0.466693 0.157626
0.467093 0.157402
0.467493 0.157178
0.467894 0.156955
0.468294 0.156732
0.468694 0.15651
0.469094 0.156288
0.469494 0.156066
0.469894 0.155845
0.470294 0.155624
0.470694 0.155403
0.471094 0.155182
0.471494 0.154962
0.471894 0.154743
0.472294 0.154523
0.472695 0.154304
0.473095 0.154085
0.473495 0.153867
0.473895 0.153649
0.474295 0.153431
0.474695 0.153214
0.475095 0.152997
0.475495 0.15278
0.475895 0.152564
0.476295 0.152348
0.476695 0.152132
0.477095 0.151917
0.477495 0.151702
0.477896 0.151487
0.478296 0.151272
0.478696 0.151058
0.479096 0.150845
0.479496 0.150631
0.479896 0.150418
0.480296 0.150206
0.480696 0.149993
0.481096 0.149781
0.481496 0.14957
0.481896 0.149358
0.482296 0.149147
0.482697 0.148937
0.483097 0.148726
0.483497 0.148516
0.483897 0.148306
0.484297 0.148097
0.484697 0.147888
0.485097 0.147679
0.485497 0.147471
0.485897 0.147263
0.486297 0.147055
0.486697 0.146848
0.487097 0.14664
0.487497 0.146434
0.487898 0.146227
0.488298 0.146021
0.488698 0.145815
0.489098 0.14561
0.489498 0.145405
0.489898 0.1452
0.490298 0.144995
0.490698 0.144791
0.491098 0.144587
0.491498 0.144384
0.491898 0.144181
0.492298 0.143978
0.492699 0.143775
0.493099 0.143573
0.493499 0.143371
0.493899 0.14317
0.494299 0.142968
0.494699 0.142767
0.495099 0.142567
0.495499 0.142367
0.495899 0.142167
0.496299 0.141967
0.496699 0.141768
0.497099 0.141568
0.497499 0.14137
0.4979 0.141171
0.4983 0.140973
0.4987 0.140776
0.4991 0.140578
0.4995 0.140381
0.4999 0.140184
0.5003 0.139988
0.5007 0.139792
0.5011 0.139596
0.5015 0.1394
0.5019 0.139205
0.5023 0.13901
0.502701 0.138815
0.503101 0.138621
0.503501 0.138427
0.503901 0.138233
0.504301 0.13804
0.504701 0.137847
0.505101 0.137654
0.505501 0.137462
0.505901 0.13727
0.506301 0.137078
0.506701 0.136887
0.507101 0.136695
0.507502 0.136505
0.507902 0.136314
0.508302 0.136124
0.508702 0.135934
0.509102 0.135744
0.509502 0.135555
0.509902 0.135366
0.510302 0.135177
0.510702 0.134989
0.511102 0.134801
0.511502 0.134613
0.511902 0.134425
0.512302 0.134238
0.512703 0.134051
0.513103 0.133865
0.513503 0.133679
0.513903 0.133493
0.514303 0.133307
0.514703 0.133122
0.515103 0.132937
0.515503 0.132752
0.515903 0.132567
0.516303 0.132383
0.516703 0.132199
0.517103 0.132016
0.517504 0.131833
0.517904 0.13165
0.518304 0.131467
0.518704 0.131285
0.519104 0.131103
0.519504 0.130921
0.519904 0.13074
0.520304 0.130559
0.520704 0.130378
0.521104 0.130197
0.521504 0.130017
0.521904 0.129837
0.522304 0.129657
0.522705 0.129478
0.523105 0.129299
0.523505 0.12912
0.523905 0.128942
0.524305 0.128764
0.524705 0.128586
0.525105 0.128408
0.525505 0.128231
0.525905 0.128054
0.526305 0.127877
0.526705 0.127701
0.527105 0.127525
0.527506 0.127349
0.527906 0.127174
0.528306 0.126999
0.528706 0.126824
0.529106 0.126649
0.529506 0.126475
0.529906 0.126301
0.530306 0.126127
0.530706 0.125953
0.531106 0.12578
0.531506 0.125607
0.531906 0.125435
0.532306 0.125262
0.532707 0.12509
0.533107 0.124919
0.533507 0.124747
0.533907 0.124576
0.534307 0.124405
0.534707 0.124235
0.535107 0.124064
0.535507 0.123894
0.535907 0.123725
0.536307 0.123555
0.536707 0.123386
0.537107 0.123217
0.537508 0.123049
0.537908 0.12288
0.538308 0.122712
0.538708 0.122545
0.539108 0.122377
0.539508 0.12221
0.539908 0.122043
0.540308 0.121877
0.540708 0.12171
0.541108 0.121544
0.541508 0.121379
0.541908 0.121213
0.542308 0.121048
0.542709 0.120883
0.543109 0.120719
0.543509 0.120554
0.543909 0.12039
0.544309 0.120226
0.544709 0.120063
0.545109 0.1199
0.545509 0.119737
0.545909 0.119574
0.546309 0.119412
0.546709 0.11925
0.547109 0.119088
0.54751 0.118926
0.54791 0.118765
0.54831 0.118604
0.54871 0.118443
0.54911 0.118283
0.54951 0.118123
0.54991 0.117963
0.55031 0.117803
0.55071 0.117644
0.55111 0.117485
0.55151 0.117326
0.55191 0.117167
0.55231 0.117009
0.552711 0.116851
0.553111 0.116693
0.553511 0.116536
0.553911 0.116379
0.554311 0.116222
0.554711 0.116065
0.555111 0.115909
0.555511 0.115753
0.555911 0.115597
0.556311 0.115441
0.556711 0.115286
0.557111 0.115131
0.557512 0.114976
0.557912 0.114822
0.558312 0.114667
0.558712 0.114514
0.559112 0.11436
0.559512 0.114206
0.559912 0.114053
0.560312 0.1139
0.560712 0.113748
0.561112 0.113595
0.561512 0.113443
0.561912 0.113292
0.562312 0.11314
0.562713 0.112989
0.563113 0.112838
0.563513 0.112687
0.563913 0.112536
0.564313 0.112386
0.564713 0.112236
0.565113 0.112086
0.565513 0.111937
0.565913 0.111788
0.566313 0.111639
0.566713 0.11149
0.567113 0.111342
0.567514 0.111194
0.567914 0.111046
0.568314 0.110898
0.568714 0.110751
0.569114 0.110604
0.569514 0.110457
0.569914 0.11031
0.570314 0.110164
0.570714 0.110018
0.571114 0.109872
0.571514 0.109726
0.571914 0.109581
0.572314 0.109436
0.572715 0.109291
0.573115 0.109147
0.573515 0.109002
0.573915 0.108858
0.574315 0.108714
0.574715 0.108571
0.575115 0.108428
0.575515 0.108285
0.575915 0.108142
0.576315 0.107999
0.576715 0.107857
0.577115 0.107715
0.577516 0.107573
0.577916 0.107432
0.578316 0.10729
0.578716 0.107149
0.579116 0.107009
0.579516 0.106868
0.579916 0.106728
0.580316 0.106588
0.580716 0.106448
0.581116 0.106309
0.581516 0.106169
0.581916 0.10603
0.582316 0.105892
0.582717 0.105753
0.583117 0.105615
0.583517 0.105477
0.583917 0.105339
0.584317 0.105201
0.584717 0.105064
0.585117 0.104927
0.585517 0.10479
0.585917 0.104654
0.586317 0.104517
0.586717 0.104381
0.587117 0.104245
0.587518 0.10411
0.587918 0.103975
0.588318 0.103839
0.588718 0.103705
0.589118 0.10357
0.589518 0.103436
0.589918 0.103301
0.590318 0.103168
0.590718 0.103034
0.591118 0.102901
0.591518 0.102767
0.591918 0.102634
0.592318 0.102502
0.592719 0.102369
0.593119 0.102237
0.593519 0.102105
0.593919 0.101973
0.594319 0.101842
0.594719 0.101711
0.595119 0.10158
0.595519 0.101449
0.595919 0.101318
0.596319 0.101188
0.596719 0.101058
0.597119 0.100928
0.59752 0.100798
0.59792 0.100669
0.59832 0.10054
0.59872 0.100411
0.59912 0.100282
0.59952 0.100154
0.59992 0.100026
0.60032 0.0998976
0.60072 0.0997699
0.60112 0.0996424
0.60152 0.0995151
0.60192 0.099388
0.60232 0.0992612
0.602721 0.0991346
0.603121 0.0990083
0.603521 0.0988822
0.603921 0.0987563
0.604321 0.0986306
0.604721 0.0985051
0.605121 0.0983799
0.605521 0.098255
0.605921 0.0981302
0.606321 0.0980057
0.606721 0.0978814
0.607121 0.0977573
0.607522 0.0976335
0.607922 0.0975098
0.608322 0.0973865
0.608722 0.0972633
0.609122 0.0971404
0.609522 0.0970176
0.609922 0.0968952
0.610322 0.0967729
0.610722 0.0966509
0.611122 0.0965291
0.611522 0.0964075
0.611922 0.0962861
0.612322 0.096165
0.612723 0.096044
0.613123 0.0959233
0.613523 0.0958029
0.613923 0.0956826
0.614323 0.0955626
0.614723 0.0954428
0.615123 0.0953232
0.615523 0.0952039
0.615923 0.0950847
0.616323 0.0949658
0.616723 0.0948471
0.617123 0.0947286
0.617524 0.0946103
0.617924 0.0944923
0.618324 0.0943745
0.618724 0.0942569
0.619124 0.0941395
0.619524 0.0940223
0.619924 0.0939054
0.620324 0.0937886
0.620724 0.0936721
0.621124 0.0935558
0.621524 0.0934398
0.621924 0.0933239
0.622324 0.0932082
0.622725 0.0930928
0.623125 0.0929776
0.623525 0.0928626
0.623925 0.0927478
0.624325 0.0926332
0.624725 0.0925189
0.625125 0.0924047
0.625525 0.0922908
0.625925 0.0921771
0.626325 0.0920636
0.626725 0.0919503
0.627125 0.0918372
0.627526 0.0917244
0.627926 0.0916117
0.628326 0.0914993
0.628726 0.091387
0.629126 0.091275
0.629526 0.0911632
0.629926 0.0910516
0.630326 0.0909402
0.630726 0.090829
0.631126 0.0907181
0.631526 0.0906073
0.631926 0.0904968
0.632326 0.0903864
0.632727 0.0902763
0.633127 0.0901664
0.633527 0.0900566
0.633927 0.0899471
0.634327 0.0898378
0.634727 0.0897287
0.635127 0.0896198
0.635527 0.0895112
0.635927 0.0894027
0.636327 0.0892944
0.636727 0.0891864
0.637127 0.0890785
0.637528 0.0889708
0.637928 0.0888634
0.638328 0.0887561
0.638728 0.0886491
0.639128 0.0885423
0.639528 0.0884356
0.639928 0.0883292
0.640328 0.0882229
0.640728 0.0881169
0.641128 0.0880111
0.641528 0.0879055
0.641928 0.0878
0.642328 0.0876948
0.642729 0.0875898
0.643129 0.087485
0.643529 0.0873804
0.643929 0.0872759
0.644329 0.0871717
0.644729 0.0870677
0.645129 0.0869639
0.645529 0.0868603
0.645929 0.0867568
0.646329 0.0866536
0.646729 0.0865506
0.647129 0.0864477
0.64753 0.0863451
0.64793 0.0862427
0.64833 0.0861404
0.64873 0.0860384
0.64913 0.0859365
0.64953 0.0858349
0.64993 0.0857334
0.65033 0.0856322
0.65073 0.0855311
0.65113 0.0854302
0.65153 0.0853296
0.65193 0.0852291
0.65233 0.0851288
0.652731 0.0850287
0.653131 0.0849288
0.653531 0.0848291
0.653931 0.0847296
0.654331 0.0846302
0.654731 0.0845311
0.655131 0.0844322
0.655531 0.0843334
0.655931 0.0842349
0.656331 0.0841365
0.656731 0.0840383
0.657131 0.0839403
0.657532 0.0838425
0.657932 0.0837449
0.658332 0.0836475
0.658732 0.0835503
0.659132 0.0834532
0.659532 0.0833564
0.659932 0.0832597
0.660332 0.0831632
0.660732 0.0830669
0.661132 0.0829708
0.661532 0.0828749
0.661932 0.0827792
0.662332 0.0826837
0.662733 0.0825883
0.663133 0.0824931
0.663533 0.0823981
0.663933 0.0823033
0.664333 0.0822087
0.664733 0.0821143
0.665133 0.0820201
0.665533 0.081926
0.665933 0.0818321
0.666333 0.0817384
0.666733 0.0816449
0.667133 0.0815516
0.667534 0.0814584
0.667934 0.0813655
0.668334 0.0812727
0.668734 0.0811801
0.669134 0.0810876
0.669534 0.0809954
0.669934 0.0809033
0.670334 0.0808115
0.670734 0.0807198
0.671134 0.0806282
0.671534 0.0805369
0.671934 0.0804457
0.672334 0.0803548
0.672735 0.080264
0.673135 0.0801733
0.673535 0.0800829
0.673935 0.0799926
0.674335 0.0799025
0.674735 0.0798126
0.675135 0.0797229
0.675535 0.0796333
0.675935 0.0795439
0.676335 0.0794547
0.676735 0.0793657
0.677135 0.0792768
0.677536 0.0791881
0.677936 0.0790996
0.678336 0.0790113
0.678736 0.0789231
0.679136 0.0788351
0.679536 0.0787473
0.679936 0.0786597
0.680336 0.0785722
0.680736 0.0784849
0.681136 0.0783978
0.681536 0.0783108
0.681936 0.0782241
0.682336 0.0781374
0.682737 0.078051
0.683137 0.0779647
0.683537 0.0778786
0.683937 0.0777927
0.684337 0.077707
0.684737 0.0776214
0.685137 0.077536
0.685537 0.0774507
0.685937 0.0773656
0.686337 0.0772807
0.686737 0.077196
0.687137 0.0771114
0.687538 0.077027
0.687938 0.0769427
0.688338 0.0768587
0.688738 0.0767748
0.689138 0.076691
0.689538 0.0766074
0.689938 0.076524
0.690338 0.0764408
0.690738 0.0763577
0.691138 0.0762748
0.691538 0.076192
0.691938 0.0761095
0.692338 0.076027
0.692739 0.0759448
0.693139 0.0758627
0.693539 0.0757808
0.693939 0.075699
0.694339 0.0756174
0.694739 0.0755359
0.695139 0.0754546
0.695539 0.0753735
0.695939 0.0752926
0.696339 0.0752118
0.696739 0.0751311
0.697139 0.0750506
0.69754 0.0749703
0.69794 0.0748902
0.69834 0.0748102
0.69874 0.0747303
0.69914 0.0746507
0.69954 0.0745711
0.69994 0.0744918
0.70034 0.0744126
0.70074 0.0743335
0.70114 0.0742546
0.70154 0.0741759
0.70194 0.0740973
0.70234 0.0740189
0.702741 0.0739406
0.703141 0.0738625
0.703541 0.0737846
0.703941 0.0737068
0.704341 0.0736291
0.704741 0.0735516
0.705141 0.0734743
0.705541 0.0733971
0.705941 0.0733201
0.706341 0.0732432
0.706741 0.0731665
0.707141 0.0730899
0.707542 0.0730135
0.707942 0.0729372
0.708342 0.0728611
0.708742 0.0727852
0.709142 0.0727094
0.709542 0.0726337
0.709942 0.0725582
0.710342 0.0724828
0.710742 0.0724076
0.711142 0.0723326
0.711542 0.0722577
0.711942 0.0721829
0.712342 0.0721083
0.712743 0.0720338
0.713143 0.0719595
0.713543 0.0718854
0.713943 0.0718114
0.714343 0.0717375
0.714743 0.0716638
0.715143 0.0715902
0.715543 0.0715168
0.715943 0.0714435
0.716343 0.0713704
0.716743 0.0712974
0.717143 0.0712245
0.717544 0.0711518
0.717944 0.0710793
0.718344 0.0710069
0.718744 0.0709346
0.719144 0.0708625
0.719544 0.0707905
0.719944 0.0707187
0.720344 0.070647
0.720744 0.0705754
0.721144 0.070504
0.721544 0.0704328
0.721944 0.0703616
0.722344 0.0702907
0.722745 0.0702198
0.723145 0.0701491
0.723545 0.0700786
0.723945 0.0700081
0.724345 0.0699379
0.724745 0.0698677
0.725145 0.0697977
0.725545 0.0697279
0.725945 0.0696582
0.726345 0.0695886
0.726745 0.0695191
0.727145 0.0694498
0.727546 0.0693807
0.727946 0.0693116
0.728346 0.0692427
0.728746 0.069174
0.729146 0.0691054
0.729546 0.0690369
0.729946 0.0689685
0.730346 0.0689003
0.730746 0.0688322
0.731146 0.0687643
0.731546 0.0686965
0.731946 0.0686288
0.732346 0.0685613
0.732747 0.0684939
0.733147 0.0684266
0.733547 0.0683595
0.733947 0.0682924
0.734347 0.0682256
0.734747 0.0681588
0.735147 0.0680922
0.735547 0.0680257
0.735947 0.0679594
0.736347 0.0678932
0.736747 0.0678271
0.737147 0.0677611
0.737548 0.0676953
0.737948 0.0676296
0.738348 0.0675641
0.738748 0.0674986
0.739148 0.0674333
0.739548 0.0673681
0.739948 0.0673031
0.740348 0.0672382
0.740748 0.0671734
0.741148 0.0671087
0.741548 0.0670442
0.741948 0.0669798
0.742348 0.0669155
0.742749 0.0668513
0.743149 0.0667873
0.743549 0.0667234
0.743949 0.0666596
0.744349 0.0665959
0.744749 0.0665324
0.745149 0.066469
0.745549 0.0664057
0.745949 0.0663426
0.746349 0.0662795
0.746749 0.0662166
0.747149 0.0661538
0.74755 0.0660912
0.74795 0.0660286
0.74835 0.0659662
0.74875 0.0659039
0.74915 0.0658417
0.74955 0.0657797
0.74995 0.0657177
0.75035 0.0656559
0.75075 0.0655942
0.75115 0.0655326
0.75155 0.0654712
0.75195 0.0654098
0.75235 0.0653486
0.752751 0.0652875
0.753151 0.0652265
0.753551 0.0651657
0.753951 0.0651049
0.754351 0.0650443
0.754751 0.0649838
0.755151 0.0649234
0.755551 0.0648631
0.755951 0.064803
0.756351 0.0647429
0.756751 0.064683
0.757151 0.0646232
0.757552 0.0645635
0.757952 0.0645039
0.758352 0.0644445
0.758752 0.0643851
0.759152 0.0643259
0.759552 0.0642667
0.759952 0.0642077
0.760352 0.0641488
0.760752 0.0640901
0.761152 0.0640314
0.761552 0.0639728
0.761952 0.0639144
0.762352 0.063856
0.762753 0.0637978
0.763153 0.0637397
0.763553 0.0636817
0.763953 0.0636238
0.764353 0.063566
0.764753 0.0635084
0.765153 0.0634508
0.765553 0.0633933
0.765953 0.063336
0.766353 0.0632788
0.766753 0.0632216
0.767153 0.0631646
0.767554 0.0631077
0.767954 0.0630509
0.768354 0.0629942
0.768754 0.0629376
0.769154 0.0628811
0.769554 0.0628247
0.769954 0.0627685
0.770354 0.0627123
0.770754 0.0626563
0.771154 0.0626003
0.771554 0.0625444
0.771954 0.0624887
0.772354 0.0624331
0.772755 0.0623775
0.773155 0.0623221
0.773555 0.0622668
0.773955 0.0622115
0.774355 0.0621564
0.774755 0.0621014
0.775155 0.0620465
0.775555 0.0619917
0.775955 0.0619369
0.776355 0.0618823
0.776755 0.0618278
0.777155 0.0617734
0.777556 0.0617191
0.777956 0.0616649
0.778356 0.0616107
0.778756 0.0615567
0.779156 0.0615028
0.779556 0.061449
0.779956 0.0613953
0.780356 0.0613417
0.780756 0.0612881
0.781156 0.0612347
0.781556 0.0611814
0.781956 0.0611282
0.782356 0.061075
0.782757 0.061022
0.783157 0.0609691
0.783557 0.0609162
0.783957 0.0608635
0.784357 0.0608108
0.784757 0.0607583
0.785157 0.0607058
0.785557 0.0606534
0.785957 0.0606011
0.786357 0.060549
0.786757 0.0604969
0.787157 0.0604449
0.787558 0.060393
0.787958 0.0603412
0.788358 0.0602894
0.788758 0.0602378
0.789158 0.0601863
0.789558 0.0601348
0.789958 0.0600835
0.790358 0.0600322
0.790758 0.0599811
0.791158 0.05993
0.791558 0.059879
0.791958 0.0598281
0.792358 0.0597773
0.792759 0.0597266
0.793159 0.0596759
0.793559 0.0596254
0.793959 0.0595749
0.794359 0.0595246
0.794759 0.0594743
0.795159 0.0594241
0.795559 0.059374
0.795959 0.059324
0.796359 0.059274
0.796759 0.0592242
0.797159 0.0591744
0.79756 0.0591247
0.79796 0.0590751
0.79836 0.0590256
0.79876 0.0589762
0.79916 0.0589269
0.79956 0.0588776
0.79996 0.0588284
0.80036 0.0587794
0.80076 0.0587303
0.80116 0.0586814
0.80156 0.0586326
0.80196 0.0585838
0.80236 0.0585352
0.802761 0.0584866
0.803161 0.058438
0.803561 0.0583896
0.803961 0.0583413
0.804361 0.058293
0.804761 0.0582448
0.805161 0.0581967
0.805561 0.0581487
0.805961 0.0581007
0.806361 0.0580528
0.806761 0.058005
0.807161 0.0579573
0.807562 0.0579097
0.807962 0.0578621
0.808362 0.0578146
0.808762 0.0577672
0.809162 0.0577199
0.809562 0.0576726
0.809962 0.0576255
0.810362 0.0575784
0.810762 0.0575313
0.811162 0.0574844
0.811562 0.0574375
0.811962 0.0573907
0.812362 0.057344
0.812763 0.0572973
0.813163 0.0572507
0.813563 0.0572042
0.813963 0.0571578
0.814363 0.0571115
0.814763 0.0570652
0.815163 0.0570189
0.815563 0.0569728
0.815963 0.0569267
0.816363 0.0568807
0.816763 0.0568348
0.817163 0.0567889
0.817564 0.0567432
0.817964 0.0566974
0.818364 0.0566518
0.818764 0.0566062
0.819164 0.0565607
0.819564 0.0565153
0.819964 0.0564699
0.820364 0.0564246
0.820764 0.0563794
0.821164 0.0563342
0.821564 0.0562891
0.821964 0.0562441
0.822364 0.0561991
0.822765 0.0561542
0.823165 0.0561094
0.823565 0.0560646
0.823965 0.0560199
0.824365 0.0559753
0.824765 0.0559307
0.825165 0.0558862
0.825565 0.0558418
0.825965 0.0557974
0.826365 0.0557531
0.826765 0.0557088
0.827165 0.0556646
0.827566 0.0556205
0.827966 0.0555765
0.828366 0.0555325
0.828766 0.0554885
0.829166 0.0554446
0.829566 0.0554008
0.829966 0.0553571
0.830366 0.0553134
0.830766 0.0552698
0.831166 0.0552262
0.831566 0.0551827
0.831966 0.0551392
0.832366 0.0550959
0.832767 0.0550525
0.833167 0.0550093
0.833567 0.054966
0.833967 0.0549229
0.834367 0.0548798
0.834767 0.0548368
0.835167 0.0547938
0.835567 0.0547508
0.835967 0.054708
0.836367 0.0546652
0.836767 0.0546224
0.837167 0.0545797
0.837568 0.0545371
0.837968 0.0544945
0.838368 0.0544519
0.838768 0.0544095
0.839168 0.054367
0.839568 0.0543247
0.839968 0.0542824
0.840368 0.0542401
0.840768 0.0541979
0.841168 0.0541557
0.841568 0.0541136
0.841968 0.0540716
0.842368 0.0540296
0.842769 0.0539876
0.843169 0.0539457
0.843569 0.0539039
0.843969 0.0538621
0.844369 0.0538203
0.844769 0.0537786
0.845169 0.053737
0.845569 0.0536954
0.845969 0.0536539
0.846369 0.0536124
0.846769 0.0535709
0.847169 0.0535295
0.84757 0.0534882
0.84797 0.0534469
0.84837 0.0534056
0.84877 0.0533644
0.84917 0.0533232
0.84957 0.0532821
0.84997 0.0532411
0.85037 0.0532
0.85077 0.0531591
0.85117 0.0531181
0.85157 0.0530772
0.85197 0.0530364
0.85237 0.0529956
0.852771 0.0529548
0.853171 0.0529141
0.853571 0.0528735
0.853971 0.0528328
0.854371 0.0527923
0.854771 0.0527517
0.855171 0.0527112
0.855571 0.0526708
0.855971 0.0526304
0.856371 0.05259
0.856771 0.0525497
0.857171 0.0525094
0.857572 0.0524691
0.857972 0.0524289
0.858372 0.0523888
0.858772 0.0523487
0.859172 0.0523086
0.859572 0.0522685
0.859972 0.0522285
0.860372 0.0521885
0.860772 0.0521486
0.861172 0.0521087
0.861572 0.0520689
0.861972 0.052029
0.862372 0.0519893
0.862773 0.0519495
0.863173 0.0519098
0.863573 0.0518701
0.863973 0.0518305
0.864373 0.0517909
0.864773 0.0517513
0.865173 0.0517118
0.865573 0.0516723
0.865973 0.0516329
0.866373 0.0515934
0.866773 0.051554
0.867173 0.0515147
0.867574 0.0514753
0.867974 0.0514361
0.868374 0.0513968
0.868774 0.0513576
0.869174 0.0513184
0.869574 0.0512792
0.869974 0.0512401
0.870374 0.051201
0.870774 0.0511619
0.871174 0.0511229
0.871574 0.0510838
0.871974 0.0510449
0.872374 0.0510059
0.872775 0.050967
0.873175 0.0509281
0.873575 0.0508892
0.873975 0.0508504
0.874375 0.0508116
0.874775 0.0507728
0.875175 0.0507341
0.875575 0.0506953
0.875975 0.0506566
0.876375 0.050618
0.876775 0.0505793
0.877175 0.0505407
0.877576 0.0505021
0.877976 0.0504635
0.878376 0.050425
0.878776 0.0503865
0.879176 0.050348
0.879576 0.0503095
0.879976 0.0502711
0.880376 0.0502326
0.880776 0.0501942
0.881176 0.0501559
0.881576 0.0501175
0.881976 0.0500792
0.882376 0.0500409
0.882777 0.0500026
0.883177 0.0499643
0.883577 0.0499261
0.883977 0.0498878
0.884377 0.0498496
0.884777 0.0498115
0.885177 0.0497733
0.885577 0.0497352
0.885977 0.049697
0.886377 0.0496589
0.886777 0.0496209
0.887177 0.0495828
0.887578 0.0495447
0.887978 0.0495067
0.888378 0.0494687
0.888778 0.0494307
0.889178 0.0493927
0.889578 0.0493548
0.889978 0.0493168
0.890378 0.0492789
0.890778 0.049241
0.891178 0.0492031
0.891578 0.0491652
0.891978 0.0491273
0.892378 0.0490895
0.892779 0.0490516
0.893179 0.0490138
0.893579 0.048976
0.893979 0.0489382
0.894379 0.0489004
0.894779 0.0488627
0.895179 0.0488249
0.895579 0.0487872
0.895979 0.0487494
0.896379 0.0487117
0.896779 0.048674
0.897179 0.0486363
0.89758 0.0485986
0.89798 0.0485609
0.89838 0.0485233
0.89878 0.0484856
0.89918 0.048448
0.89958 0.0484103
0.89998 0.0483727
0.90038 0.0483351
0.90078 0.0482975
0.90118 0.0482599
0.90158 0.0482223
0.90198 0.0481847
0.90238 0.0481471
0.902781 0.0481095
0.903181 0.0480719
0.903581 0.0480344
0.903981 0.0479968
0.904381 0.0479593
0.904781 0.0479217
0.905181 0.0478842
0.905581 0.0478467
0.905981 0.0478091
0.906381 0.0477716
0.906781 0.0477341
0.907181 0.0476966
0.907582 0.047659
0.907982 0.0476215
0.908382 0.047584
0.908782 0.0475465
0.909182 0.047509
0.909582 0.0474715
0.909982 0.047434
0.910382 0.0473965
0.910782 0.047359
0.911182 0.0473215
0.911582 0.047284
0.911982 0.0472465
0.912382 0.047209
0.912783 0.0471715
0.913183 0.047134
0.913583 0.0470965
0.913983 0.047059
0.914383 0.0470215
0.914783 0.046984
0.915183 0.0469465
0.915583 0.046909
0.915983 0.0468715
0.916383 0.046834
0.916783 0.0467964
0.917183 0.0467589
0.917584 0.0467214
0.917984 0.0466838
0.918384 0.0466463
0.918784 0.0466088
0.919184 0.0465712
0.919584 0.0465337
0.919984 0.0464961
0.920384 0.0464585
0.920784 0.046421
0.921184 0.0463834
0.921584 0.0463458
0.921984 0.0463082
0.922384 0.0462706
0.922785 0.046233
0.923185 0.0461954
0.923585 0.0461578
0.923985 0.0461201
0.924385 0.0460825
0.924785 0.0460448
0.925185 0.0460072
0.925585 0.0459695
0.925985 0.0459318
0.926385 0.0458941
0.926785 0.0458564
0.927185 0.0458187
0.927586 0.045781
0.927986 0.0457432
0.928386 0.0457055
0.928786 0.0456677
0.929186 0.0456299
0.929586 0.0455921
0.929986 0.0455543
0.930386 0.0455165
0.930786 0.0454787
0.931186 0.0454408
0.931586 0.045403
0.931986 0.0453651
0.932386 0.0453272
0.932787 0.0452893
0.933187 0.0452514
0.933587 0.0452134
0.933987 0.0451755
0.934387 0.0451375
0.934787 0.0450995
0.935187 0.0450615
0.935587 0.0450235
0.935987 0.0449855
0.936387 0.0449474
0.936787 0.0449093
0.937187 0.0448712
0.937588 0.0448331
0.937988 0.044795
0.938388 0.0447568
0.938788 0.0447186
0.939188 0.0446805
0.939588 0.0446422
0.939988 0.044604
0.940388 0.0445657
0.940788 0.0445275
0.941188 0.0444892
0.941588 0.0444508
0.941988 0.0444125
0.942388 0.0443741
0.942789 0.0443357
0.943189 0.0442973
0.943589 0.0442589
0.943989 0.0442204
0.944389 0.044182
0.944789 0.0441434
0.945189 0.0441049
0.945589 0.0440664
0.945989 0.0440278
0.946389 0.0439892
0.946789 0.0439505
0.947189 0.0439119
0.94759 0.0438732
0.94799 0.0438345
0.94839 0.0437957
0.94879 0.0437569
0.94919 0.0437182
0.94959 0.0436793
0.94999 0.0436405
0.95039 0.0436016
0.95079 0.0435627
0.95119 0.0435237
0.95159 0.0434848
0.95199 0.0434458
0.95239 0.0434067
0.952791 0.0433677
0.953191 0.0433286
0.953591 0.0432895
0.953991 0.0432503
0.954391 0.0432111
0.954791 0.0431719
0.955191 0.0431327
0.955591 0.0430934
0.955991 0.0430541
0.956391 0.0430147
0.956791 0.0429754
0.957191 0.0429359
0.957592 0.0428965
0.957992 0.042857
0.958392 0.0428175
0.958792 0.0427779
0.959192 0.0427384
0.959592 0.0426987
0.959992 0.0426591
0.960392 0.0426194
0.960792 0.0425797
0.961192 0.0425399
0.961592 0.0425001
0.961992 0.0424602
0.962392 0.0424204
0.962793 0.0423804
0.963193 0.0423405
0.963593 0.0423005
0.963993 0.0422605
0.964393 0.0422204
0.964793 0.0421803
0.965193 0.0421401
0.965593 0.0421
0.965993 0.0420597
0.966393 0.0420195
0.966793 0.0419791
0.967193 0.0419388
0.967594 0.0418984
0.967994 0.041858
0.968394 0.0418175
0.968794 0.041777
0.969194 0.0417364
0.969594 0.0416958
0.969994 0.0416551
0.970394 0.0416145
0.970794 0.0415737
0.971194 0.0415329
0.971594 0.0414921
0.971994 0.0414512
0.972394 0.0414103
0.972795 0.0413694
0.973195 0.0413284
0.973595 0.0412873
0.973995 0.0412462
0.974395 0.0412051
0.974795 0.0411639
0.975195 0.0411227
0.975595 0.0410814
0.975995 0.04104
0.976395 0.0409987
0.976795 0.0409572
0.977195 0.0409157
0.977596 0.0408742
0.977996 0.0408326
0.978396 0.040791
0.978796 0.0407493
0.979196 0.0407076
0.979596 0.0406658
0.979996 0.040624
0.980396 0.0405821
0.980796 0.0405402
0.981196 0.0404982
0.981596 0.0404562
0.981996 0.0404141
0.982396 0.040372
0.982797 0.0403298
0.983197 0.0402876
0.983597 0.0402453
0.983997 0.0402029
0.984397 0.0401605
0.984797 0.0401181
0.985197 0.0400755
0.985597 0.040033
0.985997 0.0399904
0.986397 0.0399477
0.986797 0.0399049
0.987197 0.0398622
0.987598 0.0398193
0.987998 0.0397764
0.988398 0.0397335
0.988798 0.0396904
0.989198 0.0396474
0.989598 0.0396042
0.989998 0.039561
0.990398 0.0395178
0.990798 0.0394745
0.991198 0.0394311
0.991598 0.0393877
0.991998 0.0393442
0.992398 0.0393007
0.992799 0.0392571
0.993199 0.0392134
0.993599 0.0391697
0.993999 0.0391259
0.994399 0.039082
0.994799 0.0390381
0.995199 0.0389942
0.995599 0.0389501
0.995999 0.038906
0.996399 0.0388619
0.996799 0.0388176
0.997199 0.0387733
0.9976 0.038729
0.998 0.0386846
0.9984 0.0386401
0.9988 0.0385956
0.9992 0.038551
0.9996 0.0385063
